[9.75],3
5,190,0
[9.846153846153847],6
2,252,2
[9.75],3
6,193,0
[9.894736842105264],4
4,188,0
[9.967741935483872],2
0,307,1
[9.694736842105264],9
6,188,0
[9.75],9
5,190,0
[9.75],7
5,190,0
[9.7],9
6,194,0
[9.739473684210527],3
6,185,0
[9.75],7
5,190,0
[9.884615384615385],3
2,249,1
[9.797368421052632],3
5,192,0
[9.8],3
5,190,0
[9.7],9
6,190,0
[9.846153846153847],3
2,251,2
[9.75],3
6,194,0
[9.752380952380953],9
5,196,0
[9.739473684210527],3
6,186,0
[9.96551724137931],2
0,280,1
[9.8],3
5,194,0
[9.92],3
1,244,1
[9.88888888888889],3
1,264,2
[9.96551724137931],2
0,288,1
[9.75],3
6,191,0
[9.736842105263158],5
5,182,0
[9.846153846153847],3
2,256,2
[9.75],3
5,192,0
[9.75],3
6,194,0
[9.73391812865497],3
6,180,0
[9.75],7
5,194,0
[9.851851851851851],4
2,262,2
[10.0],2
0,313,0
[9.966666666666667],2
0,292,1
[9.75],7
5,193,0
[9.68421052631579],9
6,183,0
[9.75],3
6,191,0
[9.797368421052632],3
6,189,0
[9.846153846153847],3
2,249,2
[9.75],5
5,194,0
[9.742105263157894],7
5,187,0
[9.75],5
5,190,0
[9.966666666666667],2
0,290,1
[9.846153846153847],3
2,253,2
[9.75],3
6,194,0
[8.987179487179487],9
5,112,10
[9.851851851851851],3
2,258,2
[9.68421052631579],7
6,182,0
[9.75],7
5,194,0
[9.9375],4
1,318,1
[9.7],3
6,192,0
[9.789473684210527],3
5,183,0
[9.757142857142856],3
5,198,0
[9.8],3
4,193,0
[9.8],3
6,191,0
[9.692105263157895],5
6,187,0
[9.884615384615385],2
2,252,1
[9.96551724137931],2
0,286,1
[9.88888888888889],3
1,259,2
[9.85],3
6,191,0
[9.789473684210526],3
4,186,0
[9.736842105263158],3
5,184,0
[9.75],7
5,191,0
[9.96551724137931],2
0,288,1
[9.75],9
5,194,0
[9.92],2
0,245,2
[9.761904761904763],3
6,200,0
[9.857142857142858],3
2,268,2
[9.92],2
1,239,1
[9.74736842105263],3
6,191,0
[9.794736842105262],3
5,187,0
[9.75],3
6,191,0
[9.851851851851851],3
2,262,2
[9.744736842105263],3
5,188,0
[9.7],9
6,191,0
[9.0989010989011],5
4,119,9
[9.75],3
6,193,0
[9.75],7
5,192,0
[10.0],2
0,288,0
[9.84],3
2,246,2
[9.75],3
5,191,0
[9.75],3
5,193,0
[9.744736842105262],3
6,188,0
[9.785714285714285],8
3,268,3
[9.75],3
6,193,0
[9.75],3
6,192,0
[9.066666666666666],4
6,134,10
[9.88888888888889],3
1,262,2
[9.75],3
5,191,0
[9.851851851851851],3
2,258,2
[9.74736842105263],9
5,189,0
[9.887464387464387],3
2,258,1
[9.75],7
5,193,0
[9.74736842105263],3
6,189,0
[9.797368421052632],3
5,190,0
[9.697368421052632],9
6,189,0
[9.736842105263158],3
6,184,0
[9.75],7
5,190,0
[9.7],9
6,193,0
[9.242857142857144],5
5,130,9
