[9.851851851851851],3
2,264,2
[9.966666666666667],2
0,290,1
[9.225000000000001],5
4,139,10
[9.966666666666667],2
0,294,1
[9.752380952380953],3
6,195,0
[9.120833333333334],6
6,143,10
[9.74074074074074],4
4,258,3
[9.066666666666666],5
6,134,10
[10.0],2
0,313,0
[9.851851851851851],3
2,265,2
[9.884615384615385],3
1,254,2
[9.166666666666668],7
4,140,11
[9.045833333333334],7
5,140,10
[9.114285714285716],5
5,131,10
[9.208791208791208],5
4,125,9
[9.233333333333334],5
6,141,10
[9.9375],4
1,312,1
[9.964285714285715],2
0,277,1
[9.88888888888889],3
1,259,2
[9.266666666666667],5
6,133,9
[9.814814814814813],3
2,263,3
[9.966666666666667],2
0,296,1
[9.694736842105264],7
6,188,0
[9.846153846153847],6
2,255,2
[9.846153846153847],3
2,255,2
[9.175],5
6,140,10
[9.095833333333333],5
6,138,10
[9.96875],2
0,311,1
[9.96551724137931],2
0,282,1
[9.10952380952381],4
5,129,10
[9.96875],2
0,313,1
[9.3375],5
4,137,10
[9.301282051282053],3
3,114,10
[9.179166666666667],7
6,142,10
[9.058333333333334],7
6,140,11
[9.966666666666667],2
0,298,1
[9.057142857142857],7
5,129,11
[9.851851851851851],6
2,264,2
[9.158333333333335],4
6,139,9
[9.96551724137931],2
0,288,1
[9.052380952380954],7
5,130,11
[9.966666666666667],2
0,292,1
[9.797368421052632],3
5,190,0
[9.96551724137931],2
0,289,1
[10.0],2
0,273,0
[9.744736842105263],3
6,188,0
[9.96551724137931],2
0,289,1
[9.846153846153847],3
2,250,2
[9.849002849002849],6
2,257,2
[9.875000000000002],2
1,237,2
[9.109523809523811],4
4,130,10
[9.851851851851851],6
2,258,2
[9.190476190476192],6
6,129,11
[9.0625],5
6,144,10
[10.0],2
0,307,0
[9.92],2
1,244,1
[9.794736842105262],4
5,189,0
[9.179166666666667],6
6,141,9
[9.183333333333334],6
6,141,9
[9.190476190476192],5
5,132,9
[9.966666666666667],2
0,291,1
[9.846153846153847],3
3,254,2
[9.967741935483872],2
0,304,1
[9.74736842105263],3
6,189,0
[9.96551724137931],2
0,285,1
[9.935483870967742],4
1,304,1
[9.123809523809525],4
5,133,9
[9.200000000000001],7
6,134,9
[8.947619047619048],5
5,127,10
[9.158333333333335],5
5,138,10
[9.96551724137931],2
0,280,1
[9.96551724137931],2
0,284,1
[9.166666666666668],7
5,139,10
[9.96875],2
0,319,1
[9.066666666666668],5
5,135,10
[9.75],3
6,190,0
[9.071428571428571],5
5,125,10
[9.96551724137931],2
0,287,1
[9.847368421052632],3
5,189,0
[9.967741935483872],2
0,305,1
[9.851851851851851],3
2,259,2
[9.075000000000001],8
5,136,10
[9.969696969696969],2
0,321,1
[9.966666666666667],2
0,299,1
[9.185714285714287],6
5,131,10
[9.846153846153847],3
2,248,2
[9.96551724137931],2
0,282,1
[9.96551724137931],2
0,285,1
[9.141666666666667],4
5,136,10
[9.108333333333334],7
5,141,10
[9.96551724137931],2
0,286,1
[9.2125],4
5,136,11
[9.966666666666667],2
0,296,1
[9.96551724137931],2
0,283,1
[10.0],2
0,298,0
[9.966666666666667],2
0,290,1
[9.323809523809524],3
4,133,8
[9.92],2
1,244,1
[9.846153846153847],3
2,248,2
[9.884615384615385],3
3,254,2
