[9.190476190476192],7
5,132,10
[9.75],3
5,192,0
[9.846153846153847],3
2,253,2
[9.846153846153847],4
2,255,2
[9.186813186813188],5
4,120,9
[9.96551724137931],2
0,282,1
[9.181318681318682],3
4,121,8
[9.967741935483872],2
0,301,1
[8.95054945054945],7
5,116,11
[9.166666666666668],6
5,140,9
[9.966666666666667],2
0,297,1
[9.742105263157896],3
6,186,0
[9.851851851851851],6
2,259,2
[9.96875],2
0,311,1
[9.967741935483872],2
0,300,1
[9.75],3
5,190,0
[8.957142857142857],8
5,127,11
[9.108333333333334],8
6,140,9
[10.0],2
0,282,0
[9.850000000000001],3
5,193,0
[9.966666666666667],2
0,296,1
[9.804761904761904],4
5,196,0
[9.158333333333335],7
5,138,10
[9.752380952380953],9
5,196,0
[9.967741935483872],2
0,302,1
[9.966666666666667],2
0,291,1
[9.8],3
5,192,0
[9.73076923076923],8
4,250,3
[9.846153846153847],6
2,255,2
[9.96875],2
0,311,1
[9.916666666666668],2
1,234,1
[9.744736842105263],3
6,188,0
[9.8],3
5,192,0
[9.794736842105262],3
5,188,0
[9.96551724137931],2
0,287,1
[9.846153846153847],3
2,253,2
[9.96],2
1,243,0
[9.200000000000001],6
5,135,9
[9.75],7
5,195,0
[9.000000000000002],9
6,135,9
[9.9375],4
1,318,1
[9.88888888888889],3
2,261,1
[9.154166666666667],5
5,137,10
[8.991666666666667],5
6,141,10
[9.88888888888889],3
1,265,2
[9.884615384615385],3
2,255,2
[9.747368421052633],3
6,193,0
[9.967741935483872],2
0,302,1
[9.225000000000001],3
6,139,9
[9.752380952380953],4
6,195,0
[9.96551724137931],2
0,288,1
[9.967741935483872],2
0,301,1
[9.966666666666667],2
0,292,1
[9.846153846153847],3
2,253,2
[9.252380952380953],7
3,133,10
[9.93939393939394],4
1,320,1
[9.045833333333334],5
6,141,10
[9.75],7
5,193,0
[9.697368421052632],3
6,188,0
[9.851851851851851],3
2,265,2
[9.851851851851851],6
2,258,2
[9.96875],2
0,316,1
[9.846153846153847],6
2,248,2
[9.137500000000001],7
5,136,10
[9.884615384615385],3
2,255,1
[9.75],3
6,194,0
[9.84],6
2,246,2
[9.742105263157894],5
5,187,0
[9.744736842105263],3
6,189,0
[9.88888888888889],2
2,260,2
[9.179166666666667],6
5,143,10
[9.229166666666668],5
4,139,10
[9.75],3
5,191,0
[9.96],2
1,247,0
[9.846153846153847],3
2,250,2
[9.772079772079772],5
3,255,3
[9.93939393939394],4
1,325,1
[9.846153846153847],3
2,254,2
[9.261904761904763],6
6,133,10
[9.797368421052633],4
5,194,0
[9.96551724137931],2
0,289,1
[9.846153846153847],6
2,252,2
[9.879999999999999],3
1,240,2
[9.792105263157895],5
4,187,0
[9.967741935483872],2
0,301,1
[9.966666666666667],2
0,299,1
[9.75],7
5,194,0
[9.008333333333335],8
6,136,9
[9.846153846153847],3
3,253,1
[9.68421052631579],7
6,183,0
[9.88888888888889],3
1,259,2
[9.797368421052632],3
5,188,0
[9.846153846153847],3
2,256,2
[9.88888888888889],3
2,264,1
[9.846153846153847],3
2,256,2
[9.884615384615385],3
1,257,2
[9.967741935483872],2
0,302,1
[9.93939393939394],4
1,319,1
[9.967741935483872],2
0,303,1
[9.966666666666667],2
0,293,1
