[9.96551724137931],2
0,289,1
[9.241666666666667],5
5,141,10
[9.966666666666667],2
0,290,1
[9.033333333333335],8
6,138,10
[9.76923076923077],3
3,252,3
[9.88888888888889],2
1,261,2
[9.967741935483872],2
0,306,1
[9.884615384615385],4
2,250,1
[9.884615384615385],3
2,252,1
[9.96551724137931],2
0,285,1
[9.133333333333335],10
6,134,10
[9.967741935483872],2
0,300,1
[9.96551724137931],2
0,284,1
[9.84],4
2,243,2
[9.777777777777779],3
3,259,3
[9.966666666666667],2
0,292,1
[9.96],2
1,242,0
[9.851851851851851],4
2,262,2
[9.205882352941176],4
6,148,10
[9.857142857142858],3
2,269,2
[9.137362637362639],5
5,122,9
[9.05],6
6,139,11
[9.96551724137931],2
0,285,1
[9.204166666666667],5
5,136,10
[8.938095238095238],4
5,126,10
[9.851851851851851],3
2,261,2
[10.0],2
0,289,0
[9.26923076923077],4
4,122,8
[9.245833333333334],8
5,144,9
[9.884615384615385],4
2,255,1
[8.945833333333335],8
6,134,11
[9.96551724137931],2
0,288,1
[9.739316239316238],4
4,256,3
[9.884615384615385],4
1,253,2
[9.884615384615385],3
2,254,1
[9.233333333333334],5
5,140,10
[9.9375],4
1,312,1
[9.96551724137931],2
0,287,1
[9.966666666666667],2
0,292,1
[9.851851851851851],4
2,258,2
[9.92],2
1,240,1
[9.123809523809525],7
5,132,11
[9.851851851851851],4
2,258,2
[9.8],5
4,192,0
[9.120833333333334],5
6,142,11
[9.96875],2
0,319,1
[9.066666666666668],6
5,135,9
[9.108333333333334],6
5,141,9
[9.96551724137931],2
0,285,1
[9.071428571428571],4
5,125,9
[9.851851851851851],4
2,265,2
[9.123809523809525],5
5,133,10
[9.923076923076923],2
1,256,1
[9.96551724137931],2
0,285,1
[9.719999999999999],3
4,243,3
[8.994505494505496],3
5,123,11
[9.966666666666667],2
0,293,1
[9.846153846153847],6
2,255,2
[9.96551724137931],2
0,287,1
[9.96551724137931],2
0,287,1
[9.108333333333334],4
6,140,10
[9.192307692307693],5
4,121,10
[9.12857142857143],5
5,132,10
[9.88888888888889],3
1,262,2
[8.929166666666667],3
6,140,11
[9.057142857142859],5
6,131,10
[9.966666666666667],2
0,296,1
[9.96551724137931],2
0,286,1
[9.93939393939394],4
1,320,1
[10.0],2
0,286,0
[9.851851851851851],6
2,265,2
[9.851851851851851],3
2,261,2
[9.96551724137931],2
0,283,1
[8.85164835164835],7
6,121,12
[9.966666666666667],2
0,298,1
[9.96875],2
0,310,1
[9.916666666666668],2
1,232,1
[9.054166666666667],10
6,142,9
[9.851851851851851],3
2,265,2
[9.185714285714287],4
6,130,9
[9.341666666666667],5
5,136,10
[9.966666666666667],2
0,294,1
[9.080952380952382],6
5,126,10
[9.197802197802199],4
5,121,9
[9.846153846153847],3
2,249,2
[9.200000000000001],5
5,135,10
[9.88888888888889],3
2,265,1
[9.75],3
6,192,0
[9.966666666666667],2
0,295,1
[10.0],2
0,293,0
[9.116666666666667],4
6,141,10
[9.966666666666667],2
0,293,1
[9.052380952380952],5
5,130,10
[9.166666666666668],5
4,139,11
[8.990476190476192],6
6,130,11
[9.033333333333335],5
6,138,10
[9.774928774928775],8
3,256,3
[9.065934065934066],8
6,122,10
[9.180952380952382],4
5,131,9
[9.757142857142856],5
5,198,0
