0,0
0.9427899347677267,0.18068641296872573,0.3095349615255939,0.3700184122343574,0.2961412485222009,0.16218819703215911,0.44288496067572014,0.43735078937235267,0.7821988253651917,0.8049039014163302,0.4084157608840608
0.9037277889334115,0.843297854287077,0.09222362337116452,0.18895060986246298,0.1203301921250638,0.41093365610582316,0.1005814507673245,0.0491533623609095,0.9355041928390335,0.7968605912357777,0.4941091989347737
0.9743376449729091,0.11884248245970352,0.4733178370442868,0.5550137404522149,0.47395501126844414,0.06772962801706196,0.6814070909393553,0.6736412278231483,0.6544021276465458,0.8349668368001729,0.27771137434691195
0.9874048800554911,0.07314160400550235,0.6447710570944035,0.7404927368894479,0.681501129776992,0.03756267110135543,0.8007178566850403,0.7952765126870525,0.5805935435031784,0.8239537803154113,0.24645381293627822
0,1
0.9038362225967582,0.8485919862632929,0.09200299575601234,0.18907891903704782,0.12022213545056204,0.408814214857687,0.100145302209726,0.048520256680395,0.935802528281217,0.7969269199609681,0.4929115658551865
0.9742211035380866,0.12255132812937619,0.4757940573770492,0.5539147295723206,0.46778178418803423,0.06853978012925309,0.6812993726765799,0.6757665094339621,0.6559867248409951,0.833371511128024,0.2793009368264474
0.9872483592610812,0.07445663228099972,0.6503408258689649,0.7443901945541275,0.6861691191588097,0.03727167885584956,0.7995120019417723,0.7951111975620826,0.5805099504066057,0.8235144933538131,0.24609237887178853
0.9424073444548339,0.1797909718837282,0.3070407734342161,0.36830335672707865,0.30084374315143547,0.16337721021868357,0.44075874559145933,0.4352685050798258,0.782467212209213,0.803913085064588,0.4034768863055849
0,2
0.9738687856340955,0.12185725652570722,0.4726542067997704,0.5540476314476339,0.47081712062256814,0.068157593313452,0.6774478179740501,0.6678804786726378,0.6556322438285277,0.8334853069300256,0.28005572125870604
0.9033509355485334,0.845943551578406,0.09247878737952042,0.1886950089410584,0.12047416570029618,0.4126350435122379,0.09820477853953796,0.04763439840712996,0.9358634060742805,0.796571435336263,0.4949433919921312
0.9430133713922689,0.17938370692966765,0.310275366977392,0.3707351591554926,0.3024598253356423,0.16262519107980372,0.443666933935904,0.4378838327783944,0.7795354703227233,0.8039324830345221,0.4025231433243246
0.9875239714324784,0.07391163791750063,0.6466114585093798,0.7406059379717487,0.6838977491898455,0.03745408647490521,0.8004701133126382,0.7952797769564933,0.5805913839758496,0.8244244802534052,0.24493134204350617
0,3
0.9743503805713322,0.12087032508614412,0.4714602190012026,0.5540192338417296,0.4717354717354718,0.06840598571976932,0.6828522627779133,0.6779339986887155,0.655025365068453,0.8351013276468718,0.27461904935527126
0.9040633199249125,0.8421493557139097,0.0921789617486336,0.1889040230878128,0.12047424026590692,0.4105054190720683,0.09969408302354393,0.04917452830188679,0.9356238138592559,0.7968088040265074,0.4935516866960744
0.9874578646514653,0.07316458851860239,0.647502083912198,0.7413543057822058,0.6847071321647594,0.0375200239681487,0.8011467456366961,0.7955356571794053,0.5801664661329938,0.8246925239141571,0.24534071111913355
0.9431084397494963,0.1766977692033048,0.31686182669789226,0.3761371970735213,0.3105598105598106,0.15733068913308004,0.44315164389513834,0.44101935800048997,0.7789226827747575,0.8036534558088915,0.40319762097021283
0,4
0.9411545706045458,0.18639350249079625,0.2862812769628992,0.3482241437708917,0.28185849238480826,0.176805813450557,0.43304357548145456,0.43274223294084263,0.792063766309498,0.8037780290648852,0.41316945476397393
0.9874475344145368,0.07333346163749926,0.6397168405365127,0.7339804854602335,0.6770359270359269,0.03824493364508175,0.7997030850190703,0.7968512619456016,0.581408474065944,0.8266150575688261,0.24302273005883152
0.90317784362665,0.8473697380483007,0.09038414484952267,0.1882107923516645,0.11998412495924932,0.41394869933565026,0.09796741201057912,0.046803717262743016,0.9363112116887888,0.796697318791604,0.49603556622110767
0.9708270959348819,0.12608941748922073,0.46882704282628035,0.5464045075824052,0.46465248790830194,0.07095722216545762,0.6623584334745396,0.6555799327190288,0.6632537224888927,0.8298908509373729,0.28975312623777383
0,5
0.9874512207115366,0.07417690115185013,0.6520998667670741,0.7460426473445924,0.6876365356930727,0.03691892613010481,0.8021070053988728,0.7961464097606508,0.5785175105231354,0.8240684195523196,0.24533797850102657
0.9033789776846471,0.8406341214329545,0.09085685313503433,0.1881102792038712,0.12030428525273912,0.4153490612942268,0.09799563101214892,0.04923166699085757,0.9357573744971238,0.7964860257254573,0.495776774943222
0.9428895285606226,0.1810755120752498,0.30700072172388904,0.369304828112772,0.3016896916267986,0.1632993452359149,0.44254284445067926,0.43695265218939117,0.7815513841897606,0.8043125591679714,0.4023560669318812
0.9744690048745955,0.12214967278715952,0.47069051167411824,0.5530117932512993,0.47052792886126227,0.06845061166482437,0.6849442379182156,0.6789165237278445,0.6552902071598236,0.8350984604513545,0.2772791905240198
0,6
0.9433785966396544,0.18739467723526754,0.2799211142610626,0.34314240161766607,0.28080885975622827,0.1801831069448424,0.43634178382759875,0.432969215491559,0.7929415249243363,0.8047399963405946,0.40518466604996495
0.9032525577791561,0.8427466619211992,0.09266078184110937,0.18863405046649184,0.1203740229381256,0.4134753584687169,0.09966638070727296,0.047914852443154354,0.9355581158002195,0.7966504248825058,0.4967199363374159
0.970443988329308,0.12782041988052611,0.47361583668419427,0.5455362472720893,0.4596462936085578,0.07126815317199753,0.6540225853966473,0.6468494126023496,0.6653931914432396,0.8293447498183333,0.2937431201380371
0.9877076504641105,0.07176065990518848,0.6341218561435362,0.7302639779087013,0.6771810648032148,0.03865644414963815,0.8044149522298776,0.7997664556573043,0.5810486139978284,0.8275705488823034,0.24113853354495562
0,7
0.9869980439681376,0.075368842191645,0.6472261426555206,0.7391969175921326,0.6770155280089055,0.03757370569284704,0.7955882714985596,0.790965887792078,0.5810847258191204,0.8244931213884207,0.24600797350903358
0.9040774301048214,0.8510909167119147,0.09282891971416563,0.18944860400654318,0.12016947914383824,0.405762811998124,0.10029549137355825,0.04812772133526866,0.9358174720915822,0.7973583356392608,0.49203613701841786
0.9426474841077356,0.17516240274847797,0.31582513661202183,0.3755909874477338,0.30793922127255474,0.15865212356527364,0.4436431226765799,0.43849056603773573,0.7797223362057198,0.8039526824850617,0.40549848383053533
0.9742234720139616,0.12306242255417368,0.45952180392665065,0.5432898012113163,0.4620902446989404,0.07102049342699095,0.6861601304788633,0.681005294951152,0.6573250659707657,0.8366558756221073,0.27732374956620404
0,8
0.9405139210840076,0.18460127699894435,0.28763040238450077,0.3530281291738304,0.289605456272123,0.17483593728229468,0.415511997296384,0.41566609491137785,0.7931988379900796,0.8036217714409228,0.41440217467857643
0.9034089615952912,0.8458525195993769,0.09188524590163938,0.18854211605020255,0.11992877492877507,0.41227757484418104,0.09838289962825242,0.04716981132075504,0.9360530365203146,0.7968144635245712,0.49460209383843795
0.9871286361199426,0.07427984550720323,0.6398889645419789,0.7325823955994953,0.6708263928711213,0.03852105763301453,0.7961328788436643,0.7914159985532581,0.5829287829665414,0.8255761118968116,0.24423033687673262
0.9719470290532408,0.12660761971119344,0.4538219222115076,0.5371501497752322,0.4518853695324284,0.07340204192436145,0.6727604052773526,0.6647724750277468,0.6647557668943676,0.8335327389135669,0.29031572599125516
0,9
0.944569296961792,0.17881079704873742,0.3123908878007239,0.3734153776314841,0.30580530580530585,0.1614845063488672,0.44790711147588474,0.4438617985787797,0.7784856966996918,0.804617702791802,0.3956340300069104
0.9035179965055681,0.8494960350422794,0.0925929104797874,0.1888944421328972,0.12040393192225646,0.4105778340431292,0.09941805017614208,0.047673614541143994,0.9361649160950214,0.7967851054479078,0.4939425087153741
0.9745561530962187,0.11890616793597544,0.47131452251813033,0.55442822919967,0.4689416325104058,0.06790278850291886,0.6847473086331034,0.6805218489163217,0.6547003064588239,0.8347318719757855,0.2784635213308089
0.9873822856217755,0.07389267188506068,0.6461538461538461,0.7409657372121279,0.6867391867391872,0.03745705734951671,0.8024280552161592,0.7990500065971763,0.5793015458074975,0.8246684456505645,0.2469622622708016
1,0
0.987290046053685,0.07427439685855741,0.6489822862801188,0.7422816234176947,0.6849939769402857,0.03742483351768508,0.8016766048751278,0.7970748385462834,0.5803620360604018,0.8245638727884834,0.2460344559828107
0.9036070057940134,0.8496890187568034,0.0920891130727195,0.1889357190976702,0.12005259697567378,0.4095510659089895,0.0993041654751694,0.04754716981132079,0.9360576265479861,0.7970315067761681,0.49378305284560176
0.974563516455787,0.12103562471611046,0.4708043630796709,0.5523870090958277,0.46963095990333353,0.06863656983237114,0.68430416732964,0.6780118933998971,0.654912750734863,0.835107318439378,0.27624472520477283
0.9428013041863016,0.17993593851474077,0.3090273224043716,0.3709186880541346,0.30246913580246915,0.16090366472531586,0.442180916976456,0.43844025157232697,0.7809536999042562,0.804639319428816,0.40317139683137165
1,1
0.9032872858875205,0.8456138221750835,0.09135928961748635,0.18839849336893372,0.1204148860398861,0.41389686254725644,0.09845492565055736,0.048014937106917954,0.9361094904082916,0.796608420956348,0.4949213520050324
0.9742702488406761,0.12108329346098615,0.4715456674473068,0.553656549232879,0.46950888617555286,0.06848527403536599,0.6852982828819261,0.6782120395327941,0.6555510369241412,0.8349851321199184,0.2774269237162157
0.9427786714357241,0.18106903405976385,0.3057218402961396,0.37067710743998344,0.2985571179119566,0.1624218433273895,0.44408202422352794,0.44073037127206327,0.781814962870798,0.805168326532295,0.40675362446023483
0.9874051350179993,0.07355515328956605,0.6473067915690869,0.7407400434408418,0.6848681034727545,0.03754599208998846,0.801269621707073,0.7970538456716605,0.5799758567052532,0.8248714779659316,0.2443428015214354
1,2
0.9741614303212086,0.12211018534414333,0.4736894595773858,0.5556970173866761,0.4688613738043397,0.06757844172120922,0.6825448428908646,0.6759738862185236,0.6541948353254895,0.8346345321968471,0.279074053653269
0.9037552065096575,0.8379816221993057,0.09221935591245722,0.18845572492692664,0.12052583626187685,0.4140126314872259,0.10074915554884595,0.049918590173355204,0.9350898999977113,0.796712915270002,0.49488235298263256
0.9422459466528021,0.1821750569035685,0.31094658910629297,0.3690202540553814,0.30234353460159913,0.16406630586327484,0.4418755246432426,0.4367620206938526,0.7816862350589724,0.8031769834444843,0.4046540006711201
0.9875827911164663,0.07243502635783078,0.6431866551624966,0.7390255971472086,0.6868396061378518,0.03762196182189416,0.8039261723080935,0.7991923204237005,0.5795171659143772,0.826159223728922,0.242589500775615
1,3
0.9872023971618273,0.07516660969149291,0.6446300966792772,0.7379455851919053,0.6789210314851339,0.03777467264267345,0.7969569154513394,0.7908079342041606,0.5816225945098551,0.824231857659703,0.2439973281068173
0.9034345689986801,0.8451935937685464,0.09168558217738532,0.1885022201991014,0.12046168456424877,0.4127599929786503,0.0986369268897147,0.04834059022738246,0.9360350052081716,0.7966312720572842,0.49571610016823797
0.9422722977858696,0.18034780411543938,0.3118347181675275,0.369852086749468,0.30008195761620426,0.1640913792548404,0.4444925395936242,0.43587490307573,0.7824513352932273,0.8040922700000942,0.40670294881019686
0.9736795496069495,0.12173275649867496,0.4589367491869649,0.5428849334903483,0.4610655501343761,0.07085625234498874,0.6847372936200954,0.6813536017110992,0.657749165613129,0.8365573528749747,0.2793313118636458
1,4
0.9875002025235751,0.07376771427998383,0.6409128043134906,0.7374671186543778,0.682161077509915,0.03784174342057248,0.8032333362150947,0.7999749263461419,0.5799961351642813,0.8259227975286528,0.24385667835600078
0.9033384555208718,0.8442993413323632,0.09205419872867177,0.18868311384687014,0.11984708413279849,0.412601876604325,0.09830437751308696,0.0477859068155565,0.9360501997270005,0.7966142493033941,0.49536559218401766
0.942193730897615,0.18674057983295456,0.286600142551675,0.35025512858919927,0.28657252570296055,0.17458986928830464,0.4373147998491461,0.43412633305988513,0.7898985596450876,0.804982711938436,0.4028614247202287
0.972203211037575,0.12179549649681623,0.4742592019795855,0.5526520612992765,0.47190238133634366,0.06917011592196809,0.6631268850389282,0.6540975436098254,0.6611599089508464,0.8293996688769959,0.2879089552428107
1,5
0.9036565745383006,0.8443817430405893,0.0910802858343841,0.1884360401304322,0.12016947914383802,0.4127330079409368,0.0988085025259745,0.04843734881470724,0.9359663520722226,0.7967361578432159,0.49412388524025785
0.9732145830831884,0.12305943652252194,0.4769398907103825,0.5525494000307616,0.4692028378302889,0.06877094865738266,0.6750054668707632,0.6698779134295227,0.6565123464240047,0.8338555944756888,0.28057302268592565
0.9428609804631668,0.1771527133429188,0.31118304270648434,0.37252334144649774,0.30391783258025307,0.16054272891571358,0.4404612506807473,0.43742338661218594,0.7814273187509989,0.8038657868225848,0.4065771692567739
0.9873621605750261,0.07466033390103613,0.6447938230851005,0.7390252029510398,0.6817965247999378,0.03774444298367505,0.8007409569001613,0.7952991177796382,0.5815392603505978,0.8252080855001106,0.24404640996836913
1,6
0.943667833185857,0.1755672210582264,0.31745958959073717,0.3786882294824095,0.3115175422867731,0.15854153254531306,0.4353341825460785,0.432510885341074,0.7767747230201093,0.802847834464608,0.40395262107396523
0.9040335112075452,0.8487364693522412,0.09352459016393427,0.18967460639895345,0.12042735042735048,0.4062669868192501,0.09996282527881051,0.04883018867924488,0.935344942552321,0.7969861730318445,0.49383950654214714
0.9863839987824635,0.07616674801566936,0.650224496188786,0.7374053608275921,0.6690529333841436,0.0380132246792996,0.7863755830748466,0.7816127869246484,0.5853451238731988,0.823066000424387,0.24999069177290414
0.9740115344305451,0.12294297986206143,0.44467381771571207,0.5306424980853751,0.45127970642373944,0.07456393191438547,0.6923218137592363,0.6870875067940057,0.6612729254581736,0.8382062784411742,0.27792299749262805
1,7
0.9432502174020817,0.17660918678667176,0.31557905869910097,0.3747578839555684,0.3087400055141991,0.1610335632850687,0.44161170404125194,0.4386609860012173,0.7790759394813849,0.8029827301307694,0.4017903168876697
0.9032323929561431,0.8459960738879757,0.09149335290759325,0.18828860147092003,0.12057943898739909,0.41404267870822653,0.09824483530303846,0.04723552051065444,0.9359636470907696,0.7966136816399283,0.49606827791826746
0.9873371398029668,0.07385258263252031,0.6488265125604435,0.7428909539080271,0.6840886265346697,0.03732179781871846,0.8009280308095532,0.7960499524908373,0.5793981351644183,0.8240251572859433,0.24737335664703664
0.974500575987538,0.12176760247465832,0.47351164797239004,0.555058014773183,0.46943212732686423,0.06776126609565702,0.6842943790703525,0.6767910341892467,0.6541737113608828,0.8348233609167307,0.27564781725046755
1,8
0.9876229836499124,0.0728497390337649,0.6480292989187305,0.7430601185011451,0.6874482229092159,0.037196949274873936,0.7999024493131905,0.7944868192158436,0.5793990838637222,0.8240295935313962,0.24515881989782434
0.9039440456756616,0.8471430063588886,0.09245218579234976,0.18919791285109827,0.12019230769230776,0.4085258186880555,0.09911322800495631,0.04858490566037754,0.9356598789495307,0.7969809780952383,0.4924493528029752
0.9741833436790492,0.12162242488898789,0.4678388186710049,0.552332485167848,0.46843261347078147,0.06876205544510283,0.682908141547717,0.6770560276537518,0.6555433567112634,0.8347489038092362,0.2788344102495871
0.943022313503694,0.17935205362311013,0.3105557776889244,0.37044110923845264,0.30319296782711425,0.16321130942738873,0.4400670958382447,0.4356649792913023,0.7808049431027778,0.8032631507887447,0.405197108489592
1,9
0.903903040649519,0.8449616986488004,0.09251531710548089,0.18939183154250328,0.1211401766957323,0.4087389038025084,0.10191130637227241,0.04920907185058088,0.9353685086399516,0.7969725835690664,0.49211895698085284
0.9874369644516031,0.07309456915979295,0.6468584096610466,0.7419513629397108,0.684703592176902,0.03743486257280068,0.8001561073701202,0.7956758208554353,0.5796911347450431,0.8239088387759317,0.24771430309834142
0.9432458699664453,0.17921875164377715,0.3049844926894107,0.3668859584774526,0.29922229922229926,0.1637257020482217,0.4453682306842158,0.4390107088220295,0.7831655003382563,0.8048039295260857,0.40478030850509195
0.9745174996023259,0.11843346184489545,0.4741247823215037,0.5555098328802833,0.47289272930298576,0.06802171041723507,0.6825033702357124,0.6772409979957149,0.6543680980488552,0.8340041659703086,0.2784007258933861
2,0
0.9875371234450891,0.07349230159929579,0.6408676933267096,0.7352160446047799,0.677218529070381,0.03801313086589472,0.8034120636351121,0.7989200177879423,0.5803331495781248,0.8265298727376948,0.24405982612462984
0.9036206362937252,0.8498573652998445,0.09274240052722632,0.18915777383503946,0.11988718521381836,0.4085283498313066,0.10048383179839732,0.04757751019247192,0.9359644447102178,0.7970604779623313,0.49529389798956297
0.97274903196102,0.1250892432629299,0.4717151945192073,0.5501923208316251,0.4685121401539313,0.06943512487628278,0.6699356377961494,0.6615882849901435,0.6593126259347519,0.8318591530268077,0.2831358854645896
0.9430079886860308,0.18361453465190605,0.2832931533269045,0.3477176233318141,0.28295206971677567,0.17494263849404068,0.4381423573146731,0.4389567147613762,0.7906746331072463,0.8052285086384604,0.4021847576112106
2,1
0.903926326984094,0.8441850155941446,0.09199902128700777,0.18899519356760203,0.12083457357089195,0.4099074592298545,0.10029776766723952,0.04939453675021116,0.9354923168319283,0.7968532211731165,0.4932704405583594
0.9743147587670982,0.12217093391487799,0.46073570571771294,0.5450652625297969,0.4638431427049314,0.07070146976119808,0.6860700577265996,0.6788924681699646,0.6571689919299706,0.8363343421397171,0.2769405144424914
0.9871952931734933,0.07436057754114184,0.6499089253187614,0.7452042817408575,0.6800579393171986,0.03702568410854916,0.7949382298824675,0.7901658090337336,0.5809441701932487,0.8230240056572293,0.2462856899077687
0.9427658985635476,0.1794484578150774,0.31462799495586385,0.3738172578479677,0.30420410548615695,0.16169424773312582,0.4414974740253551,0.4344218674407353,0.7803102937617735,0.8030162263993852,0.40621362892278756
2,2
0.9450099633146158,0.17929649188345215,0.3162755812707596,0.37502129220943314,0.30791575889615114,0.15802299769401987,0.4513448502077411,0.4452830188679245,0.776725106675144,0.8043488346880469,0.39417052685858145
0.9743758249496102,0.11968741739069857,0.47132068520906245,0.5533395164442022,0.4701815038893691,0.0683911414247058,0.6802138590702143,0.6746661013355946,0.6557373144054155,0.8349329161821891,0.27777762101831577
0.9036535032023515,0.8452913501773691,0.0930370119993239,0.18933579968681286,0.12102387875583764,0.4094215159179174,0.09845552447016431,0.049037152304999165,0.9354969457123665,0.7966809996437537,0.49444624523627784
0.9875366309671133,0.07320123912004164,0.6463716611257594,0.7403165439233651,0.6861414938338015,0.03762403173611925,0.8030909610835261,0.7987465364823854,0.5798067597154606,0.8248441829995841,0.2447177510029293
2,3
0.9037002905297071,0.8463642947979784,0.09270043226490488,0.18895856721945836,0.12025343368626928,0.4100623758697063,0.09913258983891005,0.04764854970430832,0.9359207756866088,0.796943149301521,0.4938403854226875
0.9875197883365013,0.07279930450756988,0.6467978898406034,0.7401613057999411,0.6858900422914265,0.03756541142953915,0.8036042757360979,0.7992165567669908,0.5794612469526196,0.8250012457695516,0.24435314579046857
0.9739077980410792,0.12077953475714151,0.4743085005380088,0.5530450408406191,0.4706024706024707,0.06875748816588709,0.6778430049805514,0.6714649959932978,0.6557179138221424,0.833226487541396,0.2795495919559165
0.9435158972186733,0.1774152081054098,0.3073933340571056,0.3702942056211295,0.30022075055187636,0.16216597297266205,0.444176370663975,0.4400599775084343,0.7814178897624127,0.8051796853785727,0.4046175103545348
2,4
0.9871694143355318,0.0752186787138879,0.6422983281934752,0.7362734841647582,0.6787772794373454,0.038018372185639956,0.7976002061172662,0.7931004421196837,0.5820953710061216,0.8252461703707061,0.2446168943873692
0.9030832593154168,0.8445480605429776,0.09070483481734237,0.18754630180746873,0.11919533746944921,0.41640145764686287,0.09661653425924166,0.04604922900105396,0.9366869997021411,0.7965679540300427,0.4973182944707127
0.9733239626162741,0.12388069110908415,0.4626748528387873,0.5471676808875894,0.46344146344146353,0.0702331277839605,0.6802399850726988,0.6752385808989583,0.6571693550048106,0.8347668088224519,0.28038005569801033
0.9412634300587228,0.1827455428113259,0.3069875595860947,0.3667892255724663,0.30051928633488917,0.1668209276018919,0.4276411189327428,0.4256924929747089,0.7853736864008498,0.8028341191569195,0.4098422605435273
2,5
0.9874872625657153,0.07278431793177001,0.6493487536492252,0.7416293152053928,0.6810775475159037,0.037368990315640865,0.7978178947904467,0.7907469630395451,0.580238271566772,0.8234746231627998,0.24526667100772498
0.9033595511855715,0.8450599599328832,0.09150521609538015,0.1883591188173654,0.1202065907948261,0.41400787304341824,0.09862234856767993,0.04845121582080508,0.9360019551521906,0.7966015861901774,0.4939592821643549
0.9421899447210108,0.17774592945321782,0.3122740647330811,0.3723580830321216,0.3051902987800424,0.16166346383087976,0.43935277857210947,0.4348814707305273,0.7824971328767003,0.8035179297019641,0.4078205445570967
0.9741603135026694,0.12239744011897649,0.4708196721311475,0.5533015523159311,0.46680642907058006,0.06821611648875772,0.6840429262818264,0.6783624065503737,0.6555823739364071,0.8348397922701084,0.2775027757046096
2,6
0.9035830783487508,0.8456984191837975,0.09275193475909166,0.18903925566906132,0.12032336905433333,0.4105245666711098,0.10052271054667611,0.04836701465376897,0.9356452657736405,0.7967753104327571,0.4943853180361817
0.9740920608731227,0.12233601307382796,0.4724716267339218,0.553772575656793,0.472518080210388,0.06827689399596007,0.6846725764941379,0.6770537010159652,0.654501515103692,0.8339842006022709,0.2789850298902921
0.9417388822667737,0.17865810539090915,0.3115179902065148,0.3707486550688386,0.30375180375180366,0.16194786617285847,0.43962728721093036,0.4332026464101935,0.7804731173627383,0.8035101992829151,0.4076529321773513
0.9870760259769452,0.07583770789336633,0.650065233422202,0.7426788189996696,0.679975157483808,0.03736185420742079,0.7973784746787409,0.7904158777828556,0.5814078799590529,0.82429477922078,0.24621524440491546
2,7
0.9704549043966212,0.12759037940498952,0.4759966830388467,0.5467002497228971,0.45909962641480156,0.07105192745558211,0.6539134711353478,0.6453711181264223,0.6656652307407388,0.8285813177045307,0.29355826608082825
0.9030943419070278,0.8452082067970694,0.09095448115170157,0.1882462534634725,0.12020767350716588,0.41420200784320227,0.09827713094182272,0.04683459438751092,0.9362493204385047,0.7967053233511032,0.49648988584905224
0.9875909586836809,0.0725011516126483,0.634447246742329,0.7322707054512012,0.6757706917963331,0.03838290032827435,0.8034267467352969,0.8006894049346878,0.5807170833201831,0.8264429638912192,0.2438218313757014
0.9415611255522888,0.18722065903330798,0.27700024467824813,0.34320958795430434,0.27820300208359916,0.17920455706549504,0.4365810353437275,0.43672205012672477,0.7943324769260003,0.8057973480455544,0.41037740319473354
2,8
0.9741683729529865,0.12063891382303149,0.4723716690929806,0.554381579186335,0.4702394702394703,0.0679091088051954,0.6828092032552999,0.6783128141618707,0.6552487551153966,0.8353508890626531,0.27945004468376944
0.9039937707998785,0.8452997848256822,0.0917049180327868,0.189010787063216,0.12052706552706532,0.4099508914887097,0.1005390334572489,0.04949056603773605,0.935618331965534,0.7969158604654726,0.49256022758230616
0.9874646023766483,0.0728236196283881,0.6447546776342468,0.7409802011858901,0.690072785479146,0.0375894359034718,0.8010167220565633,0.7972798186545769,0.5799986515309492,0.8252727621130989,0.2457688811389454
0.9440783130718367,0.18104911658511572,0.30987756796015764,0.37116738937229926,0.3030221068195752,0.1623421439962337,0.447296597807162,0.44513971817530446,0.7802707338863433,0.8041152151247398,0.40145248371475795
2,9
0.9871144760925012,0.0752341264078688,0.6487074401008825,0.739927670373425,0.6799163561984078,0.03761309809192205,0.7974335144409495,0.7924528301886794,0.5813620216638803,0.8242414648820248,0.2456207538197488
0.9037360932844566,0.8456922879432978,0.09190904283447937,0.1887715615926121,0.12017890512514157,0.4116015209994385,0.09923252188511822,0.04848853722864671,0.9353810100555533,0.7968331759277552,0.493082595423139
0.9411359818801946,0.1791413146521288,0.3062613843351549,0.3705438489905204,0.3031813865147198,0.16395961408557835,0.4300908715406856,0.42434486373165614,0.7824963382802194,0.8037069729096326,0.4113089777060054
0.9737188631221642,0.12076417862417457,0.45730080060998857,0.5395772989453718,0.46079860420945695,0.07224308982885858,0.6825883980288753,0.6773877431622056,0.6610159348926297,0.8354222753312123,0.28093271428828026
3,0
0.9740301663935476,0.1224779999680572,0.4456098916365657,0.530335882576511,0.4490076778212372,0.07465839110338343,0.6919696301430281,0.6867125039974415,0.6604301273446812,0.838965865009993,0.2769966739005003
0.9036684661245215,0.845236920391131,0.09137490732350273,0.18880031543642728,0.12058869847814596,0.41119655188171367,0.09848499000579114,0.048203280553711814,0.9358097937368444,0.7967956914964063,0.4939963998452194
0.986464363218234,0.077392924227046,0.6489297274720685,0.7371873571610781,0.6748416716569585,0.03798454859201637,0.7882816754670519,0.7809998798221367,0.5845206856085474,0.8233079016918532,0.24836499162773248
0.9425646943046985,0.1803626260246018,0.3154923461079145,0.3746894631029064,0.3077489103979171,0.16195510736299062,0.4349934759595263,0.4280394851930525,0.7792197822205701,0.8021936920936527,0.4081555037582688
3,1
0.903697689584046,0.8438313915544636,0.09161737366908895,0.18846445021085817,0.11942315035098539,0.4123623779282216,0.09926033802169165,0.0478311612526745,0.9356640431661398,0.7968998842843247,0.49460075766879213
0.9735959494261224,0.12254299017813303,0.4739307284604955,0.5532340304528546,0.4695178116230749,0.06861924979507115,0.6767476311596836,0.6704071499503474,0.6568991595731245,0.8329925464382604,0.2792785165717356
0.9434341163733629,0.1818130947813015,0.3081315818043643,0.36995829028651883,0.2997113262013924,0.16219287039098357,0.4395479947807676,0.43676121454454575,0.7806719394978652,0.8049437915875675,0.39991924875111207
0.9875370733361185,0.07369533160584935,0.6447217652731295,0.7406005620460969,0.6834452232376109,0.037500048613318335,0.8047491027900334,0.8003525494548539,0.5799713329537582,0.8249573886335025,0.24568455238818854
3,2
0.9030100652837654,0.8478927714898995,0.09150370308729305,0.1883578559445217,0.11947011439397243,0.4135499852440743,0.09822051969127987,0.046738818120869885,0.9365609814013678,0.7965930458163349,0.49604585316102623
0.9875870644706629,0.07222656555069526,0.6386843345728802,0.7329972781596643,0.6761238997660723,0.038360366542172564,0.8018456714609784,0.7965760443667489,0.5806461815383462,0.8267622346885577,0.24355351145710677
0.9418281634936998,0.19262688457544036,0.2803924099651478,0.3432045903541606,0.27619624470018167,0.1800612897230699,0.43383192342592863,0.4322388946664685,0.7943797879799315,0.8058453421914314,0.4079175081485494
0.9699748317997746,0.12850468754561023,0.4729664027924952,0.5447837788111202,0.46227508584923044,0.07156312536883527,0.6494551005696355,0.6412368175622354,0.6659578020098909,0.8276912074403749,0.29514663737533897
3,3
0.9033541832716443,0.8418253639753769,0.09214303915739397,0.18837404426769672,0.12107524024622485,0.41433677221184273,0.09825298071922517,0.048078991103724655,0.9357912663365541,0.7964255980255077,0.49631590123520464
0.9872292114143076,0.07433236645012967,0.6469423152240813,0.7395645463056063,0.6811644934511829,0.037668595347104844,0.7994341322303565,0.7936248309614271,0.5812192507152969,0.8248348188448869,0.24440956258569937
0.9438767493786057,0.17749936506639735,0.30925503216434946,0.3691519287503087,0.3045908615528869,0.16279441987756943,0.4464731071478989,0.4436111774540243,0.7811336178015118,0.8043748334562344,0.39986538197551114
0.9738217596937694,0.12330511174968758,0.469108606557377,0.5499067514013242,0.46795984686609693,0.06900895320322877,0.6843343401486989,0.6776975235849056,0.6549684871255663,0.8355192987783188,0.2768997652619484
3,4
0.9873399842526184,0.07379636340486459,0.6473929872495445,0.7433690709090456,0.6830583254194366,0.037293837914239986,0.8016831887649731,0.7981525157232704,0.5796424052797173,0.8235835170471193,0.24540402314315582
0.9034811661562552,0.8453314621317369,0.09133962576585541,0.18846496178228828,0.11954300843189714,0.4125439409936702,0.09922646539746921,0.048046502763484156,0.9362464406063118,0.7967640121810936,0.49481012092804455
0.9421000802245234,0.1760191770069056,0.30951237339459126,0.37195811587911876,0.30344602319124614,0.16225759961055838,0.43894584803352826,0.43626967912510506,0.7822950453334891,0.8032110110790802,0.40780421955012175
0.9742393552683872,0.1215358160019166,0.4735344772596798,0.5544285602131719,0.46932056270577677,0.06811097783568214,0.6827998206355864,0.6770428015564203,0.6547792303798945,0.8346322721423391,0.2777516340632778
3,5
0.9741848529541004,0.11901452136744523,0.4629584741978695,0.5474910469554745,0.46889930936623553,0.06995894856155965,0.6829444693561685,0.6778944277218999,0.6571893825571743,0.8355306112542897,0.278999790342945
0.9036858892067874,0.8432587316519999,0.09303495533003692,0.18907050414017884,0.12080375043338043,0.41071340721386695,0.10033240888259448,0.0498153139662571,0.9351216800950106,0.7967959888722583,0.49521411686941985
0.9870836408881382,0.07479780103942887,0.6464389495038108,0.7388631907896884,0.6744799855167749,0.0377092265933275,0.7959990550906988,0.7925664163564081,0.5821823668829093,0.8248884604712112,0.24586597939346533
0.9419032056871848,0.18030154724811148,0.311602326811211,0.3720262128565267,0.3047330208620531,0.1614310622715452,0.43986089459167765,0.4323067559342666,0.7798843766132365,0.8038911935646762,0.4047214024118706
3,6
0.9744189411884598,0.12217029184631828,0.44650631550658426,0.5336901086055076,0.45457942179253663,0.07371113320279328,0.693034310439393,0.6878595731518713,0.660134151099513,0.8382990179668471,0.2768339687754324
0.9033670860268325,0.8439755866778496,0.09211949737871356,0.18832765891874598,0.12016428767697807,0.41404420501867456,0.09937161511897802,0.048462790920410004,0.935744466130241,0.7966173942052188,0.49535261960795984
0.9402271078682305,0.17823898133505062,0.31843979649519505,0.37865798888321284,0.3096374889478338,0.1575584959640339,0.42702217664402,0.4213662979830839,0.7795098552488244,0.801928817897791,0.41439358550764555
0.9864199843997153,0.07719402194257818,0.6487000104416829,0.7407079142220087,0.6758669497523002,0.03745434604203288,0.7872516752302701,0.7809518086768419,0.5827006160336027,0.8222793430511853,0.25100770146482365
3,7
0.9434538240576036,0.17777485597727002,0.3050720651336781,0.36762152013768484,0.29916441996978915,0.1655368407482052,0.4444998877273521,0.4401164999366848,0.7831683938608668,0.8040363504972171,0.4071169887016483
0.9037976113383438,0.8427952545490238,0.0931483816729719,0.18927147718023263,0.12123602892833674,0.4100630611512392,0.10071489848441523,0.04959845186260314,0.935286133644774,0.7968831957620954,0.4936327258810955
0.9747832399212298,0.12009824964977206,0.4721066797161732,0.556160757759316,0.47097844112769494,0.06754753106847493,0.6848610109304777,0.6772740073218811,0.654063175607398,0.8351194588639311,0.2755552631501956
0.987443197170313,0.07406387843137852,0.6438524590163934,0.7396991300654797,0.6870548433048435,0.03769615731753009,0.8003278603882692,0.7961871069182391,0.5806064563101281,0.8247157236103304,0.2456450893892968
3,8
0.9037652520173838,0.847567979749472,0.09122950819672127,0.1889104535228705,0.12064102564102563,0.4103076146929602,0.09953531598512982,0.048264150943396256,0.935812217890852,0.7969242031404726,0.49303259055787385
0.9743432534207502,0.12001262928415568,0.4684636817209875,0.551865881981492,0.46861029469725124,0.06858305221373352,0.6852491294062331,0.6818107241405025,0.6555961210650711,0.8358667240683348,0.2797792881445601
0.9436337781016364,0.17763738235382812,0.3096231637215244,0.36938040718259646,0.3042513042513042,0.16313906666542813,0.44607251484574906,0.4426121048762558,0.7815475968430445,0.8040069016356706,0.4014963479312872
0.9874794245215506,0.0727658626306838,0.6488781961618083,0.7425794765150925,0.6865902394912633,0.03733137849853768,0.7990661913039064,0.7939210509369564,0.5801725671214977,0.8244503755352945,0.24377450665084222
3,9
0.9438774108168825,0.17730420575335173,0.31027322404371593,0.3705552586141773,0.30324786324786335,0.16085768536493988,0.4462205700123915,0.44188679245283013,0.7802482560525261,0.8038499292548544,0.4033012236060564
0.9043586016446826,0.8519589580186926,0.09305544114012693,0.18992511242920673,0.12090366361723154,0.4040887486374347,0.10016625880331015,0.04892386460604953,0.9355553928856456,0.7971791619680942,0.4904384709510152
0.9875730229779479,0.07354806332869326,0.6453797719666459,0.7395891300581542,0.6863928075000741,0.03763828721314168,0.8020992783730594,0.796644251485278,0.5798850762395783,0.8248763800812468,0.24346072020148035
0.974359961474507,0.12087669992736794,0.47362032286322114,0.5552441368084775,0.4710097649028947,0.06790827839079262,0.6829223303725984,0.6780066253780785,0.6556398728883926,0.8342364758523274,0.27829628572372916
4,0
0.9861528130338226,0.07946436317719022,0.648565573770492,0.7362483752587499,0.6736378205128206,0.03801431426892822,0.7861407992565057,0.778455188679245,0.5849562089659435,0.823255424952364,0.24812043042879295
0.9035077451295255,0.843444576889171,0.09209357923497252,0.18868795892934614,0.12066714150047497,0.412268426867273,0.09901641883519224,0.047759433962264286,0.9358348614245683,0.7966852442947543,0.4943187156482993
0.9410299495261149,0.18138628757249994,0.30545699528407816,0.3652973531825678,0.3016625687858565,0.16753160818586577,0.4241482914905535,0.4218661152752649,0.7859617146615276,0.8016921179931394,0.41012298681279824
0.9735972633220923,0.1230300186838974,0.44293456171250506,0.5293278253316234,0.4479056297238116,0.07475868224588694,0.6851977019263266,0.6823795415562139,0.6624999576094461,0.8384672972369323,0.27789662970215706
4,1
0.9739366090585231,0.12169617374472136,0.47105067064083456,0.5543471940272044,0.4709380126046793,0.06815898331429138,0.680029852427622,0.6725843339050886,0.6551757703211869,0.8346445626180421,0.2787200582205434
0.903683303752543,0.8506440872674972,0.09161832702816325,0.18884656919029102,0.12021330995689983,0.4097140240979006,0.09911352587932504,0.04750846637639117,0.9362983070820602,0.7969004977303754,0.4934088491899862
0.9873426000850253,0.07461614371238784,0.644346220556146,0.7386821601766381,0.6851414291687329,0.03780446723399536,0.8046360556732686,0.8013265503251981,0.5797825334959774,0.8255207091521776,0.2446173592233194
0.9420391835581141,0.17623871656528906,0.31564023039432876,0.37493697071031995,0.3093478093478094,0.1597726679627415,0.4375565156234301,0.4326364099949005,0.7803201488316409,0.8023656095511625,0.40921031997946755
4,2
0.9428013396988048,0.1786472867040023,0.3101596203623813,0.3704986586230394,0.30169440695756494,0.16193498827660752,0.44025141850909805,0.4375372393247269,0.7817740616158805,0.8038696414289686,0.4070214819470478
0.9875358810577375,0.07340025134288133,0.6445834037519013,0.7398499125957729,0.6850432245621249,0.037632236745777814,0.8027823554209942,0.7985476236789211,0.5798930294274849,0.8250437179312187,0.24507330666572869
0.9035708897696849,0.8474441950278508,0.09267759562841538,0.18915755046246485,0.12084155161078253,0.4099514531311812,0.09892288628348106,0.04882438316400617,0.9355394400429304,0.7968338266668524,0.49426743840379384
0.9740109765835024,0.12122389972980926,0.4726942810661995,0.5540824080582195,0.4699006111219852,0.06816230558218292,0.6800278100967678,0.6735993086562004,0.654735792348873,0.8345861650095908,0.27928089482132806
4,3
0.9431458892896101,0.18239579559521835,0.3100135741881591,0.37019815089536245,0.29952637595949705,0.16377478834200312,0.4442497572987948,0.437471457757481,0.7814044494510085,0.8041143198533242,0.4049435765298799
0.9740499292341307,0.12043359003507656,0.47428717229061684,0.5552186411014709,0.4678461760173823,0.06779142823860289,0.684940621700201,0.6780999926583949,0.6547319294469683,0.83451646824179,0.2799518245524816
0.9872919768182525,0.07413166562355306,0.6481288863764838,0.741162338373454,0.6836329698398664,0.03751902594222464,0.7989232149724392,0.7929212752114507,0.5808089723090873,0.8237277900674064,0.2469791274786265
0.9035946348629066,0.8444167143946073,0.09228839076614292,0.18874671587455982,0.12006512006512027,0.41151123522873934,0.09959411273803243,0.0480939545629569,0.9357913815916219,0.7968091991114132,0.4942699268530193
4,4
0.974702292506904,0.1203641787688409,0.4749571813065819,0.5561019130298727,0.4717757367011099,0.06771580752109482,0.6852494035399211,0.6788369473387778,0.6537538890488082,0.8347770250199733,0.2749296054664201
0.9038228281838778,0.8461904880873323,0.09227868852459031,0.18916821502794473,0.12054131054131068,0.40952692346990915,0.09951672862453537,0.04847169811320712,0.9358199117767774,0.7968769072839246,0.49293972236341754
0.9879451068917093,0.07124751782789437,0.6484116975920254,0.7462740030582313,0.6909614601922295,0.03687336045310906,0.8057654860628839,0.8016172506738544,0.5774724523185762,0.8246618468298208,0.24162082949690655
0.9442011100476949,0.18161028285662123,0.3092896174863388,0.3705601626266497,0.3038040459424107,0.16319250989471978,0.44766313623717,0.44269609588228304,0.7799203448925526,0.8049690657122868,0.3976438949960547
4,5
0.9718066194620278,0.12808306774763356,0.45526932084309135,0.5367515818163038,0.45591745591745597,0.07276662801849276,0.6683268504829843,0.6605813360530342,0.6636403388557698,0.8335069302361409,0.2873477392256294
0.9395530710719936,0.1821974602477549,0.2862269265522137,0.3477174894750887,0.28703142876371235,0.1783880513198852,0.4199279922723414,0.41987817560540774,0.7958365778241635,0.8021581777246044,0.41563061419676106
0.9033283513104443,0.8493104376009145,0.0924116951157678,0.18881267280261038,0.12018680059917175,0.4110155197458442,0.0985896600620857,0.046761330480451335,0.9359358409232268,0.7967276131188233,0.4949662998995198
0.9871669315924465,0.07380646173267663,0.6420389344262293,0.7344002241951029,0.6736022079772082,0.038178235478185274,0.7961431226765797,0.7903183962264149,0.5817214108022176,0.8252872555534583,0.2447229886300133
4,6
0.9037005220055682,0.8388968879916338,0.09234698080566772,0.1886568409255721,0.12010193417228604,0.41344770495986616,0.10111897778857099,0.0505546600929177,0.9349594711349141,0.7967548434336047,0.4947090003773559
0.9738983344544762,0.1201849557955833,0.4707545989237893,0.5526344823535942,0.46986798895195847,0.06867962213467467,0.6844405346349215,0.6799510298142013,0.6549202106832662,0.8343598015167742,0.278828047327154
0.9874590648706688,0.07320698769155926,0.6460260033917469,0.7405173520109096,0.6858532272325377,0.037598697075289914,0.8026150493526472,0.7970982433311644,0.5801029035133661,0.8250234154949555,0.2448232824968643
0.9423486724168156,0.17715125610039964,0.30929695235999566,0.37256004148912886,0.30220463106369155,0.16041422226306226,0.44078241560839304,0.4375332404710649,0.7807683145467137,0.8043109796157207,0.4070249291421845
4,7
0.9871173247026468,0.07507592245116484,0.6432180923010333,0.7379544288211991,0.6763890064220099,0.03779269057998064,0.797367097304526,0.7935238806899558,0.5819596065064054,0.8250158286484723,0.2464885244199158
0.9036920809789297,0.8437768490028112,0.09140216253923983,0.1885921630330134,0.12047645026368431,0.41226366282671967,0.09938305781855583,0.04887595343235679,0.9357718768279827,0.7967960361487051,0.49483251408638984
0.9736756155778394,0.12228185154989266,0.47117593907318966,0.5517577362780149,0.47008547008547014,0.06886480257838416,0.6762579398764746,0.6694696181845192,0.657929427881837,0.8332645633907811,0.2814216361568245
0.9445062297541971,0.18107616889195915,0.31424643046007406,0.37399588750852764,0.3049352081610147,0.15984329113339943,0.4501498980693128,0.4434570906877663,0.7785338928084529,0.805449671243819,0.3988487271348605
4,8
0.9423100493582749,0.1763725714245385,0.30804769001490306,0.3689766402814276,0.3017353017353017,0.16392827949612457,0.44382754791676726,0.4389610389610389,0.781780078764078,0.8037310107793246,0.40647258628432903
0.9037620808813649,0.8473689752266909,0.09196803690584066,0.18877005479593656,0.12010193417228582,0.41017928099678935,0.09975528198613859,0.04829809424480902,0.9359353187768991,0.7968639963394469,0.49405292603676787
0.9742271578957076,0.122178523362241,0.47442999811569625,0.5528953578049767,0.4706749189507811,0.06898347639980626,0.681465339201527,0.6734764693125135,0.6557588392235308,0.8330757261772512,0.27806705696089484
0.9876607659553457,0.07216359882180609,0.6498681646222629,0.7440861966298313,0.685493993186301,0.03730410541741906,0.800465333922583,0.7972159915556143,0.580131194205878,0.824071153823344,0.24499001767859446
4,9
0.9031092318294542,0.8457837341117211,0.0909550607617653,0.1880154711805616,0.11948802993579105,0.4144893825548867,0.09726460633634787,0.046184173472261,0.9365789027778655,0.7967051007106151,0.4969090979983966
0.9862773159975187,0.07767324239396198,0.6452049180327868,0.7347937324894798,0.6688390313390313,0.038100485656993865,0.7851417286245352,0.7791981132075472,0.5858874897414872,0.8228043415982942,0.2505668826731717
0.9734378024634073,0.12551989149197704,0.44043715846994536,0.5269055776031638,0.44747150997151003,0.07570097237832492,0.6838444857496903,0.6799685534591194,0.6649160938996055,0.8373445132669998,0.2813159123205117
0.9423962152654064,0.18189887273494243,0.3046349805401581,0.3636807872566978,0.29937075980241457,0.1665039992119924,0.4255836966114841,0.42478620876883394,0.7846586497728391,0.803019871055429,0.4058328492817157
5,0
0.9872799370956736,0.07481446403909056,0.6464461966078623,0.7397938093076306,0.6843127396760615,0.03764778890718329,0.8011731261496506,0.7965528497747603,0.5804056337348253,0.8245809333618739,0.2462418268717744
0.903695708773363,0.8432642200324535,0.09248219903957616,0.1889771887148945,0.12046389824167608,0.4112149388025549,0.09978971874882692,0.04924718886983048,0.9354547734215384,0.7967742060190934,0.494261262706432
0.9440575818281632,0.17953416813458561,0.30004553734061934,0.36264187339615406,0.29645457423235205,0.16921389130138617,0.4396427096241223,0.4374213836477987,0.7852604380385745,0.8040497455984791,0.399535192932669
0.97368137100415,0.12284286522948396,0.47233835090499116,0.5514752812907437,0.46848621569811166,0.06890028993015919,0.6795096806290681,0.672132987304482,0.6565252923867352,0.8336750212695809,0.279145691501916
5,1
0.9872821193298147,0.07438557932900511,0.6471501465638909,0.7389021729335787,0.6795532159770571,0.03766797353158691,0.8002781949334055,0.794552042983881,0.5812487941150113,0.8246421695102605,0.24429254077843476
0.9031105307115311,0.8433803056603961,0.09000697593303097,0.18780432435358013,0.11965811965811979,0.41613678533617093,0.09740567903187575,0.047169811320754707,0.9363579217559108,0.7965814429327124,0.4975054437492224
0.9736607517485488,0.12231121029876635,0.4650231510449256,0.5457716723571048,0.46622517996563806,0.0708040713768147,0.6784102840602741,0.6728503528733976,0.658504817586385,0.8344570324999033,0.2805991724404637
0.9414006598790586,0.1879487009598757,0.30999113867966327,0.36804319728025875,0.304862554862555,0.16552759590079502,0.43017180749522754,0.4257266700662926,0.7814475457197064,0.8019430410244826,0.40816069123402177
5,2
0.9875332629765144,0.0727087597036197,0.6468304145918424,0.7421352236554338,0.6865513452544171,0.037356225138103744,0.8004745169189389,0.7947195569579494,0.5794084303282323,0.8249878358603823,0.24445930776338157
0.9041562119339949,0.8467502621015549,0.093079221513365,0.1895468374315189,0.12115981081498312,0.40700951196444846,0.10024355851813888,0.049465563714099825,0.9353983942139983,0.7969557054671985,0.4920105043571477
0.941972632339398,0.17645591731934027,0.30846620256007184,0.37090171812376727,0.30248214494789827,0.16169749569949513,0.4411315374038804,0.4370638407857327,0.7822791889871357,0.802986703034584,0.40932724023765477
0.9744866730647535,0.12014701253138702,0.4651162790697675,0.5491806998322482,0.467269595176572,0.06910166191031766,0.6859024235612807,0.6802983764809125,0.6560220661443593,0.8363268079133189,0.2747331686610403
5,3
0.9738144065667279,0.12125215030420575,0.4778082541302545,0.5550288270938485,0.47080603500836976,0.06833332074350987,0.6814835172782896,0.6745907055282283,0.6554933347596814,0.8332907937983027,0.27849896548786446
0.9036354266067388,0.8434650104882977,0.09315136889406661,0.1891508194158143,0.12094523262035956,0.41066343834331154,0.09893759553148507,0.048462790920409615,0.9354413973242488,0.796602980449774,0.4941520246194737
0.9437156606049707,0.1777150637005857,0.31092213114754097,0.3715190459793549,0.30471866096866096,0.16210885613569018,0.4464451672862454,0.4429481132075471,0.7804812525646311,0.804263301933139,0.40106782172272815
0.9872182992212096,0.07432221974821668,0.6448813481600368,0.7382656322627608,0.681150758073835,0.03774134698447555,0.8013752047209297,0.7974271012006859,0.5809741141091178,0.8248177123063513,0.24731171850567202
5,4
0.9432381980967134,0.18758074769486954,0.2829103974848417,0.3483697920573118,0.28212933692385744,0.174735741149498,0.44566379793247446,0.44396484879813897,0.7888232078515603,0.8072047628519597,0.39757659427794767
0.9037422737471247,0.8493713187439436,0.09250228842473163,0.18904795392192802,0.11991843463924678,0.408710028687179,0.09927726303474033,0.04679628388085427,0.936073571775236,0.7970058371452022,0.4940857993601242
0.9876378165863198,0.07208063238977155,0.6398996101884982,0.7351630928492814,0.6748517497703166,0.03808324144672405,0.800649043992105,0.7986724847888881,0.5806868927594285,0.8256475386908866,0.2441819339335354
0.9715341140333571,0.1251665497742134,0.47261639344262296,0.5523659590299439,0.46998290598290604,0.06901614386430975,0.6585724907063196,0.6530264150943396,0.6617334837915492,0.8302890333330212,0.29049835324448003
5,5
0.9863568257955487,0.07659132910810504,0.6513593320435802,0.7395676765851528,0.6708870839305625,0.03775237877346484,0.7871343138839504,0.7802414156803003,0.5847622509602244,0.8225387963582738,0.24915079258294745
0.903324033447489,0.8444263644461933,0.09192219485262892,0.1884246961468939,0.11937764787505722,0.4131667735194884,0.09819519617851552,0.04762928927558907,0.9362584805492212,0.7966993905413715,0.4946327948936118
0.9735382102128862,0.12436268927757652,0.44031720645075306,0.5260511651427471,0.4454288559979617,0.0765938992408214,0.685057575482818,0.6796747967479675,0.66442418040307,0.837034526494951,0.28056596655031757
0.9386000091397683,0.18493040640320052,0.3169713409600189,0.37377931564642164,0.30951648937260456,0.16271382607819945,0.41333475970153244,0.40895887063933756,0.7837272652128628,0.7997982398420442,0.4185611474854863
5,6
0.9423707409945317,0.17702408878320958,0.3151299989558316,0.3741211830040872,0.30658537027963784,0.1612560923466004,0.44147941183434763,0.4366782838601129,0.7801479447686828,0.8026365537070785,0.4083288139362996
0.97450263763109,0.12307626780102596,0.46153648344583736,0.545941959555796,0.4611921121725044,0.07040246465399284,0.6884758364312269,0.6828412874583797,0.6566376612195987,0.8362322992310518,0.27695735256406856
0.9030604665010601,0.8481962144804457,0.09068784857191164,0.18807327032970117,0.12065673921344033,0.414823498244568,0.09776568428314131,0.046625170200350396,0.9362504706225783,0.7966456101801619,0.49610689345359194
0.9873208715934092,0.07348405873671635,0.6468941675030666,0.7431213686009452,0.6862414481462102,0.037362704865332205,0.7990036163164149,0.7931202669747144,0.5804183799083869,0.8239102233018393,0.24370959486368693
5,7
0.9039765764295224,0.8502313448038131,0.09170392449080939,0.1888043719426355,0.11974445307778642,0.40870129722689225,0.10009012053621719,0.04844673146559908,0.9359213285916224,0.7972071163683521,0.4934566305270222
0.9876205432280836,0.07315426084851162,0.6460615753698522,0.7390095274930955,0.6851206607304168,0.03769831380530733,0.8034014222245249,0.7978699625271184,0.5802666212956773,0.8253681267106382,0.24391220414488193
0.9434868065581631,0.17614344752775388,0.31349306431273644,0.37260459329600093,0.3016838337351158,0.16021662042531562,0.44716900200171583,0.4412191582002902,0.779531370011471,0.805179236162708,0.4029701778201344
0.974951598915963,0.1197841606609564,0.47177669472751443,0.5563677652556382,0.4712514712514713,0.06733609275246137,0.6873591594781187,0.6800611932687404,0.651943453800247,0.8361472507317238,0.2759062087247667
5,8
0.9032393338646706,0.8439946778618111,0.09153287138752736,0.18844818885211223,0.1206420536317443,0.41406599749931267,0.09966274479745546,0.048181287687220464,0.9358829619821593,0.7965468548475286,0.49518321580963515
0.9743018812419864,0.12024641117064219,0.47459642097359533,0.5561261944878885,0.4699876035753899,0.06763016955815353,0.6834047504185704,0.6767967737289355,0.6552144577709444,0.834265433311822,0.2791444793362902
0.9433929320308989,0.1778107480197634,0.30985708280790253,0.371632163667307,0.3037110088392141,0.16117059390662128,0.4454294156896388,0.4415820029027576,0.7812723583009821,0.8047692957218613,0.40551741981242373
0.9873347540015655,0.07410159511352782,0.648098816029144,0.7424319300080726,0.6848785216840771,0.03733481489050093,0.7999019000413051,0.795859538784067,0.5798835516117284,0.8247179758073384,0.24503872965959578
5,9
0.9737171777137582,0.12085960797099846,0.4744713267109513,0.5554046602743488,0.47184359080269866,0.06785905968124775,0.6789430770719035,0.6725959177947675,0.6550065364661612,0.8335470977257761,0.2806137309746896
0.9037679383732241,0.8440205912361229,0.09281850711492035,0.18907959452330253,0.12001966824301857,0.4103869268204638,0.1007491555488465,0.0491715352935545,0.9354872221608936,0.7969114303217306,0.49355678121258745
0.9438008604290445,0.18022856469800935,0.3089153379743993,0.3710188583097136,0.30097958865082153,0.16111321840126192,0.44352497835718285,0.438640475575084,0.7813074406551984,0.8052559509969295,0.40151589069761884
0.9874069628174045,0.07415317295568352,0.6438638433515484,0.7398743407508337,0.6855017410572966,0.03764750824506438,0.7996179264766625,0.7956761006289306,0.5802899740117651,0.8248928895123105,0.24720385911036474
6,0
0.9737236439296094,0.12157834980793492,0.470441746965336,0.5512835851386518,0.4678127922402732,0.06890474160691432,0.6796730894747298,0.6722166210571798,0.6564640779709776,0.8345315126801931,0.2802432610397348
0.9032066238172934,0.8431988843572427,0.09176876617773921,0.18832723161301163,0.12003298845404103,0.4145724322812754,0.09866953629426767,0.04718967229394255,0.9360114355441358,0.7964942732006408,0.4964195636713905
0.9874799569485965,0.0731852510595365,0.6421176734785536,0.734919373535192,0.6771650470280608,0.038034623788055416,0.8007587717064724,0.7953347118118376,0.5813672351476401,0.8255666839360266,0.24508683526343972
0.9439030104838805,0.1775040785878811,0.3121059268600252,0.37461408551272546,0.3056286069106583,0.15949999410521018,0.4498379563435326,0.44787131107885825,0.7797191139799904,0.8047496750771371,0.4001087451808406
6,1
0.9872276237429681,0.07423636306733611,0.6391684335729431,0.7329036029069442,0.6749530408836404,0.03840038079226313,0.799397230072825,0.792964704481876,0.5821664947205883,0.8261444005290871,0.2433018895520759
0.9035244321500601,0.8440871140794717,0.09220227253014146,0.18866493697542314,0.1202007868674535,0.4119647972718371,0.09993902558958345,0.04869721473495081,0.9355705579546393,0.7969035570949518,0.4953832937606551
0.9712742834168541,0.12971976470762994,0.4561427938477119,0.5360791602148063,0.4517594517594518,0.07337219059401547,0.6664178783137891,0.6580024768704014,0.666078221371617,0.8331672636520383,0.2907712674994717
0.9411774648014215,0.18481518993277946,0.2867759562841531,0.34752657989404345,0.28641975308641987,0.17702365950296878,0.42340630593418693,0.420545073375262,0.7928779312755538,0.8035372461636375,0.4072838277950941
6,2
0.9741242706040197,0.12234444203944098,0.4663544106167057,0.5479124471411995,0.46489621489621497,0.07019333226291437,0.6845016817135776,0.679080563042827,0.6577004399762936,0.8346647590187739,0.2780393464362739
0.9035185933408504,0.8428437439735781,0.0915356306457008,0.18862869841895558,0.12067562067562054,0.4129891432408256,0.0994044457931873,0.04897959183673506,0.9357186298811713,0.7965968449302046,0.49477436266128544
0.9875061195794996,0.07319614226067472,0.647213114754098,0.7420790178034984,0.6806127691373597,0.03736769418114032,0.8002925223962462,0.7959047324466438,0.5803144150628645,0.8238205377772954,0.24619260847286195
0.9416541535908592,0.17522059563306724,0.31274673803947806,0.37174633550117564,0.30567668662906755,0.16333368434734674,0.43878815466707133,0.4322680015402386,0.7825083254475389,0.8019191221359454,0.4097496829217815
6,3
0.9430269764037364,0.17817018880696917,0.3153837802627293,0.37747380125473573,0.30929605101790525,0.15842097267831295,0.4426007533420321,0.4395601649381481,0.7778766641212893,0.8039826919779599,0.4052148528192242
0.9873390884323587,0.07360571071828237,0.6485790458902946,0.7416259035724184,0.6822622462760872,0.037501462818943176,0.7993851378294593,0.7944244956584188,0.58094553687173,0.8245206198402617,0.24481941723014625
0.9038333752000797,0.8477879450915322,0.09192097519966363,0.1889502589323923,0.11989188399444806,0.40933924646247105,0.09955199694976652,0.048417997097242094,0.9358574539945106,0.7969786310690468,0.49351589523018136
0.9742238612565658,0.1210116207617625,0.46999072069285497,0.5532568457720523,0.4676127506316186,0.06806236999022579,0.685165182015852,0.6806123175507298,0.6538359102205795,0.8358766625895903,0.2787146593107846
6,4
0.9735957224174666,0.12186883984858238,0.47430423179565384,0.5543715652989671,0.47038362154641233,0.06842721875165834,0.6781216679634593,0.6719613865730583,0.656084491988818,0.8329523434811187,0.28076239083742954
0.9033195061097438,0.844305007419174,0.09140785896696607,0.1884188206958558,0.1203882661169095,0.4137594327004388,0.09805533242420278,0.04795676495685974,0.9361080123638325,0.796615296805035,0.4956001320605018
0.9874775523841963,0.0730401530777404,0.6418777943368106,0.737657606661061,0.6840993764070686,0.03793681285507178,0.8033769204772923,0.799788890354928,0.5807854435265204,0.825093149083866,0.2442667228853038
0.9431825838528699,0.18110981555298572,0.30836378824266464,0.37057938647486016,0.30061516685720513,0.16337234691280972,0.444344469964246,0.4385049873813243,0.7805350893470905,0.8039305642494898,0.4057975967161086
6,5
0.9036461412580873,0.8455980634762192,0.09216393442622944,0.18866112335860946,0.12012820512820499,0.41120919331766626,0.09959107806691453,0.04800000000000004,0.9359648132950374,0.7968821648789501,0.494161648458462
0.9736136032367763,0.12537134969277536,0.44162739762394637,0.5274894699898356,0.44587471308119087,0.0756153643455811,0.6870400192646329,0.6833855320449163,0.6634114918621343,0.8377830025623232,0.27719651987965865
0.9865444722498694,0.07781145790872068,0.6497267759562844,0.7422773628843509,0.6744222855333968,0.03734019918379121,0.789136720363486,0.7839314342089038,0.5834965979279161,0.8221795463733764,0.24776204247338293
0.9400048394857553,0.18508655793530732,0.30676926508308244,0.3654545120860465,0.3003275384227766,0.16794039573528396,0.4183041246238272,0.4140931844435888,0.7855663397899193,0.8012965690205597,0.4150614992258924
6,6
0.9738223955735085,0.12153677565987828,0.47526557377049183,0.5549710240634308,0.47207977207977214,0.06823459691427404,0.6765947955390335,0.6696754716981131,0.6560652441526489,0.832787424713497,0.2788414316443813
0.9037674456730803,0.8452961273613551,0.09197835428935203,0.18897155993582154,0.12055707686775663,0.4101227505081537,0.09979427581477635,0.04901996702692796,0.935693555262521,0.7968108193922546,0.4937687817241585
0.9421977625697499,0.17421718352373533,0.3010817441730791,0.3633363941744667,0.29662577281624913,0.16606994284379736,0.4409882912272715,0.4413040687973302,0.7847878790416478,0.8050633024911404,0.40563883010202473
0.9874595404108435,0.07310310587862329,0.6457802064359441,0.7401637032241848,0.6860149452742044,0.03760120017655534,0.8019225714393001,0.7966075852868306,0.5799651210504736,0.8246047266654987,0.2449579140300071
6,7
0.9035882438903425,0.8526956501979598,0.0924692622950819,0.1890107891583957,0.12029617758784422,0.4089586047392799,0.09911322800495664,0.04699292452830173,0.9359855333572724,0.7969246783909969,0.4936510897971449
0.9743824930577798,0.11967942936898021,0.47968900675024106,0.559908871697411,0.4766423663482488,0.06675248040618108,0.6816641154603104,0.67519422863485,0.6528873192691131,0.8333952853345405,0.27696986771551735
0.9443130913132133,0.17968952425159157,0.31244361315876334,0.3718395966619342,0.30411671351268665,0.1603347612879158,0.4484668546193958,0.4432822590857287,0.7804801811006515,0.8043294730447257,0.3994359942262526
0.9874157510788447,0.07367760237469184,0.6499228879876623,0.7423406558496045,0.6857758321172955,0.03730536205141642,0.8006683678095412,0.7963710472684239,0.5786290120800281,0.8249096245857844,0.24467366037679975
6,8
0.903853310507221,0.8479525651684297,0.09247583018074801,0.18912321095104023,0.1199357148075097,0.408558710796373,0.09911352587932504,0.04735365263667124,0.9360852456256669,0.7971187853842775,0.4927954809461146
0.9739477455569268,0.12400826147555558,0.44243248758587855,0.5288257609756642,0.4507689943374591,0.07480824974445308,0.6860047201098274,0.6800751585375401,0.6615992726244961,0.8380072545576239,0.2793794320334204
0.9415019540378072,0.1866707864607246,0.30722696836758256,0.3629659616289872,0.2982223827294249,0.1683142304321484,0.42188072673961985,0.41679511028434746,0.7867923069809938,0.8029469147427891,0.41069583360652223
0.9863037361897691,0.07706135137686188,0.6446288565319214,0.7344841215855041,0.6738864999734565,0.03828225996330534,0.7863492576600705,0.7805812727059652,0.5855990207897418,0.8237960385090485,0.24932384823816672
6,9
0.9743521638055473,0.12040704912965722,0.4712121212121213,0.5546170138679116,0.47088405421738755,0.06806532165426618,0.6818463444857498,0.6772727272727271,0.6550337442956462,0.8350386009626095,0.27902067025873295
0.9034935178155298,0.8435845438508363,0.09213614046767082,0.18867896662898725,0.12051137431848102,0.41298081885273047,0.09903194761572282,0.048635188200364,0.935480192214363,0.7966310895619269,0.49470791472941134
0.9431378710369254,0.17803824315412609,0.31518268509589625,0.37531663225993095,0.30901439398171426,0.15986701379915064,0.44291372063075535,0.43808114440744844,0.7789943839661455,0.8032298441405897,0.40352606800908986
0.9873863408669237,0.07433619423940765,0.6486873781955749,0.743357936701094,0.687207379515072,0.0372914673453654,0.7999844022148854,0.7943924000527774,0.5798153682591534,0.8242545286075335,0.24635260122687203
7,0
0.9420393045807222,0.18324070859809322,0.3083419796638307,0.368576958242228,0.3022287136211187,0.1646977778582542,0.43840289868712057,0.43405779794602334,0.7820994114988883,0.8037584861847498,0.4047441764864359
0.9037780894771714,0.8407676424050952,0.09299863387978136,0.18885697714387878,0.12038520892687565,0.41196429255645245,0.09971344485749722,0.049371069182389815,0.9350782959752455,0.7968420264944117,0.4944112234596626
0.9874999571043975,0.07332195581390771,0.6452365672947904,0.7403416687340314,0.6881102290354962,0.03756681006506199,0.8047467224066994,0.8006983146444637,0.5797948151057923,0.8258631870871844,0.24130659163365564
0.9745139553294889,0.12066801829978166,0.47188737887744536,0.5535565276077821,0.4682320295703196,0.06842183679663065,0.6854935669766863,0.6782773374482709,0.6551136979008584,0.8351418571529039,0.2751358212247168
7,1
0.9434027176913488,0.17740783112779462,0.3050037501339334,0.36880107656542876,0.30046738543470564,0.16345545745289702,0.4418689408849042,0.43919102232087803,0.7812244375249783,0.8046321479246039,0.4036401345237456
0.9030638013552651,0.8478163043439335,0.09052176083881175,0.18776769997027726,0.1191664135826574,0.4151260036752368,0.09705055384673439,0.04656642084091561,0.9369161238853654,0.7966300613446349,0.49633512912631755
0.9878335848475441,0.07215725061055728,0.6451998849582976,0.7418972276940848,0.6868196131354027,0.037378307063254346,0.8041479162590492,0.7995895398874542,0.5791777350639645,0.8249345212858459,0.2446111308155246
0.9741961675710505,0.11960409360765248,0.47705536653263225,0.557410097428356,0.4744288555609311,0.06758122538369156,0.6813775689135163,0.6750444998220005,0.6533055643731489,0.8335296785192153,0.27977503114990376
7,2
0.9039158654336277,0.8475130869687646,0.09233857477417196,0.18943395571698618,0.1208355136926565,0.407845919097178,0.1009786814353994,0.049249133615710594,0.9355223572810356,0.7969665569122913,0.4926051715805535
0.9740473620741957,0.1207353535549984,0.46970294588931344,0.5519357964566484,0.47193839299102464,0.06886201467191021,0.6816250663834307,0.676649170095049,0.656015037593987,0.8348325955495063,0.27805186903629375
0.9437811310786924,0.17969927431028943,0.3101979987225889,0.3722787915878444,0.30204980204980214,0.16262669204709665,0.4446724279438034,0.4399901984807644,0.7807215865792009,0.8043045261461866,0.4039367596824398
0.9875230147406524,0.07291545493831572,0.6477718771646268,0.7423368613843324,0.684553188074315,0.03739191432440561,0.8019529818315093,0.7986579856497472,0.5791986221803551,0.8249274484046416,0.24552502912435403
7,3
0.973465792355057,0.12531453533328918,0.43602591221575887,0.5228824995754889,0.44491544894770707,0.077642340316483,0.6868629332054202,0.6821059038344492,0.6653091370272831,0.8385354154112402,0.2808320715969487
0.9037762155718173,0.8466975233416076,0.09205809904017664,0.188813241198301,0.1201747782058663,0.4108837540122748,0.09858042644991039,0.04829406589109386,0.9360243419136356,0.7968164774016867,0.4938079054185182
0.986582710401824,0.07751086200974344,0.644375,0.7350374428313212,0.6735398860398861,0.03809158513844897,0.7883596654275091,0.7831132075471697,0.5839885425215446,0.8236992713933319,0.24733145018176286
0.9396053768851136,0.17421592485910287,0.31911782049770016,0.37373504590508316,0.31029535346082115,0.16076043834391973,0.4156615228263486,0.41053346002443325,0.7833353751959475,0.8004831217470499,0.4164798137613936
7,4
0.972992847859262,0.1239214278753305,0.4736930424680521,0.5535477154868222,0.46661955717073833,0.06838067169288524,0.6683692884114393,0.660882484029119,0.6582545500954791,0.8310021893544711,0.2845161410740159
0.9031741059096731,0.8449681477282673,0.09175334942165236,0.18845980143078417,0.12025105933735353,0.4135744271770434,0.0991640405336553,0.047294320467388296,0.9359506778951429,0.7967239863978789,0.4960776692179289
0.9428250630639973,0.18730763472274786,0.29726775956284146,0.3597009113892793,0.29352326685660024,0.16884481114403457,0.44143742255266416,0.4363522012578616,0.7858155519080862,0.8050882118743078,0.4021258572227372
0.9872499522303003,0.07463478092215073,0.6408465376391252,0.7347761434198548,0.6770336067994931,0.03815137854358022,0.8001889818602279,0.7961002082413076,0.5808744920491384,0.8261357755866672,0.24483985982940304
7,5
0.9717066879996048,0.12747888374524735,0.4692293197663463,0.5470838197827796,0.46497691325277535,0.07034572994828155,0.6635758948282984,0.6541458830333261,0.6614927986013853,0.8308073516018916,0.2892303937755309
0.9428730399285349,0.18646644198117027,0.28447590660705413,0.34714989733819956,0.2808426141759476,0.17619151564691565,0.43604258195336265,0.43401943967981704,0.791547372576817,0.8056671264547322,0.4051575594232917
0.9034802048951116,0.8437358556192106,0.09140180662428904,0.18808719159443132,0.11965811965811973,0.41387471510521023,0.09881647826416817,0.04753561802079331,0.9360619760830089,0.7967346556099144,0.49508980927866875
0.9873230616937223,0.07382255636182125,0.6405250118602077,0.7337967710639764,0.676239682670551,0.038322581270449685,0.8003083947931486,0.7953891888612508,0.5818385369181198,0.8258924279080386,0.24514855090091892
7,6
0.9861721508092713,0.07858960983156657,0.6480473254123429,0.737466111893007,0.6716938062503811,0.03788989107125505,0.7854325113968372,0.7777854711211123,0.5851941400353137,0.8224801957614025,0.2498845244747201
0.9036971325934035,0.8438611152582961,0.09239640827086248,0.18896226707443087,0.12045984910306523,0.410864542904571,0.09969923969288846,0.048980752820707296,0.9353999686574052,0.7967461949257002,0.49453598635842166
0.9406017950976782,0.17675180411632946,0.3169789227166276,0.3733639734635338,0.30846560846560844,0.16177026011181012,0.4341476367498672,0.42768194070080856,0.7804414092268037,0.8018120891173937,0.4104026480015233
0.9738289718626751,0.12286618379043454,0.4461258231750035,0.5296196977501558,0.4511529938880367,0.07499007710385049,0.6897976042957455,0.6853894533139815,0.6627381816651431,0.8385337737446398,0.2774546669107799
7,7
0.9741111235569855,0.12163824464743925,0.4675181090354556,0.5502199428362391,0.46828551867311563,0.06898755507820445,0.686363505374485,0.6807079128272633,0.6551192771007709,0.8354826793937534,0.2762018152475238
0.9040230511374298,0.8510233416994923,0.09288507947074964,0.1895993344237924,0.12062706986564853,0.4063244441632145,0.09939048553582547,0.04817546212048657,0.9355687174669722,0.7970237610448496,0.4919387026676141
0.987479878042925,0.07401612749836606,0.6492941712204005,0.7427332960523781,0.6840475625197848,0.03732559063610448,0.7995146633622472,0.7938810272536687,0.5803337864177285,0.8243272821052552,0.24438880527363288
0.9433857907395917,0.1783643089973156,0.31251957815599873,0.3747808917169158,0.306385758615058,0.15926755822588,0.44545734378329743,0.44042783319312573,0.7793801896975788,0.804167044599562,0.40188574724659787
7,8
0.9439834170721585,0.17985252280485087,0.31013312795687087,0.37229931234512803,0.30126771066368385,0.16164085285027457,0.44155584940495496,0.43968595669241484,0.781192080702153,0.8037070744798227,0.40489211589549257
0.9875182379017817,0.07281589357364526,0.6485883424408013,0.7436260386597688,0.6847103513770181,0.03714323422226773,0.8012055968608016,0.7956367924528303,0.5791253832695044,0.8240658299800655,0.24615225040679106
0.9035554821364822,0.8472979737488926,0.09239479465945616,0.1891477977215042,0.12089170852057468,0.4098520128215525,0.09962442034262081,0.048356350904493306,0.9359191840567903,0.7968061520466148,0.4942976881828538
0.9742211863223394,0.11936816438633693,0.4745566457431897,0.555786589506537,0.4704985225431323,0.0678601991945161,0.6818866516493691,0.6775618994178298,0.6554937205687433,0.8337205629433863,0.2794884609599326
7,9
0.9035261513821019,0.8419238105891709,0.09155614136255047,0.18859214478162145,0.12078913083938203,0.413386219438872,0.09988604733705708,0.04881008817673249,0.9356012726744128,0.7966366290230835,0.494874527043642
0.9731011138077386,0.12475971640480565,0.46219016393442625,0.5428771036789436,0.4581310541310542,0.0717674977010319,0.6754349442379183,0.6701132075471697,0.6619796881411594,0.8337647058118376,0.28400544920565646
0.9872588994562759,0.07341868698518603,0.6462016500589309,0.7394028234494063,0.6781371617972927,0.03770516244371126,0.7975435527370798,0.7927981255395238,0.582063758344264,0.8242240371399683,0.24593838491557182
0.9411194249927235,0.17843125570613427,0.30812888637648395,0.3689262846162059,0.3051576775714707,0.16407602625580026,0.43238046404307134,0.4287052700065061,0.7826355185148526,0.8026340606086346,0.41002688915443497
8,0
0.9873396737525766,0.07400868869584035,0.648807235726399,0.7433738659518254,0.6841241772276256,0.03724931559457827,0.7992436867068324,0.7955627846454132,0.5796840731255235,0.8240932743127032,0.24539054057993964
0.9034436006816835,0.8427760687695863,0.09267313482770195,0.18874951715099642,0.12051572765858459,0.41293421041656675,0.10040968060086475,0.04903735078937249,0.9354522225385872,0.7966113101569751,0.4953216124865961
0.9735481689066894,0.1230615053132452,0.47833946269400984,0.5560320731230148,0.472035357966917,0.06770271420029911,0.6799016212701599,0.6731185881340125,0.6543444224105268,0.8333334917099762,0.2787578400764128
0.9438254700455428,0.1786951705633375,0.30517859081532955,0.36869360474318,0.2970321314692177,0.1600147715884769,0.4542455501120165,0.4483568661751842,0.7819450822991054,0.805748658775512,0.40484894384952996
8,1
0.974629864623601,0.11987101173459302,0.474077868852459,0.5556602927614355,0.47139868233618243,0.06791095649841623,0.6842762546468402,0.6776238207547169,0.6538320360586808,0.834555055098909,0.27792963920057634
0.9040529064955216,0.8484429513978401,0.09205166418281141,0.18945504347915243,0.12079484301706528,0.4073520403792703,0.09971461830197881,0.04892319420621316,0.93560372912548,0.7970116032384099,0.49268720471462474
0.9436950777640848,0.17913498264086186,0.31388557159917485,0.37490984875628675,0.30535272919378886,0.1608584877763921,0.4479676998449002,0.4436836186430088,0.7787931367140711,0.8047970699775304,0.4011450884133002
0.9873006194491738,0.07406631280622719,0.6472575715476523,0.741479060131322,0.6818388140422041,0.03753015501365525,0.8006426816205657,0.7956635753118005,0.5807465068888552,0.8245682843117706,0.2452578444652463
8,2
0.9727533164677156,0.12799155537554768,0.450138298590029,0.5350523616185079,0.4505528003470391,0.07398530048048109,0.6749583122982545,0.6686854569454149,0.66319502491595,0.8357767626007173,0.28262940194895875
0.9039891921737022,0.8510985841332714,0.09352712523238138,0.18986813771336508,0.12086233735718283,0.4046910534593018,0.1007741539876596,0.048239642092978374,0.935676734111996,0.7972472713912335,0.4923673716700858
0.9872338952927666,0.07350689961007936,0.6373587211078303,0.7311873771171216,0.6756649147953496,0.03852762601168881,0.7953774042346855,0.7899449197234267,0.5825899627125315,0.8253786424133353,0.24348988189164256
0.9402167824373635,0.18485214640684364,0.31184745959772114,0.3700397143466976,0.30514639025277324,0.16518673997276745,0.4160668617680403,0.41327445470359947,0.7841772234784682,0.8009104913447346,0.4146597337527047
8,3
0.9037586184387366,0.8422727193738683,0.0930220581924302,0.18886190328673447,0.12003102579018804,0.41102064283371953,0.10050798964557528,0.04868122098192246,0.9354148629226158,0.7968709306339489,0.4942270346223913
0.9717649816587581,0.12476744180840937,0.4727174823501257,0.5498761972189745,0.46425229271944607,0.06981148275792634,0.6638808238135294,0.6562043795620438,0.661276765737462,0.8306689963014888,0.2880569074310398
0.9873647049323202,0.07347205458373868,0.6456830601092896,0.7387090825233287,0.6826875593542259,0.037855062838459075,0.801548946716233,0.7976981132075471,0.5806929626590088,0.8253195435866466,0.24443187179017695
0.9411241140258692,0.1841666639058725,0.28104432301153615,0.3442272374899845,0.2792866941015089,0.1785593322964325,0.42960209279911876,0.4304961565338924,0.7937556041885162,0.8047504998224231,0.4079432348119172
8,4
0.9874596863754654,0.07375535838166983,0.64249267180545,0.7368147151551703,0.6792135997434012,0.03785490213061392,0.7984071493635982,0.7935399225290516,0.581350020517031,0.8251096341325054,0.24285642274626829
0.9031680695615485,0.8453687150189251,0.09102891506713856,0.18823001445777648,0.11971538604704451,0.4141151245139564,0.09792456707328456,0.04727410638096158,0.9363549384179852,0.7966651136554315,0.49614105875349795
0.9412160161151536,0.17899565493359043,0.3085111161015046,0.36859809296475743,0.30361394060024194,0.1654673483555905,0.43440953302439267,0.427552339105712,0.7832839613043234,0.802329500693482,0.4118638830794298
0.9735723487121077,0.12347844970227778,0.4585239422017754,0.5402853856666828,0.4615947659425921,0.0716990777069364,0.6809733017911457,0.6766649265418748,0.6605021644249334,0.8355993907845196,0.28040691554958347
8,5
0.987251983310412,0.07476141749757897,0.6444262295081968,0.7392242603865192,0.6765811965811965,0.03761520384183098,0.7983767038413878,0.7933836477987422,0.581384215565588,0.8244349417151792,0.24549415451390627
0.9034731827224155,0.8472476683672178,0.09195230998509696,0.18888737470379252,0.12050706495150959,0.4106694176876561,0.09819383425331374,0.04713169430150582,0.9361459278878262,0.7968319225666136,0.49436015415387957
0.973857686925404,0.12307048783940339,0.4617876658860266,0.5452085381192484,0.4629177406955185,0.07103385443275094,0.6808727208355461,0.6757861635220126,0.6599860125968067,0.8347762808310678,0.282031561968497
0.9406555626028726,0.18249910687127302,0.30417486338797817,0.36442583630985625,0.29939221272554606,0.16703671537072987,0.42850061957868646,0.4255345911949684,0.7866057994802378,0.8029354598338954,0.4111901306108374
8,6
0.9032918501496103,0.8442979564297394,0.0907653019194336,0.18817795304822799,0.12007330097782354,0.41473864417622996,0.09792456707328473,0.04771024936000795,0.9362528687755586,0.7966099894206163,0.4952978053368224
0.9437514857378173,0.17937280469367506,0.31438251366120223,0.3730912982422162,0.30714150047483385,0.15997266782466535,0.4454275092936803,0.4423144654088051,0.7795893174668332,0.8033436074820657,0.40245326468954845
0.987437026362257,0.07378601814196312,0.6458668829288072,0.7407037814231562,0.6856029718220532,0.037508786986126044,0.8013713925414109,0.797559837322488,0.5797833314725445,0.8246403870152813,0.24624314577794187
0.9744553681027451,0.12053948810711734,0.4688646929287987,0.5523136792050807,0.467948717948718,0.06846830969806124,0.6866642623314654,0.6797521824838073,0.65571812664213,0.8354839490680627,0.2783858873771753
8,7
0.9442471950649979,0.1794859200920166,0.3116925415264359,0.3725286862083276,0.30680553197109495,0.16032781355453948,0.4445702749944607,0.4383606147694614,0.7795302551448853,0.8048752773153112,0.3957241713423262
0.974147272695305,0.12038582599012368,0.4757810083513765,0.5570651888439542,0.4732139977422997,0.06777564963920168,0.684014869888476,0.6756710573157707,0.6537379704399955,0.8340040079959649,0.27722439556979905
0.9875930351439788,0.07267094377494962,0.6480568611716153,0.7440944090816002,0.689817305201921,0.03716236251742541,0.8057945771700419,0.8023222060957911,0.5782877104430262,0.8249940867096696,0.24503665836266658
0.903962596154317,0.8475350216320092,0.09181983772147712,0.18883828288571736,0.1204063426285647,0.4094780052491812,0.10025909654162429,0.049075662283209254,0.9357228936886329,0.7970135647407302,0.4936488952534552
8,8
0.9725555779471818,0.12404877023245298,0.46626267780825414,0.5456328250566637,0.4618377731218199,0.07058090240408635,0.6684072729376709,0.6628147713090081,0.6609325428821897,0.8322052011760439,0.28652903108899297
0.903211325031248,0.84822004429903,0.0908330545332886,0.18807278182364767,0.1190330833187978,0.41441817863346425,0.09800091040133552,0.046649980747015485,0.9363472255952059,0.7966549215020831,0.4942975658253215
0.9428264544500945,0.18110149945836135,0.2952339593963739,0.3580847160264463,0.29297560423388236,0.16987800413712742,0.43944951869814625,0.43763588654254654,0.7859183884213325,0.8059620482580488,0.40240826438988203
0.9874073533251208,0.07362266787094324,0.6427004873726183,0.7345242046243465,0.6752040502040503,0.03817374260947362,0.7980257208881743,0.7909739928607852,0.5821124776808012,0.8256826130376089,0.24533928735302862
8,9
0.9032015907642781,0.8414252511626541,0.0922196200884724,0.18803794279251218,0.12011034233256468,0.4156735557317962,0.0979721091245252,0.04729959069581735,0.9359011100906901,0.7964667807755995,0.49709270793416027
0.9742948519456072,0.11993801567685905,0.47136778876235763,0.5527224661640454,0.46898719036123626,0.0685671111468165,0.6837169045659639,0.6777617744490854,0.6558695148270796,0.8340028082761561,0.2777935448748041
0.9432255688860505,0.18029520258401166,0.3104035308953341,0.3719676030787836,0.3037840601943166,0.16322206262624672,0.44314174053951005,0.4385099177552007,0.7802504524267987,0.8032300879464841,0.4055736473882013
0.9872366344146144,0.07461416182884154,0.6510378783640127,0.7427678207819598,0.6824868975039626,0.037362894499250315,0.7974675514165726,0.7920406980488119,0.5805244376723484,0.8243027257186862,0.2464734681488372
9,0
0.9740731269289653,0.1204719967182582,0.47022900763358777,0.5529800888886796,0.4693677823448817,0.06835939480398118,0.6834047504185703,0.679389312977099,0.6551756946815496,0.834912783588043,0.2790112389084668
0.903689314726049,0.8466808624616412,0.09302011154301171,0.18939287048147552,0.12099450759244568,0.40892722462681935,0.10050588280381678,0.04855086559035238,0.9354390432718979,0.796867505786371,0.49361737677397466
0.9872040347123625,0.07513332299427611,0.6478208716513396,0.7433471793826493,0.6857261979213198,0.037347905865314446,0.7971710943875241,0.7910328052067583,0.5810420863602522,0.8240004064928719,0.24629843676704627
0.9433577665780709,0.1770463347881437,0.30704813615954885,0.3693456528523563,0.30083292503674675,0.16261326444347401,0.4444155044633344,0.442110323278452,0.7815952447537851,0.8047837791882256,0.40221787677462545
9,1
0.9037029513342496,0.8392722468483447,0.09217701520428101,0.18855364920125534,0.12029287158820856,0.4136463538658398,0.0992353179112811,0.0494867533483232,0.935367637522566,0.7965992921689122,0.49433421574408126
0.9746554440497388,0.12117231086821315,0.4714151121160731,0.5568541748096325,0.4728689786161051,0.0672556781280352,0.6851543249440954,0.6782765849779513,0.6533553596611645,0.8346414507038641,0.27853342883471577
0.9425149416059884,0.1792044480335973,0.3102459016393443,0.3719979216615896,0.3029502174239016,0.16328664030695927,0.4438221483075719,0.4407149950347567,0.7821722539576293,0.8038444217667441,0.40751496941350257
0.987265839120333,0.07524989241652813,0.6479201516672245,0.7414980250173284,0.6839932554218269,0.037543207739824225,0.7998002174847635,0.7958156847644717,0.5810658177920345,0.8244899076423028,0.24499692942436938
9,2
0.9737445038480458,0.12229948799988638,0.46303909205548555,0.5445929499272903,0.4623274161735701,0.07104592237740802,0.6793108378610238,0.6736719883889695,0.659149805877342,0.8350684351352878,0.2806358983171139
0.9034811204825102,0.8411083664658011,0.09150521609538004,0.18834609051675488,0.12019050907939782,0.41413902744622066,0.09956441740828331,0.048332380407851816,0.9355832639070252,0.7967329580952318,0.49536722570204206
0.9873523560834756,0.07343307434896099,0.6469172600320142,0.7398508106450654,0.6808445326963847,0.03751687027971898,0.7980298649443632,0.79199542595769,0.5804775286720318,0.8240055914826595,0.24433958317283846
0.9420826846341532,0.1775754036532346,0.3013906161673262,0.3631302731718428,0.29890951959917483,0.16726419282440108,0.43199589796179977,0.42912166558230314,0.7867406930510968,0.8032877273209917,0.40723075516311547
9,3
0.9749402872282246,0.12052398073940701,0.4714557622643827,0.553109568984476,0.4678126700598611,0.06832230632318576,0.6877044957743341,0.6812380750476997,0.6544329077778772,0.8356910722520705,0.27399376935993036
0.9032707126794597,0.8444486478475747,0.09102984447246742,0.18791800801507186,0.12028636131200238,0.41548705373166395,0.09707368220379392,0.047798742138364936,0.9362267605189255,0.7965865325720903,0.49588310450904804
0.9875628070357862,0.07245546971987415,0.6475756176402679,0.740946097378074,0.6852654387865657,0.03753492524576295,0.8030132467668465,0.7993754982726546,0.5797135345928688,0.8245106271564823,0.24668029082555587
0.9432156881682516,0.17494258140266766,0.31356184798807746,0.3737760645069089,0.3050098050098051,0.15970272319894266,0.4455173079708396,0.43989218328840973,0.7783288213632926,0.804172740159978,0.40393567010549464
9,4
0.9736598983795385,0.12273302967045763,0.46220680958385874,0.5467904146825067,0.4642450142450143,0.06995209500829197,0.6807120388904775,0.6744412191582002,0.6565946466336311,0.8353208714529329,0.28112262528114557
0.9032741480347486,0.8485303514568872,0.09165195460277437,0.1886863867882288,0.11999415589159196,0.41136528571391134,0.09884663044514336,0.04704402515723255,0.9362693728102043,0.7968839230420717,0.49524006120937725
0.9872902656045427,0.07412184945547226,0.6479590714049951,0.7417234692761233,0.6794393774259547,0.03736778790931401,0.797422718994037,0.7918956565784474,0.5804708176242676,0.8237971148589432,0.24581314445787025
0.9418195146516614,0.18331205122751565,0.31004795360767257,0.3680911031448302,0.30112215826501554,0.16545340931917876,0.42897605138709755,0.42282120395327943,0.7842491325623421,0.803709234603512,0.4071864590563708
9,5
0.9741950112080424,0.12110981338706311,0.47003783102143754,0.5537940287886114,0.4701731317115933,0.0681874896841179,0.6837861023734629,0.6759071117561684,0.6550602095893459,0.8353730076906679,0.27712014049316713
0.9039140450663112,0.844514729300542,0.09336696090794455,0.1894039087518536,0.12050551537731019,0.40871092736833003,0.10166809646363589,0.049579100145137556,0.9351406731689893,0.7969610481844709,0.4939248839618767
0.9874120647571394,0.07406036366780899,0.6457439017520139,0.7417541005739363,0.6865117827317141,0.03742586508437275,0.8020158663243016,0.7979381443298967,0.5794236406939427,0.8249394828160385,0.24434196929825142
0.9434467350820666,0.1795256063528824,0.3128592718756654,0.3731988214447436,0.3066193066193066,0.16096508222542755,0.44271713416694836,0.43773584905660373,0.7799595254970741,0.8031589717446861,0.40371535783638235
9,6
0.9875465061839241,0.07374192597929125,0.639614781150246,0.7345854821262208,0.6767275018100103,0.03809875597756983,0.8030107843498104,0.7970110218569026,0.580171814883583,0.8264274242943327,0.24521523803835232
0.9041610982950854,0.853936335733922,0.0923727351164797,0.18931835047081114,0.12010796221322556,0.4055244470376923,0.09900215222070063,0.046792452830188735,0.9360943135434016,0.7971871250695364,0.49145601088364543
0.9438339437301966,0.18631936288521656,0.28807235726399094,0.35509163532158106,0.28710089399744587,0.17013252978088453,0.4478656582489424,0.44442420299284313,0.784717996971972,0.8068508178271457,0.3956994993790592
0.9719348392507644,0.1235352967474696,0.4756601176323364,0.5499462890895279,0.4684543615841326,0.06972385864720063,0.6626464996169017,0.6547889961111911,0.6618388348206896,0.8302448064722417,0.28905807746587625
9,7
0.9861591367064422,0.0777737176734142,0.6466472600990758,0.7361617489933134,0.6733675923707078,0.03810286835451816,0.7857879072137488,0.7796390995121376,0.5846576724101582,0.82334065509675,0.24872946869236623
0.902980921500988,0.8462157184402713,0.09171920975199654,0.18832854260814458,0.12008181751771496,0.4141920994097349,0.09676865885044317,0.046134494436380846,0.9364377176646387,0.7964674619802594,0.49762802754348423
0.9736042988307282,0.12509003595590446,0.4357190457150473,0.5223419168567109,0.44440970050726153,0.07794737253084187,0.6870372049445401,0.6829881883724498,0.666033432749184,0.8384799550558307,0.27838483582937135
0.9400160259103811,0.1847456359188915,0.32002851033499646,0.3768749866957236,0.3147735249184525,0.15985268834878563,0.41600668067453267,0.40907847962811045,0.7801938561904957,0.8002342793352024,0.41511142332444473
9,8
0.9871848245235795,0.07472234488445789,0.6424180327868851,0.734791979823311,0.6742858749437699,0.03805229009480886,0.7967863431813735,0.7923535253227407,0.5827614098978486,0.8255112997637156,0.24327407240586363
0.9034390630267853,0.8501746878447051,0.09150671389735565,0.18868141106309727,0.11954358688027034,0.41077180117405243,0.09902673217388042,0.04719825542808376,0.9365366533116988,0.7969039089925057,0.49375211673790514
0.9734669954348135,0.12210159975441648,0.4601353109549831,0.5400727080750274,0.46044182155293273,0.07225895705511522,0.6823479081843393,0.6789158430667864,0.6612561144003513,0.8352190013732418,0.28131073275852986
0.9416989664146818,0.18513170764027223,0.3062068965517243,0.3653227965633763,0.29971509971509974,0.1673036540379039,0.4305345468529676,0.4295901106050748,0.7848835481725719,0.8029207224501795,0.4083333017124591
9,9
0.9876796826937194,0.071587225474713,0.6468049514887922,0.7411841490230353,0.6848266372075897,0.0374987227955451,0.8032900892699089,0.8000641766140417,0.5802488003818698,0.8247251605811369,0.24467982359508006
0.9418203466936932,0.1843106500497832,0.2942395264116575,0.35735893929841195,0.2912907565685344,0.1701474922800086,0.440804419661297,0.4370545073375261,0.7863792572835477,0.8049124658677432,0.40676733089327444
0.9725007543126557,0.12412292797385219,0.4813975568073929,0.5555641427428104,0.46750046750046753,0.06858967632187209,0.6684560290508245,0.6605667662271435,0.6584823656530694,0.8291288964488873,0.2867528440299506
0.9034517121553163,0.8458087994073622,0.09128644108858919,0.18832704125417776,0.11950374019339538,0.41271452630688843,0.0993096123207648,0.04781113486383509,0.9362039150130101,0.7968379097975866,0.4947883408288912
