0.0658041339704522,0.291481651312361,0.001208621381111433,1.3200294541075073,0,0.0020911549667317433,5.033353375394589,0
0.08019792738349586,0.7808511706689996,0.00027424421174463814,1.832386454831135,0,0.00024895692140231376,4.5260798414867525,0
0.00888520564692338,0.2435656381612516,0.000408378732204919,1.084409767960201,0,0.000378290763918775,5.661321380754227,0
0.003023904464582363,0.28172486669890623,0.0003350400774283603,0.7602180828512215,0,0.00020699136711735866,6.260269936871859,0
0.009575405541089418,0.2577223107824498,0.0003983789636024958,1.0892460980759096,0,0.000387701712631556,5.661321380754227,0
0.003480590089365347,0.27412828692390656,0.0003373015098152517,0.7554550961221116,0,0.00020599271520979135,6.260269936871859,0
0.06216166421319584,0.28531448152542194,0.00116018822327029,1.259289678138297,0,0.0019005825122894624,4.967643688127529,0
0.0370566903997313,0.47377455319959577,0.0006983357099319073,1.4232627138930978,0,0.00021506278315221598,4.503311385737424,0
0.05844812752077096,0.29280026994688296,0.0011581155661428443,1.2766714674041486,0,0.001767623031908285,5.0668622395844585,0
0.04402760610673631,0.7896012619950759,0.0005814400853173384,1.5112296630938424,0,0.0002631979316651052,4.542716843834348,0
0.008946726274556633,0.2403199776716662,0.00042155150284967297,1.0867587139299566,0,0.00039746334772780616,5.661321380754227,0
0.0032315563030392326,0.27491376776002113,0.00033692412378460713,0.7619765165852682,0,0.0002056745974383463,6.260269936871859,0
0.0033231630107153423,0.2761675600848729,0.0003381197959936308,0.7467434893674668,0,0.00020499926461290064,6.260269936871859,0
0.037409084929769604,0.7764990159092232,0.0006871617379724713,1.441609889734674,0,0.00026014377926545713,4.5322112948884845,0
0.06675696251041294,0.29726794928865885,0.001154907879632279,1.3208651460857306,0,0.0019039981520352352,5.0668622395844585,0
0.009890934549065408,0.25785975231522373,0.00040611600118068363,1.0993741716168057,0,0.0003922671274028306,5.661321380754227,0
0.051842607739343,0.29526640543003974,0.0012967581101267231,1.1497037116853874,0,0.002299429735319908,5.035378197619169,0
0.020522763743394387,0.2494002308118431,0.00043689652812376687,0.991373663113117,0,0.00048101883944577395,5.960795658813043,0
6.661338147750939e-16,0.2783337047079151,0.0003188466096030507,0.7608928384690824,0,0.00020042927016842438,0,0
0.03746021708189284,0.4754516168613714,0.0006447259876772432,1.5012722905000278,0,0.00022443498355901798,4.503311385737424,0
0.005819255877342527,0.24860642869675464,0.00040173145212715446,1.0896790264153884,0,0.0002536419253708168,5.661321380754227,0
0.063902198608138,0.7753988148783918,0.0005535597477332489,1.5518985308882138,0,0.00028031576752807864,4.5260798414867525,0
0.0035480418369579145,0.26322687087694,0.00035003697865305467,0.7609334343393056,0,0.00021110194124410547,6.260269936871859,0
0.05682751615699584,0.283537935620138,0.0011307228172114827,1.2789866594429218,0,0.0019077768794187162,5.055626871879577,0
0.041294901127805844,0.31581847214464065,0.0011943121714296451,1.2098469053481469,0,0.0022432978013949244,5.077639550329121,0
0.035730652336001416,0.47245851273821027,0.0006590964229707029,1.4667890882197523,0,0.00024154403147394317,4.503311385737424,0
0.019183535896511852,0.24294242091736876,0.00041994282573608126,0.9886967312206318,0,0.0004719793660769869,5.960795658813043,0
3.885780586188048e-16,0.2767760518305839,0.0003243104524598692,0.7355880975689774,0,0.00020160762202415966,0,0
0.009090877573105692,0.2522899392672296,0.00041693465617723385,1.0327415678716863,0,0.00039403734589944816,5.661321380754227,0
0.06262121362148768,0.7712061943660959,0.0005714501885971333,1.552201016748708,0,0.00023514298465014398,4.5260798414867525,0
0.0033534871183004376,0.2737717327466432,0.0003244042374773059,0.7656329403006429,0,0.00020032870632743816,6.260269936871859,0
0.06705844912759874,0.2936368341776137,0.0011374713677315326,1.1932562761064687,0,0.001744265608944226,5.048172213062642,0
0.08227659559432232,0.3044611870153591,0.001358672132631205,1.2312031902812053,0,0.002334009591446898,5.0173376909245535,0
0.03703661005726283,0.4773345334269295,0.000672670353957587,1.471797167517805,0,0.00022561325145537713,4.503311385737424,0
0.0046349772064894525,0.25518859216393386,0.0004530611687857273,1.0673621058677178,0,0.00027246166128185804,0,0
6.661338147750939e-16,0.27069763067915054,0.00032927477074015237,0.7551370322598944,0,0.00020216542236769594,0,0
0.048201328728444126,0.27952795796308016,0.0011127036862304336,1.267422125400942,0,0.0018891421645865758,5.078506294066488,0
0.04946696751631653,0.7974082342754583,0.00029342169469410794,1.6542401691186197,0,0.0002299729468090287,4.503311385737424,0
0.009951867962493283,0.25398391515320606,0.0003991849330664135,1.1123784164812474,0,0.00037925294709494116,5.661321380754227,0
0.0033512785865661802,0.2664196159653439,0.0003449842432431146,0.7580303759493605,0,0.0002082598924034322,6.260269936871859,0
0.06549667375549481,0.287640539460846,0.001176415035453153,1.3012022950105886,0,0.0019802045428357657,5.055626871879578,0
0.07958771311712243,0.7938838258634315,0.0002198530695022406,1.8324829950733874,0,0.0002355620098769103,4.5260798414867525,0
0.006270678571958524,0.24333923127897308,0.0004170731531129196,1.041666438138225,0,0.0002608313155600816,5.661321380754227,0
0.003478022479019738,0.2705313061229659,0.00033214615010164716,0.7761055994271127,0,0.00020281345834031566,6.260269936871859,0
0.009403956566911384,0.255344645219874,0.00042051955766363435,1.077623822084223,0,0.00040282578218159016,5.661321380754227,0
0.05640550500791404,0.2814358533996914,0.00120012839102722,1.2857051676115632,0,0.001941841785592622,4.981396339691768,0
0.0699704823994141,0.7898928242373249,0.0003150566705722723,1.728796623194325,0,0.0002762946041295212,4.5260798414867525,0
0.003149647878794109,0.27744736069921005,0.0003288299602813375,0.7479417166891595,0,0.00020093638525780981,6.260269936871859,0
0.057090098983747846,0.27983078421025526,0.0011547848741787635,1.2711465422012527,0,0.001805019453669538,5.0668622395844585,0
0.0357315102148569,0.4693539387751997,0.0006515618113443404,1.4433235807693463,0,0.00023716999870578882,4.503311385737424,0
0.009304697881535682,0.24684637746398413,0.00040833452293536303,1.1006652418490406,0,0.0003863531004968892,5.661321380754227,0
0.003257890370476836,0.27349228262865005,0.0003398298945305058,0.7651816259006674,0,0.00020932935821413898,6.260269936871859,0
0.010196068234710424,0.25575388849525565,0.00043416107035203417,1.0586119276542254,0,0.0004139448168738018,5.661321380754227,0
0.06314600579791,0.7805756373111621,0.0005599602924073049,1.5529185649686532,0,0.00026936890477447244,4.5260798414867525,0
0.003235089032036318,0.2789348643245166,0.0003150012969600009,0.7635682391699655,0,0.00019568977717165294,6.260269936871859,0
0.061834450574342975,0.2983616335377136,0.0012245213548005669,1.3363797646336306,0,0.0019445882077078294,5.09334837819839,0
0.019498741364827335,0.24572613630659138,0.00041317472337076475,1.0015698584701473,0,0.000461854018143048,5.960795658813043,0
0.03761417065723056,0.777884519706231,0.0007002977781908966,1.4830770917808502,0,0.0002368336973958432,4.503311385737424,0
-3.3306690738754696e-16,0.279526211409896,0.00033082309687795125,0.7793670182599305,0,0.00020753862893173553,0,0
0.049228629185416345,0.31162572886485435,0.0012382844118715643,1.1731058540657744,0,0.0022392864543007507,5.025245332752341,0
0.010047542944792199,0.22884076892069724,0.0004264147594143355,1.1169985332727523,0,0.00040209484933507024,5.661321380754227,0
0.057771330353991596,0.2913239558424286,0.00112969967018323,1.2538438509056187,0,0.001910068600818364,5.033353375394589,0
0.06314600579791,0.773502272280284,0.0005587953826554036,1.555220524906297,0,0.0002648052776089831,4.5260798414867525,0
0.003478469083162409,0.273887464191358,0.00032006942070652195,0.741524473235178,0,0.00019693797585324316,6.260269936871859,0
0.05987089826563875,0.299784167248395,0.001218639479961358,1.3389448542476288,0,0.002195397863962596,5.0668622395844585,0
0.03866764333255411,0.7702992534588398,0.0007099637161110606,1.3382452743935198,0,0.0002377401546405651,4.5322112948884845,0
0.00362060484237256,0.26908722861018863,0.0004152608333402695,1.0060852033119811,0,0.00027043106963575394,0,0
0.0034693189558154536,0.271034899651596,0.0003209251715278507,0.8099260969122212,0,0.0001985568711632364,6.260269936871859,0
0.05423726676916221,0.2871664088918514,0.0011028049270874185,1.2537752774901534,0,0.0018326117459330942,5.078506294066487,0
0.043331696605376745,0.7880357817156162,0.0005777292666889656,1.513036752529577,0,0.00025973049583136827,4.542716843834348,0
0.008764065373508052,0.25149754830748117,0.0003900734719566367,1.0913474942970898,0,0.00036936905561216974,5.661321380754227,0
0.0034442922903048234,0.2725654575418806,0.00035578756164604184,0.7073249192807387,0,0.00021197100346101802,6.260269936871859,0
0.06135831228267585,0.28897056558255924,0.0011071946397085539,1.2935982258400365,0,0.0019422683389560746,5.063031701900827,0
0.03839204502215203,0.49120755739236305,0.0007185221008767245,1.424709897458904,0,0.00022213065152573876,4.503311385737424,0
0.006380390855146287,0.2459099535721763,0.00041124818312937925,1.0732910384195147,0,0.0002590880192126637,5.661321380754227,0
-8.881784197001252e-16,0.2694429502869463,0.00035594971097738286,0.7555028884966344,0,0.00021490942998965063,0,0
0.0034474306098635672,0.2738886552448393,0.0003564268183508597,0.7698547153055667,0,0.00021801546077643074,6.260269936871859,0
0.00918260601763277,0.25353255830161975,0.000393917081416713,1.099835677723755,0,0.0003710882036506701,5.661321380754227,0
0.03740591321261507,0.46918937188956145,0.0006929625743147613,1.473302920831084,0,0.0002196248390714211,4.503311385737424,0
0.05801719612281457,0.2860164964202156,0.0012273282838879728,1.2719889195851417,0,0.0019894428227832336,5.024353495881513,0
0.06075143965639218,0.28834097389913915,0.001318412784870883,1.1915496386325866,0,0.002223465483756801,5.035378197619169,0
0.03668668248268267,0.46580379813581074,0.0006989486870485791,1.4391936821187463,0,0.00020891867054248473,4.503311385737424,0
0.014277551405291036,0.23616218319293605,0.000411151200803154,1.0611620067799892,0,0.0004575384088915615,5.960795658813043,0
-8.881784197001252e-16,0.26988531231530133,0.00033490198244059597,0.7657994770686433,0,0.00020699275904096886,0,0
0.006653457045518944,0.26176171889186445,0.00043486287524900115,1.0453468337531784,0,0.00027507338281456225,5.661321380754227,0
0.003262952239178444,0.2752156745257222,0.0003345550064307937,0.8018684457287049,0,0.00020678205101261194,6.260269936871859,0
0.057612180620186734,0.2876286315199221,0.0011266608641847602,1.2817320551534284,0,0.0017930077548452767,4.981396339691768,0
0.06155080521071478,0.7834718401943438,0.000551804295635407,1.5504182270358193,0,0.0002504952401907534,4.5260798414867525,0
0.055883914259184334,0.28958033167166436,0.0011102187800445212,1.283554984651439,0,0.0017359492695113742,5.0668622395844585,0
0.03692975026354137,0.5090529657232133,0.0006928213423266057,1.4192844060040863,0,0.00024976711863747096,4.5322112948884845,0
0.006065927158154356,0.24208491724266573,0.00040622895591793337,1.102969888236846,0,0.0002562722447167019,5.661321380754227,0
0.0035807465490784694,0.2698078898182011,0.0003436481586261777,0.7351994621700138,0,0.0002085010362471119,6.260269936871859,0
0.003353145346728828,0.27879548135809823,0.0003287177204072383,0.7675540976883855,0,0.00020413961315136097,6.260269936871859,0
0.06447916325585182,0.29669852331828844,0.001144968798316678,1.2219478744977648,0,0.00196802285462214,5.017147055020294,0
0.009350726700691214,0.24155683664668834,0.0004052752323371713,1.0812934445365667,0,0.0003857984732250975,5.661321380754227,0
0.061445218975302605,0.7773522153193043,0.0005381104826616491,1.5503906855753828,0,0.00024992557835696574,4.5260798414867525,0
0.057363448278643606,0.2856216705899965,0.0012427067984111882,1.2646832761166207,0,0.0020374798814922117,5.0668622395844585,0
0.0374635854732206,0.7760819781629267,0.000697551974498649,1.468643936254154,0,0.00023423373434915625,4.503311385737424,0
0.01003908176758058,0.24617943127329434,0.00042283012538644376,1.0744108344603411,0,0.00040311700136807697,5.661321380754227,0
0.0032644165265221965,0.2776806499377749,0.00032357048048857343,0.7681799319594056,0,0.00019903802168693994,6.260269936871859,0
0.010237232331686337,0.2463196650607569,0.00040238470439374997,1.061819520553447,0,0.00037882645613653915,5.661321380754227,0
0.05018210035730959,0.791982296173295,0.0002894301512524852,1.6546863900036657,0,0.0002505895455995922,4.503311385737424,0
0.003144527556337085,0.2836257902359103,0.00033805948213302554,0.7426035629952703,0,0.00020762855426948373,6.260269936871859,0
0.06379177151532914,0.2905267798364062,0.0011952500617370618,1.2983097939720776,0,0.0020598622573415886,4.9820493062380145,0
0.008773456101860398,0.25375204816608576,0.00041359970763245476,1.0812983678151498,0,0.00038821913638202815,5.661321380754227,0
0.06785661288545161,0.2848437423040821,0.0011845777900870314,1.2990673430006332,0,0.00205678554138296,5.063031701900827,0
0.03706468940519728,0.7789310564309387,0.0007090288596270561,1.488315590082728,0,0.00022495007969316913,4.503311385737424,0
-1.1102230246251565e-16,0.26919258418889297,0.0003381177103364079,0.773374965322124,0,0.00020659145893898564,0,0
0.0,0.2774141968463603,0.000308098980581474,0.7775043801525352,0,0.00019683399335640523,0,0
0.035375528000144436,0.4722489748966644,0.0006521871364784973,1.4611156061012096,0,0.00023705212290058917,4.503311385737424,0
0.07180526054214145,0.3187973293304559,0.0012629034928180064,1.270044663220048,0,0.0021600945236613855,5.089155346084428,0
0.01938953490992655,0.2534415706399326,0.0004266002729039883,1.0443496344855134,0,0.00047614888106985485,5.960795658813043,0
0.0032867070154438995,0.27636316932628197,0.00035365296062956784,0.7519102808554331,0,0.00021446055097747721,6.260269936871859,0
0.04091530013811151,0.7783357777598333,0.0007029442598712559,1.3791201599217238,0,0.00024956191144338494,4.542716843834348,0
0.0567765644034023,0.2873459572664313,0.0011525647063906153,1.2879354822976516,0,0.001973112742724667,5.055626871879578,0
0.00959178155254329,0.2436623295860653,0.0004140654230078798,1.0948623586741475,0,0.0003887425763180146,5.661321380754227,0
0.006469654001914862,0.25806017359169403,0.0004197291114725172,1.0550388423141301,0,0.0004043669680776461,0,0
0.04614526677562394,0.7861110041308859,0.0005544988436435627,1.4560944541031362,0,0.00023513173639317094,4.503311385737424,0
0.0032075525904711293,0.27118024278718583,0.00031911518052424185,0.738989086137948,0,0.0001944768437814122,6.260269936871859,0
0.08032794059845161,0.3090594861231387,0.0012287449452300203,1.3355517083230786,0,0.0021735686936630856,5.0221852339463675,0
0.0035976267039294664,0.2772093737760248,0.00033057120136919046,0.8207092180019282,0,0.00020591769312333123,6.260269936871859,0
0.021610371038592185,0.4797942939400568,0.0005508233019144264,1.4381791201650052,0,0.0002130540616935098,4.492805836791561,0
0.08612728849157648,0.30298728043820217,0.001199558824720031,1.3457834660794261,0,0.0021870095769054173,5.0173376909245535,0
0.0036206048423731707,0.2614674650745612,0.00042797498312531626,1.0228207939836726,0,0.0002739282155527334,5.661321380754227,0
0.009890934549065741,0.24277097864084843,0.00039246417148586,1.0775922639542577,0,0.0003774333389956825,5.661321380754227,0
0.06139134860067539,0.2840969109701911,0.001140816504470811,1.2567095703467468,0,0.0016500448967104345,5.017147055020294,0
0.0634764026554672,0.7692962369271751,0.0005468495813631312,1.5523659575171123,0,0.00026263825512787547,4.5260798414867525,0
0.002841525060639706,0.2727306739751577,0.0003202161162895136,0.7782981711838902,0,0.00020193167561598216,6.260269936871859,0
0.0,0.27091973386468277,0.0003213895146429411,0.7346243447281715,0,0.00019736899115487032,0,0
0.021242841289072497,0.2569021534129099,0.0004246401052504544,0.9659033990357703,0,0.000393523829535364,5.661321380754227,0
0.041033970001199516,0.7850084119232801,0.0007051008765544065,1.4153824670542805,0,0.0002331451900208355,4.503311385737424,0
0.07238980021821467,0.3096481841643362,0.0013017863261610802,1.2257899932273055,0,0.0021904892371730593,5.0173376909245535,0
0.003416152424605301,0.2776320771382091,0.0003369634310896226,0.7760189120863041,0,0.00020937754238186185,6.260269936871859,0
0.006013011993731492,0.2572663057420778,0.00041038032331289735,1.077915251589833,0,0.0002657300024294693,5.661321380754227,0
0.08102044189599325,0.7865603524480312,0.0002615354408288381,1.8307183657745751,0,0.00026083312800657775,4.5260798414867525,0
0.057978567797192515,0.2985839971076784,0.0010987430018169807,1.2652728937508089,0,0.0018558123558057458,5.081948905223207,0
0.00977707311184086,0.25380362916991156,0.0004121042803528959,1.1009077519981623,0,0.00039332605875779073,5.661321380754227,0
0.03691982607594694,0.7773544537435919,0.000696404230428406,1.504876457040105,0,0.00022791550658555652,4.503311385737424,0
0.003579877147411221,0.27457885431842904,0.00034059939386450885,0.770973129179232,0,0.00021054698990794713,6.260269936871859,0
0.06294599524549939,0.2902526953179925,0.0011812501032283068,1.2840495060275285,0,0.001954128699956069,4.935865274502172,0
0.0032356427386600883,0.2753280677364553,0.0003232135187421761,0.7598446728978846,0,0.0001985558428822937,6.260269936871859,0
0.0648636891574274,0.7841951818168429,0.000563166144246563,1.5479453084848789,0,0.0002769316151345938,4.5260798414867525,0
0.056152079358758836,0.2790663678495051,0.0011593242784770426,1.295509092410232,0,0.001783786249091593,5.033353375394589,0
0.009935977632968097,0.23871330708600746,0.00042083338178789276,1.0908047016919429,0,0.0003986841714541173,5.661321380754227,0
0.07276740634833864,0.30689357473302026,0.0012336228884867418,1.3426778123904128,0,0.002101518077194484,5.073267964794432,0
0.03853756305029065,0.4556104168186681,0.0006343881138136295,1.4566988415710356,0,0.000234351846484943,4.503311385737424,0
0.006980325677567671,0.2659233177062751,0.0004350617967886258,1.0419294738794083,0,0.00040718552096566846,0,0
0.003564834917707687,0.26439862123856395,0.0003267603594557257,0.8006045839294206,0,0.00019758698359107133,6.260269936871859,0
0.05528838638155562,0.29392766603578296,0.0012060946026916735,1.2837227222832606,0,0.002178031139584947,5.084291692051943,0
0.0634764026554672,0.7780737906393634,0.0005627502671426498,1.5489139739817623,0,0.00026746636688442063,4.5260798414867525,0
0.008801771003720784,0.25378487127391747,0.0003935787374057504,1.0697878690712104,0,0.00037421011088622895,5.661321380754227,0
0.0032882118088918104,0.28250205007164936,0.00034157993163994494,0.7738981045903254,0,0.00021168264819271197,6.260269936871859,0
0.009393141380031375,0.2543038688687354,0.0004291732262759928,1.0631247022407582,0,0.0004041853604966359,5.661321380754227,0
0.056398352006559155,0.293351537789859,0.0011587446646459626,1.2852549245499234,0,0.0018816479460278977,5.078506294066488,0
0.03617043997582692,0.46456608844199326,0.0006530217940033318,1.4344429957775868,0,0.00021503283450888226,4.503311385737424,0
0.003353875964478812,0.27506097085347453,0.0003362697229924601,0.7831769605995009,0,0.00020708053794093903,6.260269936871859,0
0.06724560960222403,0.2963106747482698,0.0011717420703166235,1.301986503800955,0,0.001959843230765241,5.124458570515254,0
0.03820547884900298,0.779293517407955,0.0007109733824386551,1.4292734117389467,0,0.00022534397893423793,4.542716843834348,0
0.009505487451044566,0.23997953133476665,0.0004227161424729628,1.1018492837465161,0,0.0003912339922402851,5.661321380754227,0
0.003229565223627783,0.2732057507833091,0.00033784504162155963,0.7403111941105635,0,0.00020479355667261812,6.260269936871859,0
0.011449939821650101,0.25807575794270227,0.00043994641519482815,1.0328399482079473,0,0.0004139043968129579,5.661321380754227,0
0.03654500472182752,0.48282835959456677,0.0007018694882584394,1.469973621791904,0,0.00024094316525015232,4.503311385737424,0
0.0034331736065529132,0.27679123054911414,0.0003122232761661645,0.80701719827452,0,0.00019576012226230397,6.260269936871859,0
0.06625533365692969,0.2945238563031559,0.0012314936838411295,1.292511224163165,0,0.0021083048782350655,4.935865274502173,0
0.0033229369971902872,0.27698272700895715,0.00032865509678599373,0.7381775338327365,0,0.00020131798929072457,6.260269936871859,0
0.03934146684235033,0.4412006219244426,0.0006354222062787323,1.4659236040601906,0,0.00019300772635451566,4.503311385737424,0
0.062028742108841343,0.29513346090043985,0.001237155258907112,1.2971258917017405,0,0.0019566143845803105,5.0173376909245535,0
0.006172812944189053,0.2369306384449024,0.00040598676499232984,1.089798102012,0,0.00038409998453651964,0,0
0.06582609394777589,0.29575357572093813,0.0012010341142158975,1.3003618737137665,0,0.0019360326993368997,5.073267964794432,0
0.008968837481926957,0.24535783037623002,0.0004131449295808247,1.0803398854384687,0,0.00038954439697103885,5.661321380754227,0
0.0033848538614019014,0.2720369357138101,0.00033380602578705144,0.7699983864530261,0,0.00020544209649639176,6.260269936871859,0
0.03742881544390808,0.4690075620842029,0.0007010636802148302,1.4906965416528677,0,0.00022433321288886431,4.503311385737424,0
0.07807831436717534,0.30957089642257096,0.0011196838918665173,1.308141693353176,0,0.0018934335292511712,5.124458570515254,0
0.0035132063684818506,0.2734028700241835,0.00033917989930952176,0.7667806935392303,0,0.00020699179358562523,6.260269936871859,0
0.06232753334769039,0.7775319854349805,0.0005584167022666309,1.5506193650919222,0,0.00026383529637315786,4.5260798414867525,0
0.010431355275306878,0.24917676280795514,0.00041739360906590953,1.1021839851789463,0,0.0003921698781123816,5.661321380754227,0
0.0,0.27883340453746036,0.0003571480076717003,0.7471995330894671,0,0.00022046693226766297,0,0
0.06223430404971886,0.7787921622281082,0.0005371944672776467,1.553258561903347,0,0.00025202670201727935,4.5260798414867525,0
0.061407544842810205,0.28828551931881563,0.0010829124920375866,1.2840452257383237,0,0.0018158187875810883,5.0668622395844585,0
0.005894348051476782,0.25938352120092745,0.00039474434387148374,1.0883362091216588,0,0.00025142017791642874,5.661321380754227,0
0.03820851446506407,0.4729957799514762,0.0006661246530837317,1.4543648542717533,0,0.0002257188820530979,4.503311385737424,0
0.0098719138862789,0.2553781697437195,0.0004309274575245999,1.03149101533343,0,0.000257297505513052,5.661321380754227,0
0.07904396012180617,0.29683456286207177,0.0014153390379333935,1.235785502468704,0,0.0024373977734869156,4.967643688127529,0
0.002920167976697651,0.27230917526989096,0.0003198035113642202,0.775919726510115,0,0.0001972593098980081,6.260269936871859,0
0.00947209657058426,0.2597270112053261,0.00041719671614248363,1.0911828374582813,0,0.0003933286590458787,5.661321380754227,0
0.003610928029308628,0.2747218283131943,0.00034224008973025226,0.7808047705491855,0,0.00021179792371378955,6.260269936871859,0
0.07363727665089351,0.3129712775635982,0.0011726839479410485,1.321508929631065,0,0.002051200673325349,5.03335337539459,0
0.03731438374105647,0.7693097326123502,0.0007154631321688128,1.4809179759958364,0,0.0002719068943847308,4.542716843834348,0
0.05948633597623569,0.2880543528940273,0.0011644884105300305,1.2743954641705075,0,0.0019230241637536684,5.0668622395844585,0
0.025758082486299374,0.4777691168742014,0.0005528723122250565,1.4113180332486455,0,0.00022757954670271207,4.492805836791561,0
0.009715899430831273,0.23863945549180757,0.00042503695967196207,1.0869433871588428,0,0.0004042178749949894,5.661321380754227,0
0.0032359579354326005,0.26820319311802204,0.00032253186762533115,0.7369152927235839,0,0.00019340677600859435,6.260269936871859,0
0.061980166136059736,0.2892563517544254,0.0011922587107486516,1.2911933442445604,0,0.0020758203692382293,5.005365240536724,0
0.03669329635809786,0.4652793950775937,0.00070677979580241,1.4443912223984983,0,0.00021487366038668287,4.503311385737424,0
0.009177433989162341,0.2470278659378147,0.00040854025806948385,1.0947972908748658,0,0.0003909646435537034,5.661321380754227,0
0.00332070061189349,0.2719081170676003,0.000342845169669249,0.7736306612538347,0,0.00021100082161127183,6.260269936871859,0
0.0033750319752519804,0.27075124169432857,0.00032292006180332285,0.8224203587541674,0,0.00019982234466773803,6.260269936871859,0
0.05704835375327593,0.2841474624286008,0.001207109330663309,1.273848050072781,0,0.0022425878544453763,5.046529358012257,0
0.010934777370065075,0.24787987258704844,0.0004572938083435976,1.031509871692995,0,0.0004238155885534315,5.661321380754227,0
0.03687487922121995,0.7767107186373563,0.0006840951824013551,1.473019924355131,0,0.0002274601540926948,4.503311385737424,0
0.00894267647404284,0.2454128183895743,0.0004039136510632399,1.0905880827431016,0,0.00038264146449898287,5.661321380754227,0
0.038252452573897595,0.46097333218684844,0.0006770623517165458,1.457915132078086,0,0.00022816866679869807,4.503311385737424,0
0.0036811167121548333,0.26806736264284203,0.0003372536403655986,0.7477800695624941,0,0.00020531603088344197,6.260269936871859,0
0.054800677411330614,0.29570246193211147,0.0011249621759187895,1.232478553200358,0,0.0019391855803393054,5.0668622395844585,0
0.06356804633705648,0.2809101802515126,0.0011799297928146268,1.2851083110561592,0,0.0020450516551695874,5.025245332752339,0
0.038424736305275285,0.7759831252028491,0.0007303226082325036,1.473987806267689,0,0.00025195985088782586,4.503311385737424,0
0.009393141380031209,0.24159871418716455,0.00042413760638643883,1.072500603923483,0,0.0003990070600457544,5.661321380754227,0
0.003264541057103984,0.2795279285263071,0.00032264223064690245,0.7650349075339642,0,0.00020020639036754124,6.260269936871859,0
0.0030643607438861215,0.24822763112087773,0.0004001670733422131,1.0334908914608714,0,0.0002538469411717472,0,0
0.037438084808750084,0.4689863914895979,0.0006454470750824924,1.427239354765106,0,0.000186903581163603,4.503311385737424,0
0.0034479227495928313,0.2776029597574062,0.00033586625011525076,0.7863834299435783,0,0.00020778520792681806,6.260269936871859,0
0.07046928160150698,0.28941972846596953,0.0012706851298231801,1.3320835708676682,0,0.002137533977385227,5.0173376909245535,0
0.06098873286964837,0.2949937339631433,0.0011313325038231894,1.29763677047643,0,0.0018456787644943102,5.0668622395844585,0
0.0366852535468813,0.7698630323634895,0.0006825111189014523,1.5111716326906306,0,0.0002693734942118772,4.5322112948884845,0
0.009654459934259164,0.24671007144322205,0.00041465263657676586,1.1055611020164835,0,0.0004005049157976402,5.661321380754227,0
0.0033841660906793435,0.27240132860371075,0.00034218529020414967,0.7169990697184621,0,0.00020531725196239789,6.260269936871859,0
0.04694289472205405,0.30532565098495096,0.001201533625336954,1.1774063618930755,0,0.0019507075020496593,5.0173376909245535,0
0.037445770186317236,0.48184332096350535,0.0007049727007317238,1.4297377945563645,0,0.00021099420083001418,4.503311385737424,0
0.015059232886143383,0.2400810568789011,0.00043907585158973415,0.9801154344931581,0,0.00040205169721065537,5.661321380754227,0
6.661338147750939e-16,0.2735796812868704,0.0003230206655151186,0.7499036117074203,0,0.00019990012003169943,0,0
0.06544642611558438,0.28317550971049243,0.0012987465752921155,1.308987694534851,0,0.002330571241064469,5.001847969780225,0
0.03790097764808414,0.7786347791647449,0.0006791630860268552,1.5372022020057978,0,0.00024043656975146022,4.503311385737424,0
0.010836612497423605,0.25509285740615983,0.0004528585289176648,1.0350717705530679,0,0.00041922974578919843,5.661321380754227,0
0.0034302211271629857,0.27389546631191874,0.00031249546510207993,0.8060246068833499,0,0.00019559974933558056,6.260269936871859,0
0.054707849025942626,0.2886124867304475,0.001120683784600834,1.2593358279125924,0,0.0018161350215050564,5.035011303628006,0
0.06314600579791,0.7941593297137154,0.0004907346288166996,1.5558819008751459,0,0.0002633173644440887,4.5260798414867525,0
0.009679637035154169,0.2608793065514438,0.0004107777410664716,1.0661078745684454,0,0.0003909085603511373,5.661321380754227,0
0.0034163035415379593,0.27179592896880655,0.00033747062140389083,0.7672952711290707,0,0.00020646036795558397,6.260269936871859,0
0.0034807913313815685,0.2722366644190797,0.0003491842052691171,0.7361503064495727,0,0.0002104089474641075,6.260269936871859,0
0.009716827205719113,0.2507916629127382,0.00041588964871003156,1.1136514957309838,0,0.000389928472460143,5.661321380754227,0
0.06768547052090332,0.7777530125155595,0.0003006847781990274,1.729478211686768,0,0.00023212659478195013,4.5260798414867525,0
0.05598057730333034,0.2856938248815744,0.001153035249544736,1.2540185959216477,0,0.0019117226898377811,5.041873885632642,0
0.005975639827072117,0.2532462704451929,0.0003979505048274683,1.0665326328867075,0,0.00025042596121670446,5.661321380754227,0
0.05791073670622186,0.30278266360096556,0.0011442879093890132,1.3147989476674469,0,0.0018402292412180287,5.176117399927352,0
0.063902198608138,0.7788698987270786,0.0005535852729044443,1.5560062358627764,0,0.00028212994274597205,4.5260798414867525,0
0.0034162749090483648,0.27075586295060633,0.00034402053852745245,0.7770678604554355,0,0.00020956067696746214,6.260269936871859,0
0.05723375374266926,0.29141676471222017,0.0012217452231196974,1.2665921232214528,0,0.0020592998383222962,5.017147055020294,0
0.03744618380722894,0.7754678528125473,0.000728626932145426,1.4832350138871202,0,0.0002637604795116932,4.542716843834348,0
0.009151406621225808,0.2401835357102982,0.0003999153175236155,1.0868534010350244,0,0.00037163468318080747,5.661321380754227,0
0.0035798771474121645,0.2741402746138175,0.0003365368710969248,0.7608248897817254,0,0.00020705507791073395,6.260269936871859,0
0.0035442589075158695,0.27346315989626896,0.00033177960449317604,0.7462804169249914,0,0.00020270801383481585,6.260269936871859,0
0.037676582957604766,0.7730039719237618,0.0007427388247532294,1.4803604178899454,0,0.00028860372050470935,4.542716843834348,0
0.06764548557330217,0.30131244499250226,0.0011580844370663174,1.272773848721803,0,0.0018902249013278746,5.0668622395844585,0
0.009187070533735582,0.2383313729673112,0.00041396353945126506,1.1024484716777332,0,0.0003910141867361334,5.661321380754227,0
0.06845605551380292,0.284834434893161,0.0012952621409737777,1.228592199746556,0,0.0022031716577022983,4.967643688127529,0
0.03710649287438516,0.4637229562789513,0.000697583980594494,1.4563321785373973,0,0.00023798957552920196,4.503311385737424,0
0.013663753120980348,0.2588120027806504,0.00042549913789615795,1.0655878913847598,0,0.00039532116215438033,5.661321380754227,0
0.0030995214759942206,0.27063641328541416,0.0003266276017729186,0.7612636767835724,0,0.0002001509313202537,6.260269936871859,0
0.0032936798935381366,0.2737408064057681,0.0003258659211893876,0.7662413465085814,0,0.0002000717594185536,6.260269936871859,0
0.0369056040317133,0.4687635895710346,0.0006734809688877156,1.4844512509283088,0,0.00023584901258112112,4.503311385737424,0
0.06345744975570282,0.2908451021431753,0.0012659208528530892,1.3346349578318246,0,0.0020185715469104855,4.9820493062380145,0
0.010727955411845985,0.24641114993371405,0.0004279577414408063,1.0764143970500277,0,0.00040465233823509756,5.661321380754227,0
0.05108921197095307,0.2832310695652413,0.0011819648353916493,1.3026160754491294,0,0.001969338700833304,5.124458570515254,0
0.006233752215672593,0.2642442609733421,0.00039785637186325653,1.0912464385606224,0,0.00025598586064113027,5.661321380754227,0
0.0033535921135453943,0.2757924259639833,0.0003442625205265672,0.7836243218067542,0,0.00021109468939875943,6.260269936871859,0
0.0633085029400639,0.777343678478841,0.0005540186612229907,1.554649208693065,0,0.00025467118496692604,4.5260798414867525,0
2.7755575615628914e-16,0.2771916921555404,0.0003372455843512967,0.7169373278890381,0,0.00020630266222633362,0,0
0.062295931505773026,0.7845848369969416,0.0005329716395307401,1.5538989489704211,0,0.0002634733848265428,4.5260798414867525,0
0.06296463074846233,0.28404074699353404,0.0011513092213936617,1.2734366392828473,0,0.001857469194219056,5.0668622395844585,0
0.008447111792520473,0.2345464053439429,0.0004123024665146036,1.0638610579407521,0,0.00039198186742793673,6.260269936871859,0
0.007527584888604326,0.2613025955220544,0.00044178412246982727,1.0174774079276694,0,0.0002796681646992458,5.661321380754227,0
0.0035658982941282336,0.27265828726691055,0.0003221766834286636,0.8150747578898474,0,0.00020158435411354403,6.260269936871859,0
0.07348987966872796,0.29625997938058735,0.0012154151295742717,1.3265262214127673,0,0.002156402557473803,5.001847969780225,0
0.037863544788594064,0.4618543981627102,0.000662419591463115,1.4389275304085167,0,0.00021849419871628305,4.503311385737424,0
0.0615730614354589,0.30459526009852506,0.001191302321176878,1.2950616922583373,0,0.002061505264057069,5.031687273880354,0
0.036902577708375926,0.46315748056893385,0.0006492216864869775,1.4425762862275966,0,0.00021233921266137568,4.503311385737424,0
0.010242041129872429,0.233674867544796,0.0004401845553163819,1.135795779130933,0,0.0004139653495214385,5.661321380754227,0
0.003415149669632505,0.2724773304330823,0.00032924381000625706,0.7310112416619432,0,0.00020052829345427024,6.260269936871859,0
0.008918857141292102,0.24587801109217544,0.0003909599020609523,1.1043440926547745,0,0.00036823428556847354,5.661321380754227,0
0.052663544019275185,0.29230038729230085,0.0011285828990567112,1.280628920247033,0,0.0018771103695855525,5.176117399927352,0
0.08107757886194238,0.7909655591540755,0.000260237410727023,1.839514451870308,0,0.00022913255944779216,4.5260798414867525,0
0.0034481980715149844,0.2747314161899704,0.00033699249926268993,0.773388344368948,0,0.0002079291111997146,6.260269936871859,0
0.010588133977696559,0.2515907372109499,0.0004488631880712629,1.017781963204619,0,0.0004149748020222322,5.661321380754227,0
0.060851825793753415,0.29202992797299354,0.0012418016465812855,1.222336240380118,0,0.002068974727079443,4.981396339691768,0
0.03867253996091035,0.47071656695982794,0.0007083091463743973,1.4224304387419233,0,0.00021499478684867374,4.503311385737424,0
0.003402204653951961,0.2630657988812924,0.00031651386253272437,0.811858093937973,0,0.00019282906350032606,6.260269936871859,0
0.05343366966217757,0.29086514494683047,0.0011509794612883872,1.2877501535928364,0,0.0019480816655168057,5.0668622395844585,0
0.03929946074355015,0.779636694402936,0.0006797231757097991,1.4781562864957287,0,0.0002705649490795636,4.5322112948884845,0
0.009599613364085581,0.2435056591242903,0.00041289191255559974,1.1016519431826182,0,0.0003863806498748322,5.661321380754227,0
-2.220446049250313e-16,0.27772015879989986,0.0003424350217667922,0.752437629947412,0,0.000210663541277714,0,0
0.05938383665363318,0.2947791341935979,0.001139034651746133,1.3165870238372197,0,0.0019529602645933317,5.035378197619169,0
0.037294347227108116,0.47017135673871957,0.0007018872104281489,1.4525583311885986,0,0.0002396168921895093,4.503311385737424,0
0.009716827205719113,0.2467267606833488,0.00039960411307304536,1.0544179984649211,0,0.0003765610129987934,5.661321380754227,0
0.0037916358697482264,0.2774900131826163,0.00033901957061455834,0.7641733719856616,0,0.00020986245474596723,6.260269936871859,0
0.05434330002606206,0.301427331958501,0.0011701502968766429,1.3400909935463998,0,0.002153979401256603,5.025245332752339,0
0.04835938431925628,0.7911964934789631,0.0002857954584653868,1.6554441939693367,0,0.00022878354901971942,4.503311385737424,0
0.009196458926119193,0.24442541710936075,0.00041005340740044624,1.127122224671841,0,0.0003879549908026436,5.661321380754227,0
0.0031377383472016573,0.2786430360347519,0.0003488006309531085,0.7778937813968199,0,0.00021401998387426906,6.260269936871859,0
0.00952808993439853,0.24834210088743974,0.00039712430384957056,1.0828665751194262,0,0.00037910221751763946,5.661321380754227,0
0.057003162502260604,0.2922246938637145,0.0011052620579591296,1.258906537165318,0,0.0019253649034718246,5.124458570515254,0
0.06275852101992335,0.7783622840109926,0.0005504092862534018,1.552915542329704,0,0.00025205202597496356,4.5260798414867525,0
0.00331831800098158,0.27067541767579417,0.0003525884867900528,0.7926251402838353,0,0.0002162183271041942,6.260269936871859,0
0.0033449567278735666,0.2751932313510776,0.00031197913842125004,0.8022749966279299,0,0.00019406416214263277,6.260269936871859,0
0.044626473293028865,0.7909124933739003,0.0005823382875460181,1.4553671943679936,0,0.00021991853699472087,4.503311385737424,0
0.09018024452552943,0.31532268089846466,0.001227175064152975,1.3261137429975485,0,0.0021923167787514623,5.0173376909245535,0
0.003508762811700976,0.2508729226710147,0.00044784726696032854,1.0222410460233622,0,0.00028218357829225277,0,0
0.05861755046220689,0.28789860678917784,0.0012000633574887998,1.2853462139097944,0,0.002016568887933144,5.0173376909245535,0
0.023887897249157734,0.47129031826172585,0.0005496305156960932,1.4655305810865626,0,0.00022666918877055649,4.5138169346832875,0
0.009765058902970879,0.22709069232737558,0.0004197110926911279,1.0940500924289966,0,0.0003486048376314236,5.960795658813043,0
0.0,0.28045702744031453,0.00032949920901888605,0.7428220249176719,0,0.00020310568793169208,0,0
0.03845674503977891,0.4690365041330552,0.0006811402300738416,1.448722293426286,0,0.00023144455873470897,4.503311385737424,0
0.018087742897152773,0.23818935500098576,0.00043291384408007086,1.0112274534693433,0,0.0004686629030667195,5.960795658813043,0
0.04854174616207486,0.3011237025740301,0.0012787840702158581,1.1808801426354778,0,0.0021228083270981536,5.0668622395844585,0
5.551115123125783e-16,0.27548854011642804,0.00032364178450737367,0.7593364118728124,0,0.00020186327278752544,0,0
0.011812120979082096,0.27040445011089537,0.000438713413987126,1.0528694954349378,0,0.0004258586183774404,5.661321380754227,0
0.03700304516071384,0.47443897334954327,0.0006813863853528914,1.4549715762448698,0,0.00022594552677227363,4.503311385737424,0
0.003285652350072669,0.2725444299891793,0.0003058324266440248,0.8119856597726666,0,0.00018958058793779652,6.260269936871859,0
0.08970840061607929,0.28472840269483807,0.0013031653832836336,1.2991150694910498,0,0.0019847185121852394,4.908255286162004,0
0.0035471517726299584,0.2742719024792282,0.0003456779834627093,0.7633105126073678,0,0.0002121296525615925,6.260269936871859,0
0.03864107960150171,0.7765717741785372,0.0006701234973259107,1.4139369663100148,0,0.0002371910614827261,4.5322112948884845,0
0.055454739761178554,0.2909555949684711,0.0011310549162062754,1.2948471304030011,0,0.0017247170542985474,5.13597436627056,0
0.009258429235704867,0.2569950219123303,0.00040761428164381715,1.060609368653605,0,0.0003867437061484197,5.661321380754227,0
0.06264610967133304,0.2937123425474743,0.0011843597491695288,1.3044189101397627,0,0.0020080281875267903,5.033353375394589,0
0.009263119273828564,0.2510591977442704,0.0003962055234973161,1.0901775571090146,0,0.0003740015859096676,5.661321380754227,0
-3.3306690738754696e-16,0.2699672901914681,0.0003394287240371492,0.7340875238711269,0,0.000205813203696517,0,0
0.08039503661524695,0.7932336471289839,0.00025598890605031763,1.8324151901794663,0,0.0002448875482901162,4.5260798414867525,0
0.011207726820930665,0.2361632491433412,0.00043776233065678045,1.0797520470837623,0,0.00041088694766725674,5.661321380754227,0
0.0032645410571045946,0.2710787764929751,0.0003251429802390652,0.7585670895491223,0,0.00019927813156857483,6.260269936871859,0
0.062295147671203116,0.28842652706902067,0.0012491256528559948,1.2491078394507509,0,0.002139297402861862,4.966885423677441,0
0.03537633040125915,0.481152364521763,0.0006489022807527071,1.4605264691269235,0,0.00023633048019057595,4.503311385737424,0
0.060930295660700476,0.27981712518037993,0.0012074503909757562,1.2461235301006601,0,0.0017750543143410622,5.135974366270561,0
0.08000172397203616,0.7858074647957219,0.00025929202466215887,1.8326108646046544,0,0.0002586115861705714,4.5260798414867525,0
0.00904711372993729,0.24948714381390075,0.00040085305137175776,1.094518501087144,0,0.00038148799514632685,5.661321380754227,0
0.0033521574780317996,0.2748772250777258,0.0003357517465051865,0.7404835492130647,0,0.00020531942024337065,6.260269936871859,0
0.07237773041319187,0.2988147483324994,0.0011661142600093452,1.2769244045877237,0,0.0018201295841139432,5.124458570515254,0
0.062269107245521586,0.7788511200312067,0.0005450344806949153,1.5524434503257505,0,0.00023975408879381294,4.5260798414867525,0
0.010516927735528949,0.2442834500092073,0.0004284209036238062,1.1262029873061175,0,0.000404179092072409,5.661321380754227,0
0.0034156596094086257,0.27066716508289673,0.00033301777814760984,0.7582217110155332,0,0.0002026493512042975,6.260269936871859,0
0.0030476716062244405,0.27390330213893843,0.0003193033912645024,0.7787325158734058,0,0.000197113558687465,6.260269936871859,0
0.040919973755816866,0.4695985555889959,0.0007714177515869422,1.4763131695108136,0,0.0002068608039338919,4.503311385737424,0
0.06291515265687185,0.2858716355664031,0.0012901016145790666,1.3140860622138832,0,0.002268879384875905,5.0221852339463675,0
0.01010039050470899,0.24149324993944163,0.00046365654803084115,1.026258375547545,0,0.0002781654149143623,5.661321380754227,0
0.01963710893698388,0.24374993276830112,0.00040980642180711156,0.9980806357995744,0,0.00044865421416513353,5.960795658813043,0
-3.3306690738754696e-16,0.2744335083215935,0.0003248196913701094,0.764230304771099,0,0.00020455662471303748,0,0
0.07562956573665688,0.2924513520858835,0.0012892989936772392,1.2473061051136924,0,0.0022116291833161237,4.982049306238013,0
0.03539236383535606,0.47083380992446705,0.0006916320060441945,1.4341581973592166,0,0.00023293543717006646,4.503311385737424,0
0.01035866802168783,0.23996736750186778,0.00042749223152464594,1.0909973276154696,0,0.000403422732046254,5.661321380754227,0
0.03731438374105647,0.7774839052541231,0.0006939434473477126,1.4741566209510775,0,0.0002335439819328191,4.503311385737424,0
0.0029598395684668245,0.28146049576774584,0.0003239193416702416,0.7392439352250473,0,0.00019882344236318454,6.260269936871859,0
0.06131681630381101,0.2892586801008229,0.0012176861830427155,1.3343966507876568,0,0.002167710937159545,5.001847969780225,0
0.06914055892272697,0.288697317438241,0.0012144297272433384,1.238011135160173,0,0.001971687056621323,4.967643688127529,0
0.037209655233139224,0.46992069266080894,0.0006745996826598969,1.4598426229974313,0,0.00022316375913804148,4.503311385737424,0
0.010021349270366759,0.24614156619545371,0.00043994152233343714,1.0821921483075663,0,0.00041539089343736014,5.661321380754227,0
0.0032647039304705174,0.27576333060920927,0.0003292890079962586,0.7716551406589148,0,0.00020214161603813408,6.260269936871859,0
0.06803081480215507,0.3012555154580158,0.0011723719768930126,1.289210059784132,0,0.0019372511117196518,5.0668622395844585,0
0.03691294540205767,0.7760217834714213,0.0006732537244574159,1.4739382449629181,0,0.00026936152133044835,4.5322112948884845,0
0.006328185947718168,0.25441988129290116,0.000401307407671474,1.0658999110973233,0,0.00038195094749957515,0,0
0.0033512785865662913,0.2747513831830013,0.00034889199400142494,0.7941110664896458,0,0.00021468520407746236,6.260269936871859,0
0.06166420436173167,0.29362845508492513,0.0011035981104061605,1.2798330401235425,0,0.001900383085733287,5.081948905223207,0
0.003614670696581588,0.2666910094098328,0.0003486610587745495,0.7364450190376216,0,0.00021040084321232453,6.260269936871859,0
0.04803326525107493,0.7827286020494756,0.00034339159952397996,1.7272435928738448,0,0.00024316584335144862,4.542716843834348,0
0.006453590659836694,0.2561527798891548,0.000406092907641001,1.085975815965417,0,0.0002583646048824937,5.661321380754227,0
0.06380136017968754,0.2973219319369545,0.0011510301743669303,1.2835595941896407,0,0.002023137898293088,4.945976792480816,0
0.043899854915718316,0.7926337329404867,0.0005204858810456502,1.4780868743896476,0,0.00022789987133208832,4.503311385737424,0
0.010307812298855613,0.23897766984576796,0.0004105487873552787,1.0936796347834303,0,0.0003921323406773914,5.661321380754227,0
0.003203029442140945,0.2806724582928541,0.0003391948957999781,0.7596753305108249,0,0.00021003037232420794,6.260269936871859,0
0.008465558302798624,0.26186501181685123,0.0004001676250718485,1.073645644923301,0,0.0003827035903585004,5.661321380754227,0
0.05499314612938008,0.28571866672216817,0.0011666229497005807,1.2658927058395204,0,0.0019630972710333464,5.0668622395844585,0
0.03749979040619434,0.4926966016264704,0.0006866626770054535,1.4404284855348917,0,0.00025437189296801803,4.503311385737424,0
2.220446049250313e-16,0.27138236663890014,0.00033968612341859334,0.7610055700097756,0,0.0002073830565004528,0,0
0.003514024653833169,0.26557840647551656,0.0003563224480113399,0.770656335838359,0,0.0002140297754766981,6.260269936871859,0
0.06339766056675969,0.7761252436814884,0.0005467218485238178,1.552607839659637,0,0.0002636726022192588,4.5260798414867525,0
0.05831998047418875,0.2888039516527005,0.0011366361600630302,1.276996515714701,0,0.0018645228557924469,5.124458570515254,0
0.006118907327327866,0.2576932838928765,0.0004121006529437033,1.083536029679818,0,0.0002577207366355121,5.661321380754227,0
0.006369758104989451,0.24111368568109684,0.00041212647549025466,1.064659202738856,0,0.0003837229586053152,0,0
0.05939458131879767,0.2948719616694901,0.001193496828708193,1.29974891675639,0,0.0019886472663665287,5.0668622395844585,0
0.06379490445141602,0.7766849052658509,0.000556683468293828,1.5503333171696747,0,0.00028304967379769565,4.5260798414867525,0
0.003353875964478812,0.27414536049579896,0.00033554646065618327,0.7699595457097631,0,0.0002062190958110717,6.260269936871859,0
0.0032938686040311083,0.2766985545150542,0.0003287905068563524,0.7595634799463529,0,0.00020375832807202079,6.260269936871859,0
0.022778422628315222,0.4687874333665729,0.000520246995277696,1.4511387901051773,0,0.00022670236780938919,4.492805836791561,0
0.07059152364557034,0.29429159213804196,0.0012209680485170543,1.2636997021254515,0,0.0020177481878162103,5.0173376909245535,0
0.009968996967426948,0.24142063563306473,0.00041989253112822636,1.088737558594235,0,0.00039986327832352414,5.661321380754227,0
0.003447902819466605,0.27196119723332446,0.0003573557573235011,0.7509080220166336,0,0.00021650403126337856,6.260269936871859,0
0.06911134081996748,0.7832352923822965,0.00031549227694399156,1.7275603525267826,0,0.0002735192117518706,4.5260798414867525,0
0.05007331683400734,0.2722920690709183,0.0011618851665299546,1.239546802073062,0,0.0016733343848913266,4.981396339691768,0
0.010154633406324456,0.25014483493089024,0.00039011347321050386,1.0589932545427927,0,0.0003677920715244751,5.661321380754227,0
0.0,0.27534150446886274,0.00032803464172103785,0.7843769960578669,0,0.00020402399572787784,0,0
0.03721086594437351,0.776498636710502,0.0007136182479521898,1.4738830082158874,0,0.0002263162479106905,4.503311385737424,0
0.0778358504319181,0.3100881184791438,0.001198101499490866,1.3221902810377089,0,0.0021035761057918052,5.0173376909245535,0
0.009414492017684288,0.24168809164411406,0.00042306075288698713,1.093896032268783,0,0.0003973787346885219,5.661321380754227,0
0.0031713200447030625,0.27268880697927816,0.00033451899903553194,0.7934547920544759,0,0.0002064990782934138,6.260269936871859,0
0.03757732646006355,0.7722540869465276,0.0007433494499839936,1.5075639483061918,0,0.0002609771941951836,4.542716843834348,0
0.06010090336105847,0.29056377779507825,0.0011759967881664244,1.2778424192234548,0,0.0019021597692111642,5.0668622395844585,0
0.006438666489085441,0.2561670371301363,0.0004040603331215978,1.08231663602847,0,0.00025776777646409636,5.661321380754227,0
0.01870516631591948,0.23921676266933398,0.0004156170244329337,1.010141024321611,0,0.00046668632207254394,5.960795658813043,0
0.04134720605449351,0.46218945702690034,0.0007298756013631721,1.3987284537095497,0,0.00018842333167637108,4.503311385737424,0
0.0,0.27951665230386585,0.0003238003985109456,0.7523307927661251,0,0.00020195219157289568,0,0
0.04091151419969011,0.30104403856219236,0.0011283866157385338,1.1517115008858774,0,0.002161163449894768,5.008807851693445,0
0.07075690654125838,0.30249710063149055,0.0012441962998819259,1.369373440936295,0,0.0022946737827222634,4.9830917440517375,0
0.03923046673910009,0.7751036954144946,0.0007343094297588837,1.4765453528704404,0,0.00021988582255882527,4.503311385737424,0
0.009806446798849094,0.2593992306024241,0.0004503129453807432,1.0342224477590989,0,0.0004211521604673104,5.661321380754227,0
0.0033750319752523135,0.276633322357001,0.00032121369233508183,0.8313198762105277,0,0.0002011913146246979,6.260269936871859,0
0.057784611814085306,0.2877244827974023,0.001208060005102619,1.278680252931506,0,0.0020663568840217916,5.09334837819839,0
0.03871513149501253,0.46494433998325413,0.0006817067087332829,1.4769911374116862,0,0.00021580701513438443,4.503311385737424,0
0.010476416497942585,0.2561401955690147,0.0004239432459792869,1.0881661409107692,0,0.000411825190495176,5.661321380754227,0
0.0032935280458289244,0.28027541024651526,0.0003123774771430034,0.7590025190126343,0,0.0001941673079313936,6.260269936871859,0
0.03580541154449743,0.46216323316881386,0.0006573026588888934,1.4625420943907845,0,0.00021918962184548153,4.503311385737424,0
6.661338147750939e-16,0.26781174679440195,0.0003329860003730266,0.7170152847411327,0,0.000201413064549492,0,0
0.01294081451663473,0.22648541170752537,0.0004189714882883412,1.0682686421476126,0,0.00048086291823331683,5.960795658813043,0
0.06312647041350437,0.28926931073202666,0.0012464816639415008,1.2844370152331341,0,0.0019691876364958654,5.024353495881513,0
