0.01714142575732849,0.021980391710102347,0.030409049047441468,0.018059221068612578,0.0243759597418534,0.021320864475788633,0.02010190476971427,0.016919010267109624,0.02304283083806457,0.02253189754403609,0.019353832745309347,0.02276376890544679,0.017530371843867992,0.02511005060524211,0.016065598474491467,0.018859390191691253,0.02138721344562465,0.019045957956165448,0.01630593353832511,0.018716053045432078,0.016726388209118558,0.01932274122237854,0.017743034162203183,0.02135078235170339,0.019429925085965916
0.018095650231712515,0.01904392136293398,0.017321138000069555,0.017265510504579716,0.017090654583738266,0.018157928693192445,0.01934999671644183,0.02266671927903919,0.018481760733292593,0.01615512535536027,0.02271589409787804,0.024316734721312627,0.018935668608756284,0.018172817044778345,0.015895384848725075,0.020163619484244392,0.02183970123757592,0.021527316726825493,0.02647730988721384,0.01721201005699331,0.016632293715608024,0.019419887740842644,0.021921593701910762,0.016389824244267236,0.019542606136644852
0.01808730078590809,0.020426016410083125,0.018884567576391308,0.021945150539846227,0.022802583799257366,0.019912355940363356,0.021934300293257568,0.026831428036700595,0.01909995908574976,0.017476516060792834,0.018271995708431164,0.017654407528230383,0.018641227831022386,0.023733213717872667,0.017895027593639888,0.018755559645960575,0.017585192541607803,0.017724047971513064,0.02497717784322906,0.020632445012482417,0.021454481548112733,0.022022032273569928,0.018367766169778928,0.024440882770848694,0.018030134824772573
0.018735337266648125,0.016576921921820247,0.016593844516839817,0.017415247215628933,0.018094782041451866,0.016528735112856376,0.020557225683176004,0.01664980864094134,0.017375755119102783,0.01803024007684372,0.016926156314309704,0.01980089831951282,0.018676342198259036,0.020875995424212493,0.017956911665704373,0.01838962530631266,0.016688506770277764,0.017986150715206786,0.022353398374433387,0.01850922518415091,0.021705476890091523,0.01953828984312727,0.020863630219813502,0.021096413572067086,0.019463406513137615
0.06841747935714415,0.041338800709327155,0.0708680025529791,0.030508549032171525,0.04090929189519457,0.05352105588973119,0.02705531099388962,0.027777240270008285,0.06783592229996334,0.06175242455264971,0.07253318389635581,0.05347009198522652,0.06034025253955319,0.059888713302944,0.06627012782669692,0.05041640935746856,0.07034938601022431,0.04270148648547698,0.04831439544725696,0.07954371813154422,0.04757586014857564,0.05552370020311587,0.07211673705001162,0.020356479385036357,0.06378737584641936
0.0597689444813248,0.0548853753164596,0.0344336485869502,0.06739708869793298,0.020521043595517215,0.051781134507845925,0.07862382687623196,0.07920260096811256,0.045401015396909106,0.07146943056555563,0.07843747782524574,0.060673107764026,0.035419883222020485,0.03595224225062344,0.06182883632591308,0.07229314993859341,0.043033529732626835,0.03928367284075905,0.06975918595852693,0.01926179990364317,0.05423342554017254,0.05068521885103018,0.058313870636508,0.06740536539705914,0.06289644355350965
0.01952482165867102,0.044904653068611834,0.06341977615975267,0.037342142232597755,0.05397465596850033,0.022439035015972057,0.06881952391757154,0.016788912273631485,0.06526059032388241,0.02705071104005234,0.04542743618139366,0.03263342362611014,0.023525345400727038,0.06462092480499973,0.04291083289179374,0.06997650001178543,0.019184025627804795,0.059317850811443404,0.014956696991463536,0.0910324606403649,0.03637260817692143,0.04796963501814229,0.044378104732297356,0.07400104159736819,0.026146321191598165
0.044760429504467104,0.07063404535062338,0.06388880849088246,0.06701523196156739,0.06580889000048676,0.06276986945112159,0.03937368335950781,0.05503550997737898,0.07270347323214621,0.024225494568900736,0.058432779360444345,0.010137613963604089,0.05414727837613839,0.06370517559117816,0.039587532230575796,0.03760931300930371,0.06514987542307102,0.03770090557539005,0.028812094472767384,0.06221499042522963,0.08036648375869994,0.007863239171979236,0.07773116935935996,0.021002964452810524,0.054579252846097
0.0003226653687524192,0.00032902245723516097,0.0003326598834076897,0.0003237409383251954,0.00031786545332536083,0.00032251968459959295,0.0003262863876113667,0.00032064541234184734,0.00033061904274369366,0.0003239195754927114,0.0003245321489584684,0.00032045280840843583,0.000321637613712554,0.00031805485524298094,0.0003218129702141674,0.00032493202122177596,0.00032442639099985196,0.00031784417204458546,0.00032132646462759305,0.0003204225769673162,0.0003221719706550183,0.00032494373209930957,0.0003237914286117621,0.0003227211355093772,0.0003108017586113499
0.0003169640315537913,0.0003270637053187602,0.0003174959464342451,0.00033010352185942947,0.0003139095129898733,0.00032349975631582007,0.0003295842848485736,0.00032433257926584025,0.0003246049337431762,0.00032733444726330477,0.0003173289871752748,0.0003287731651881128,0.0003209948550201641,0.0003238249015045832,0.00031789103953094324,0.0003262028812869433,0.0003215685409869311,0.00032325655999049783,0.00031986387721098764,0.0003147543725787013,0.0003241215669893264,0.00032467240164118567,0.00032713836374110997,0.00032016430589026245,0.0003256469706219805
0.0003193031451425212,0.0003295256987452463,0.00031794174795938645,0.00033024249998498295,0.00032033783050100485,0.0003130018906638881,0.00031908736312754975,0.0003198063598544723,0.00032699939783419784,0.0003225011558386944,0.00032438110850982796,0.0003261857603030803,0.00031703490272166267,0.0003241958199292282,0.00032887674192905164,0.0003290643457058266,0.00032301760256611987,0.0003238514596999427,0.0003238337270984263,0.00032137868957501285,0.00031980103209539805,0.00032418046226389955,0.00032531442921470994,0.00032613453654883363,0.00032076711329911706
0.00032274706904283657,0.00031615111332666823,0.0003296056188762506,0.0003224128894937594,0.00032184847612232143,0.000317278466742505,0.0003330391927690495,0.0003155746145427885,0.00032387732001866324,0.00031324971641670746,0.0003248224256674733,0.0003161660106062917,0.00032422555868467776,0.00032794667051266966,0.0003218465602841144,0.00032242705889614097,0.0003128818499003161,0.0003239131670601082,0.0003299095533483749,0.0003257987390155609,0.0003251568002471704,0.000314718034428078,0.00033171823911157114,0.0003194438338716474,0.0003227974268943288
3.979971060340901,4.975780454015186,4.946244307295603,3.972234748415489,4.915354031344071,4.972917178447685,4.975707370108427,4.981908215777244,4.975945371355575,3.9362246909159913,4.919349737565927,5.012223360602315,3.973274093223305,4.975861196525991,3.975511157208617,4.9701814971891745,4.98695289582896,3.8966848779727856,3.9668353079286667,4.9112391759291345,4.981255872672652,4.975194339790239,3.9184518097445267,4.971273976803781,4.965764997875285
4.983343094851322,5.0017544020847735,3.990164025311209,4.964146459892317,4.99258335495931,4.962432953587157,4.977847551928162,4.966571328836669,4.975729800301179,3.9811465061619975,4.992356489194963,3.8747322956436636,4.922070524039651,3.9760804244454437,4.9877577250277785,4.95152744518206,4.939669371506246,3.9803314855244096,4.926684964716726,4.978344533129339,3.98476024827794,4.965869756335061,3.9854702463444243,4.9999467958665775,4.93383212927392
3.966474416459105,3.8605812305474143,4.989281013538869,4.983399615856866,4.983287386996709,3.970869099821794,3.979356265723117,4.93007274287044,4.990509181805451,3.9796890921721895,4.983761137836867,4.977638790147133,4.973794964976357,4.96743902010949,3.988117057986817,4.977344408032707,3.9645001249228824,4.990782478123096,3.9357845925621904,4.986704580679202,4.933357387884725,4.9918950598062235,4.968124286378747,4.9767779219247075,4.95945735066878
4.976736838464114,4.953850022193691,3.9889335666023586,3.9616105316039154,4.968900966941731,4.990862815092817,4.973045373815965,3.962350454336722,4.950533449706403,4.9755519617436,2.4601487449817427,4.956695913461796,4.986408747037945,4.932740657943596,3.967117605012577,4.9782198321962525,4.007482844759327,5.012524713765935,3.8960263456138478,4.9624297543333125,4.973760571341266,2.461502843760228,3.986121895949652,4.977956043443739,2.5346840432987667
0,0,0,0,0,0,0,0,0,0,0,0,0,0,0,0,0,0,0,0,0,0,0,0,0
0,0,0,0,0,0,0,0,0,0,0,0,0,0,0,0,0,0,0,0,0,0,0,0,0
0,0,0,0,0,0,0,0,0,0,0,0,0,0,0,0,0,0,0,0,0,0,0,0,0
0,0,0,0,0,0,0,0,0,0,0,0,0,0,0,0,0,0,0,0,0,0,0,0,0
0.003908400629094877,0.004618868615950569,0.0042403591003182615,0.0038220209631434215,0.00460972346009796,0.008215564478084983,0.007910755997273202,0.007314942679587648,0.004450902716336295,0.003649342123414617,0.004699139433138222,0.006780898849581023,0.003942900501825796,0.004264784009332778,0.0038606467429634812,0.007084179845813595,0.007140247848694152,0.0034952597762912072,0.004001729824931717,0.004989547885576696,0.007493776317557719,0.004676587708455113,0.0038264316106236345,0.007544651651367016,0.004620397439657546
0.007348129860181264,0.0041740738527414585,0.003968816100249707,0.004840479286101479,0.004183339019979717,0.007122247283792263,0.004283253995966253,0.004508977256840506,0.004296416653939765,0.004057395621270266,0.007539360582011268,0.0034272281866461903,0.00848324549612949,0.0037268382743883056,0.004350226469526035,0.00821476793940423,0.007700350377487887,0.003784905174657749,0.007749722604247634,0.006966526453835078,0.0038683681941622254,0.007626136710429586,0.003748718930429742,0.007795459543745552,0.008331971010057851
0.003930753308892316,0.003660264046909329,0.007412468150355187,0.004432572995978995,0.006560118305914805,0.0037608647886931035,0.0037453098760970873,0.0071515363421255414,0.004389208177808831,0.003799979655349871,0.004312709030120759,0.00777022763275169,0.00424929447987205,0.004664998210577084,0.0037621700572325247,0.007867889173291285,0.0038046177162815473,0.004276829557955955,0.0035507986913657394,0.004052117005236528,0.007978802741554417,0.004136835957978811,0.0071092234120533684,0.00737267070133853,0.007856014765481591
0.0070017914722651994,0.004441457413076254,0.003798390652794736,0.003764624293417953,0.004135865418740408,0.007774625613905743,0.00797473219249172,0.0036972173571664614,0.007442774627370107,0.004245823670370457,0.005584020741756911,0.00702190222278714,0.007445965476126698,0.008493939558708726,0.0038380294471047263,0.004314040952981066,0.0038893089067327472,0.004548184721055302,0.0035682450172830893,0.007876592959343877,0.007806668320588265,0.005435065353201117,0.0037585871479848447,0.007056974651082611,0.005503312013667396
5.058973680403312,5.095893682128727,4.931666640060032,5.117690326566236,5.077204390242413,5.095893682128727,5.117690326566236,5.121003331694284,4.98779392780574,5.077192032624716,5.027000119970807,4.987793927805739,5.080928001116226,5.033866893660942,5.062075830623532,5.123752704734992,5.033866893660942,5.064948733886257,5.115038415862182,5.016188031533081,5.12212505940391,5.072680447470997,5.041335702412289,5.12213646643563,5.083223075220707
5.049000560172977,5.072680447470997,5.1296887034694025,5.095893682128727,5.136256279818889,5.027000119970807,5.058973680403312,5.038879984488668,5.088878621836307,5.090822723870828,5.033866893660942,5.049000560172976,5.108370746099916,5.122136466435629,5.06607900345957,5.049000560172977,5.072680447470997,5.027292010565944,5.033866893660942,5.172817403130628,5.115038415862182,5.049000560172976,5.022475359040768,5.027000119970807,5.06607900345957
5.123752704734994,5.129110874311159,5.072680447470997,5.088878621836308,5.019602455778043,5.122136466435629,5.019602455778043,5.122136466435629,5.027000119970807,5.1296887034694025,5.122125059403909,5.106154334037624,5.117690326566235,4.98779392780574,5.144387720131483,5.058973680403313,5.098476023345315,5.095893682128727,5.123752704734994,4.958865659030933,5.086760091893711,5.077204390242412,5.115038415862182,4.987793927805739,5.1395834262240045
5.122136466435629,5.069753027793737,5.027000119970807,5.058973680403312,5.093586838012754,5.049000560172977,5.136788071481363,5.049000560172976,5.058973680403312,5.166891130784735,5.115038415862183,5.168013109223148,5.088878621836307,5.072680447470997,5.0953501204547615,5.115038415862182,5.144387720131483,5.088878621836307,5.117690326566236,5.055274789876705,5.058973680403311,5.13855135392337,5.033866893660942,5.123752704734992,5.0935868380127545
0,0,0,0,0,0,0,0,0,0,0,0,0,0,0,0,0,0,0,0,0,0,0,0,0
0,0,0,0,0,0,0,0,0,0,0,0,0,0,0,0,0,0,0,0,0,0,0,0,0
0,0,0,0,0,0,0,0,0,0,0,0,0,0,0,0,0,0,0,0,0,0,0,0,0
0,0,0,0,0,0,0,0,0,0,0,0,0,0,0,0,0,0,0,0,0,0,0,0,0
