[5.8583333333333325],10
29,52,71
[6.45],7
29,51,73
[6.475],11
32,49,72
[7.460685483870969],7
54,161,100
[6.353276353276353],10
54,90,123
[6.108333333333333],7
34,49,69
[6.6499999999999995],4
56,20,124
[5.933333333333334],8
33,46,71
[7.366935483870968],9
59,155,105
[7.736453201970443],8
46,158,79
[6.573684210526316],5
56,16,121
[6.6421052631578945],7
59,18,120
[7.464285714285714],9
49,148,83
[7.389655172413793],4
52,158,88
[6.366666666666667],10
29,46,73
[7.525862068965518],9
50,150,87
[6.918421052631579],3
59,17,122
[6.483333333333334],5
59,17,126
[6.481481481481482],8
55,87,128
[6.4125],7
32,51,74
[6.505847953216373],7
56,16,117
[6.414855072463768],7
44,80,110
[7.524137931034483],7
52,157,86
[6.200854700854701],7
55,87,124
[6.31084656084656],8
53,94,127
[6.5],8
51,86,123
[7.386699507389163],10
48,153,83
[6.191666666666666],9
29,51,75
[6.7026315789473685],9
57,16,121
[6.813157894736843],3
54,19,125
[7.60483870967742],4
50,166,101
[7.59080459770115],11
49,156,90
[6.826315789473684],7
55,14,123
[6.791666666666667],7
32,49,72
[6.381766381766382],6
54,89,125
[6.443076923076925],8
52,85,122
[7.32183908045977],6
49,157,89
[5.929166666666667],8
32,52,71
[6.033333333333333],8
30,50,69
[6.341666666666667],11
32,49,72
[5.708333333333334],11
31,51,72
[7.528735632183908],7
49,154,88
[7.406084656084656],3
44,150,83
[7.617204301075268],10
51,162,93
[6.142857142857142],11
30,48,69
[7.301411290322581],10
62,153,104
[5.829166666666667],9
32,49,75
[6.595238095238095],7
29,45,72
[6.0],7
33,52,75
[7.352873563218391],10
50,154,87
[6.605263157894736],3
57,17,120
[7.175403225806453],11
59,153,103
[6.054166666666665],8
33,50,71
[7.3115763546798025],3
51,154,82
[7.310344827586208],5
53,147,90
[6.175],9
46,82,115
[7.57816091954023],3
47,159,87
[6.544159544159545],7
51,84,129
[6.166666666666666],7
32,48,69
[6.04945054945055],7
30,45,64
[5.866666666666667],10
31,50,69
[6.351851851851852],8
56,88,122
[6.431666666666667],6
45,81,115
[6.095833333333332],7
31,51,72
[7.508620689655172],8
49,153,82
[7.367816091954024],3
49,157,90
[5.925000000000001],6
34,48,73
[6.166666666666666],9
51,88,127
[6.905263157894736],5
55,17,125
[5.987500000000001],8
32,51,71
[6.091666666666667],7
30,47,74
[6.346153846153847],6
51,81,128
[6.15],11
31,46,74
[6.965789473684209],9
55,18,118
[5.8809523809523805],5
31,47,63
[7.396551724137931],10
47,155,82
[6.314285714285714],11
32,46,69
[7.443181818181818],4
57,160,107
[7.593103448275862],3
50,160,89
[6.1875],11
31,54,75
[6.038095238095238],9
32,46,69
[5.571428571428572],8
29,47,64
[7.681609195402299],3
47,165,86
[6.213235294117647],11
33,53,75
[5.933333333333333],6
34,50,71
[7.199596774193549],7
57,165,96
[6.85],8
57,16,120
[6.755263157894736],5
55,19,123
[6.85],3
59,16,125
[6.214285714285714],11
27,46,67
[6.3769230769230765],9
47,83,121
[6.1000000000000005],7
31,50,70
[6.7894736842105265],3
54,18,127
[6.171428571428571],3
30,48,71
[7.0221674876847295],10
50,150,85
[7.748768472906404],3
47,151,86
[5.7875],10
32,48,72
[7.379310344827586],10
49,156,85
[6.170329670329671],9
30,42,64
[6.369230769230768],7
48,90,120
