[7.078494623655915],5
58,151,99
[6.626780626780627],5
52,87,124
[6.626780626780627],8
49,86,126
[6.082417582417582],7
28,46,61
[7.4926108374384235],3
49,146,88
[7.526881720430108],3
49,167,87
[6.493846153846154],3
50,84,120
[6.3707692307692305],4
56,82,121
[5.983516483516484],10
27,47,63
[6.0],6
30,49,71
[7.671182266009851],11
47,150,86
[7.114919354838711],11
54,155,103
[6.518518518518519],9
55,88,127
[5.666666666666666],9
32,47,71
[7.5264367816091955],7
52,162,85
[6.273504273504273],11
50,87,126
[6.16],9
46,83,121
[5.91],10
48,86,110
[6.120833333333333],8
30,47,75
[6.3938461538461535],4
52,86,120
[5.94017094017094],10
53,81,127
[7.010080645161291],9
58,156,103
[6.53076923076923],7
49,83,124
[5.904166666666667],11
32,51,76
[6.116666666666666],11
32,50,72
[6.425000000000001],7
32,47,74
[5.854166666666667],8
34,47,71
[6.341666666666666],5
48,84,117
[6.319088319088319],10
52,86,125
[6.56],10
55,79,116
[6.566666666666666],7
32,46,68
[5.925],11
31,48,73
[6.119999999999999],10
46,89,115
[7.3885057471264375],9
50,154,87
[6.228571428571428],6
29,46,69
[6.237499999999999],4
30,49,72
[5.983333333333333],11
34,50,73
[7.374384236453203],11
50,157,79
[7.262315270935961],6
48,149,84
[7.3275862068965525],3
54,151,91
[7.471674876847291],3
50,152,87
[6.324786324786324],7
49,87,131
[5.975],8
33,51,68
[6.205],8
50,76,119
[6.4461538461538455],5
52,85,122
[5.947619047619047],10
30,48,63
[7.566666666666666],5
51,155,86
[7.525287356321839],5
48,162,89
[6.533846153846154],7
48,83,123
[5.854166666666667],9
31,49,74
[6.262108262108262],8
53,89,120
[6.385869565217392],7
48,83,107
[6.198005698005698],6
51,86,129
[5.795833333333333],7
32,52,73
[6.0],11
31,54,75
[5.593406593406593],5
29,47,61
[6.454166666666666],11
32,49,74
[7.6871921182266005],8
48,155,82
[6.598290598290599],9
51,88,129
[6.266666666666667],10
47,78,116
[6.484330484330485],7
56,84,128
[7.470443349753694],9
50,151,84
[6.109523809523809],3
29,49,64
[7.424876847290641],9
47,149,87
[6.48],8
50,84,125
[5.929166666666667],11
31,50,76
[7.659770114942528],11
48,157,90
[7.401477832512315],9
49,150,82
[7.462701612903227],3
54,163,94
[6.156923076923076],11
47,91,117
[7.487356321839081],7
52,153,89
[7.389655172413794],10
50,152,89
[7.263218390804599],3
54,153,89
[7.347126436781609],10
53,155,86
[6.215384615384615],6
45,84,122
[6.5769230769230775],3
52,82,126
[6.561538461538461],6
55,84,117
[6.115],7
47,83,112
[6.366666666666667],11
29,47,70
[6.507692307692308],8
52,88,118
[6.413105413105413],11
50,86,126
[6.411666666666667],10
47,86,115
[6.800000000000001],5
58,19,123
[6.3307692307692305],4
52,83,124
[6.360398860398861],3
51,90,123
[6.135000000000001],8
49,77,120
[6.3133333333333335],5
45,86,115
[6.769230769230768],9
50,86,124
[7.391625615763547],3
48,148,87
[7.329885057471264],9
50,157,88
[5.8374999999999995],10
32,50,71
[6.454415954415955],10
54,80,128
[7.409195402298851],10
55,154,84
[7.577011494252874],3
51,157,89
[6.316666666666667],11
29,53,70
[6.538461538461538],3
53,85,122
[6.606837606837607],8
51,86,125
[6.2],9
33,50,74
[6.1123076923076916],11
51,80,126
[6.164835164835164],6
30,46,62
