[6.819047619047619],7
59,18,124
[6.636842105263158],5
58,19,122
[6.739473684210526],11
58,18,120
[6.836842105263157],3
57,17,121
[5.7875],11
33,52,72
[6.842105263157894],9
55,17,124
[7.2980295566502456],6
50,153,85
[6.78157894736842],5
54,18,121
[6.053846153846154],11
46,88,120
[6.8],7
58,15,124
[6.635327635327636],8
54,88,126
[5.9766666666666675],9
48,82,118
[6.560526315789473],7
54,19,122
[6.850000000000001],5
55,20,125
[6.187692307692307],10
51,81,125
[5.758333333333334],8
33,52,71
[7.169354838709679],11
55,161,95
[7.291330645161291],9
54,157,106
[6.789473684210527],5
55,18,117
[6.721052631578948],5
55,17,123
[7.581720430107527],9
51,160,95
[6.004166666666666],11
32,52,69
[6.514285714285714],3
59,19,123
[6.905263157894736],6
56,17,123
[6.631578947368421],3
54,19,117
[6.53421052631579],11
57,18,121
[6.976315789473684],3
55,17,123
[6.502380952380953],7
63,20,123
[7.429885057471266],8
53,155,88
[7.840860215053763],3
49,163,94
[6.258333333333334],6
49,78,116
[6.686842105263158],8
58,19,119
[7.334280303030303],9
61,157,105
[6.744736842105263],8
57,19,118
[6.783333333333333],3
57,19,126
[6.792105263157895],3
57,19,121
[6.784210526315789],7
57,17,122
[6.597368421052632],7
56,14,124
[6.780952380952381],5
60,19,123
[6.721052631578947],10
52,20,120
[6.344729344729346],11
53,88,124
[6.794736842105262],5
59,18,117
[6.933333333333334],5
58,20,127
[6.6000000000000005],5
58,19,123
[6.926315789473685],5
55,18,123
[6.921052631578947],3
52,18,122
[6.736842105263158],3
55,17,118
[6.676315789473684],5
59,17,119
[7.29064039408867],4
50,153,81
[6.568421052631578],10
57,17,121
[7.4384236453201975],4
48,153,88
[6.789473684210527],8
55,20,124
[6.752631578947367],3
57,17,119
[6.718421052631578],7
53,19,120
[6.567251461988303],9
56,17,116
[6.5473684210526315],7
57,19,121
[6.75],7
56,17,124
[6.586842105263158],5
58,19,122
[6.711904761904762],3
59,19,126
[7.340909090909091],11
54,169,100
[6.663742690058479],5
53,17,119
[6.661904761904761],3
56,19,126
[6.65],7
58,17,125
[6.445868945868946],5
51,89,122
[6.423809523809523],11
59,20,122
[6.6725146198830405],3
54,18,111
[6.465789473684211],3
57,18,120
[6.818421052631579],5
56,20,122
[6.06043956043956],10
27,49,61
[7.271264367816092],11
53,152,92
[6.66842105263158],7
57,18,123
[7.0210526315789465],3
55,20,122
[5.989230769230769],11
48,90,121
[6.3247863247863245],3
50,85,126
[6.576315789473684],7
59,19,118
[6.735714285714286],5
60,19,123
[6.61578947368421],5
54,18,123
[6.765789473684211],7
57,16,122
[6.7631578947368425],3
56,15,124
[6.505263157894737],7
57,17,123
[6.497368421052633],11
57,19,121
[6.784210526315789],7
57,18,121
[6.4061538461538445],11
55,78,123
[7.556650246305419],5
49,152,86
[6.692105263157894],7
56,17,126
[6.792397660818714],3
54,16,117
[7.322580645161292],4
57,152,101
[7.612068965517242],3
52,155,82
[6.2094017094017095],3
53,90,123
[6.290598290598291],5
55,85,127
[6.536842105263158],5
59,19,118
[7.379310344827587],4
49,159,85
[6.270769230769231],7
54,84,119
[6.58421052631579],7
55,16,125
[6.55],7
60,16,124
[6.881578947368421],3
55,20,124
[6.523684210526315],7
57,20,118
[6.155384615384616],6
52,84,122
[7.627956989247313],11
49,166,93
[7.279233870967743],9
57,154,105
