[6.619565217391305],7
43,86,110
[7.5073891625615765],8
51,149,85
[7.379310344827587],8
51,154,85
[6.164615384615384],9
51,83,121
[6.744736842105263],10
54,19,120
[6.065],11
52,74,123
[6.079166666666667],10
34,50,74
[7.508045977011494],3
47,161,90
[6.315789473684211],7
58,17,115
[6.2592592592592595],10
56,85,129
[6.220833333333332],8
32,53,71
[6.261904761904762],11
29,51,63
[6.270833333333334],10
32,52,71
[6.150769230769231],4
51,82,119
[6.734210526315789],5
58,18,120
[6.307894736842105],11
57,18,119
[6.033333333333333],3
30,46,65
[5.857142857142858],5
29,47,61
[7.5],3
50,155,83
[7.379310344827587],11
51,153,86
[6.004761904761905],6
29,50,65
[6.939473684210526],3
56,18,122
[6.0],4
30,48,70
[7.556878306878306],9
47,152,80
[7.549261083743842],6
51,144,87
[7.489655172413794],9
50,156,85
[6.511396011396011],9
53,90,126
[7.413793103448276],9
50,152,88
[6.061904761904762],10
28,50,69
[5.671428571428572],5
32,46,68
[6.494736842105264],5
58,17,119
[6.535384615384615],3
52,83,122
[6.0054945054945055],9
28,47,60
[6.065527065527066],11
51,85,126
[7.375615763546797],7
50,153,83
[7.473563218390805],8
51,154,88
[6.4338461538461535],8
50,83,119
[6.752136752136751],9
52,84,129
[6.5242165242165235],10
52,89,127
[6.107692307692307],3
52,87,120
[6.715789473684211],7
55,16,121
[6.29047619047619],7
33,47,68
[6.364672364672365],7
55,86,125
[6.304761904761904],7
31,50,68
[7.348275862068965],3
53,156,89
[6.128333333333333],9
46,88,114
[6.451566951566952],8
52,86,124
[6.3076923076923075],10
54,83,123
[6.588095238095238],7
59,19,124
[6.461538461538463],7
52,87,121
[5.958333333333333],11
31,48,76
[6.080952380952381],9
28,50,70
[7.318965517241379],9
49,154,84
[6.249287749287751],3
54,82,128
[6.7079772079772075],7
50,89,122
[7.215909090909091],3
58,159,106
[6.073846153846154],11
55,82,118
[6.116666666666666],5
33,49,70
[7.638888888888889],3
48,152,79
[6.592105263157895],3
59,15,123
[7.439080459770115],5
49,156,88
[6.29047619047619],7
28,48,72
[7.09375],3
58,160,99
[6.50952380952381],3
61,18,122
[6.208333333333334],10
32,50,74
[6.247863247863248],9
56,82,126
[6.4338461538461535],5
51,84,120
[6.054166666666666],9
34,49,72
[6.32],7
54,78,123
[6.697368421052632],5
58,13,123
[6.026153846153846],9
50,89,118
[5.7375],11
34,53,65
[6.389473684210525],3
57,18,119
[6.245833333333333],11
32,49,73
[7.346774193548388],3
55,157,100
[6.05],10
31,51,72
[7.551612903225807],7
49,159,94
[5.895604395604395],11
29,48,62
[6.1923076923076925],8
55,85,120
[7.399014778325124],10
50,148,87
[7.402298850574713],10
50,156,88
[7.498991935483872],3
57,155,104
[6.123809523809525],9
30,45,71
[6.431578947368421],7
56,19,118
[7.41871921182266],9
49,150,83
[6.70952380952381],7
30,49,70
[6.158333333333334],7
31,53,67
[6.308333333333333],9
33,47,74
[5.7],4
30,53,68
[6.573684210526315],8
58,19,121
[7.400000000000001],9
51,155,94
[6.860526315789473],7
56,17,121
[6.1625000000000005],7
27,51,73
[6.6246153846153835],7
54,86,118
[6.652421652421653],7
51,88,124
[6.062500000000001],5
35,51,71
[7.424137931034482],10
50,153,88
[6.860526315789473],3
56,17,122
[6.381578947368421],7
60,19,120
[6.4298245614035086],3
55,17,116
