0,0
0.9751946656181253,0.11795443349476156,0.44699910830646816,0.5338860019661803,0.45916627924996134,0.07307650871513019,0.6979515017654104,0.6946080366306149,0.6580000103014394,0.8397659904733367,0.2734167594523598
0.9033639676130745,0.846477128395855,0.09113449147704128,0.18861531052704733,0.12038100097801574,0.41235880218809906,0.09854075348166208,0.04759222754153747,0.9361823422893765,0.7966389789258697,0.49467917601835387
0.9431274634159622,0.17722604100264583,0.3110224331320104,0.37119855096800813,0.30531189083820665,0.16250494076460179,0.4388818235179025,0.43694141012909626,0.7814703555925127,0.8037654956305701,0.40205931399155054
0.986292416833426,0.07714697903754805,0.65041515861188,0.7388711700489177,0.673863173863174,0.03775860072797345,0.7836503645053833,0.7778363146287672,0.5849454966453344,0.8225383116147903,0.2511454389019536
0,1
0.9874901847005002,0.07297500372351512,0.6484325568018405,0.7427752536431036,0.6856600189933524,0.03738597028998367,0.8031305028370181,0.7997616683217477,0.5793505100461471,0.824674397131493,0.2467610251550205
0.9032909657272195,0.8475774632979685,0.09234698080566756,0.1887456620118117,0.1204884822975274,0.41229398499599257,0.09882124376529483,0.04734995733383879,0.9357249934531113,0.7965847523693036,0.4952350778441056
0.9421661431917536,0.1753135310639905,0.3140683595842708,0.3738384631182716,0.30599780272982885,0.16108060846354139,0.4447360108851472,0.43785916882476256,0.7810953679789544,0.8032647483533221,0.40927043990593326
0.9747543484954939,0.1181292767653985,0.4716449541856262,0.5534027958497187,0.46899136632976945,0.06867538066520304,0.6858665385104668,0.6797331228926035,0.6547284341060136,0.8351980298797301,0.27805514247504765
0,2
0.9875079023463629,0.07324260334198984,0.6479027699265121,0.7414215597552125,0.684251891148443,0.037447546534283685,0.80275605691578,0.7990631099544567,0.5798375971021482,0.8247405938899998,0.2450926818630899
0.9030518831520395,0.8458590337746046,0.09207092673134842,0.1882473836571657,0.11941101226815509,0.414310202726232,0.09819057734617992,0.04707354639969208,0.936427043119261,0.7966242072601037,0.4967203287650498
0.9418795615939721,0.18319160726185058,0.2981035036965605,0.36029765903001026,0.29564456361841984,0.1691229061359907,0.4380542799523775,0.43662597114317425,0.7862745768530388,0.8039821572544353,0.4074627643402315
0.9736226752211795,0.12144381550830882,0.4712141197160983,0.5520290798700195,0.46810972481470575,0.06881807597614634,0.6779045421527155,0.6691679317573916,0.6562100566458688,0.8338776214790307,0.2818562002600554
0,3
0.9715763766330764,0.1284976562994032,0.4619993571198971,0.5418394506745267,0.46085693536673933,0.07132460627042277,0.6623223267001969,0.6550055493895671,0.6627197534738166,0.8324001349711398,0.28649339555415093
0.9035241523783336,0.8397729859484646,0.09202185792349726,0.18817192600270677,0.1203594126671047,0.41456576358487046,0.09894195024306579,0.04816642477019861,0.9358308870721699,0.7965865442383894,0.495634224804104
0.9874368593895879,0.07342825132280098,0.6418006765547749,0.7372630823441917,0.6775652331207886,0.03787661312949961,0.7978993332153183,0.7939982030548068,0.5812156828262713,0.824841835226644,0.24429891648835167
0.9423715983445016,0.17931625834738305,0.29107468123861563,0.3533893508463424,0.2881502585206289,0.17315117559574492,0.4392399834779017,0.43594689028651284,0.7913372543655703,0.8047767274352918,0.409827944403545
0,4
0.9033653778839783,0.8416157584143955,0.09236388346215901,0.18869167131973708,0.12029287158820845,0.4133633835938655,0.09962054818267607,0.04907615602698251,0.9353591330545313,0.7966526756772505,0.49579256431361896
0.9430588749856865,0.1850760469249219,0.31030594131774036,0.3705283302021646,0.3024842578982707,0.1623645756524806,0.4425212511543106,0.43545246965508955,0.7796147633746224,0.8038805054426111,0.40201661324492965
0.9742381177906004,0.12162163666621617,0.46871738196107327,0.5521075262900459,0.4694025630355219,0.06852187549868377,0.6828731743313424,0.6768002261324289,0.6556449109315059,0.8350658196669059,0.27625566442332533
0.9871705743240624,0.07501133292625564,0.65073278109251,0.7446574774262432,0.6849788086537204,0.037158255289973255,0.7976933282541017,0.7903193546236416,0.5805750133034464,0.8237986683895244,0.24766281451155409
0,5
0.972896002935404,0.12409593853724382,0.4720784778458095,0.5499355569350929,0.4647764848568062,0.06945130065577518,0.6749376688911781,0.6686974312343714,0.6587805880889192,0.8318944273299433,0.28324506736437416
0.904019181965858,0.8470848850103982,0.09195383071261282,0.1890660644148403,0.12042851328565624,0.4090210123591684,0.09913891207040432,0.04819021948401947,0.936013300478175,0.796978446645609,0.4916531585813818
0.9433875804149797,0.17925921607245887,0.31162640207075065,0.373402534622342,0.303831159094317,0.15992851688329845,0.4436509489336724,0.4412363455809335,0.780150584195411,0.8041758798313331,0.401679615629717
0.9874982160529109,0.07301778566676484,0.6373965265378997,0.7355895800777219,0.6809869021090142,0.03797824351761844,0.802704062227784,0.7980820723581792,0.5802716915105562,0.8261199799904229,0.2439976492533659
0,6
0.9442438207890617,0.1800134632426198,0.30373521477484966,0.3679496775847618,0.2985141909192543,0.1638038155755568,0.4526610512446473,0.44798184857893475,0.7801733429252634,0.8055546187619174,0.39785913575899634
0.9873375172765675,0.0742905004792882,0.6483606557377046,0.7409980103103044,0.6825340297562522,0.03752337993710472,0.8008570838496488,0.7959381551362683,0.580677874093833,0.8247362761958053,0.24331908951568493
0.9042060454427351,0.8458327039930327,0.09218032786885261,0.18944268151092736,0.1203703703703704,0.4073722795545111,0.1012825278810407,0.049905660377358,0.9352662084530188,0.7971448297070652,0.4914603691304663
0.9745846120101892,0.12052120602567096,0.4754227442881115,0.5563207408646947,0.47340556789375693,0.06748471779614447,0.685902877381963,0.6778636161045906,0.653268467749494,0.835712140191168,0.275358159417078
0,7
0.9874534311970654,0.07389894819224785,0.6446473759489492,0.7381296249958034,0.6803189353524925,0.03778956539389662,0.8012275142835759,0.7976826643028998,0.581051387584583,0.8245723203249111,0.2447084018429188
0.9035775797495516,0.8460095939346044,0.09224496729805498,0.188816226449269,0.12024858656983012,0.4111294669729486,0.09844559585492241,0.04829406589109375,0.9357312035310578,0.7967424778544031,0.4952778522632819
0.9435497436633895,0.1808675846998935,0.31370491803278694,0.37263241478063447,0.30324786324786324,0.16006990565716425,0.44190830235439904,0.43748427672955975,0.7797883326494349,0.8042483919258123,0.4032593164376053
0.9738075498478843,0.12431075962577354,0.476194695866827,0.5550445892892664,0.46830346830346836,0.0679168016196728,0.6795653858850884,0.6741167043053834,0.6555778989611591,0.8339894447897096,0.27901300923639927
0,8
0.9036749720910797,0.8488373988612965,0.09228645383951689,0.18908079449061438,0.12051282051282058,0.40885842121396276,0.09909998043435725,0.047447864945382556,0.9358834740729568,0.7970120574766005,0.49454459706569287
0.9735550835251691,0.1244713687648977,0.43753711113979604,0.5249591161734682,0.44410794804495596,0.07705716405097879,0.6874542633843632,0.6834794235626207,0.6652590153764654,0.8376575238076372,0.2805165395029854
0.986306655300916,0.07739360048130489,0.646878051287322,0.736569503335276,0.6709714295921192,0.03812623456424358,0.7869970050459734,0.7794286390252554,0.5857121402927457,0.8229409185572852,0.24893322845061705
0.9392390000853927,0.18390476229342725,0.31896613617326797,0.37519120005646456,0.3121425749162976,0.16230294693019712,0.4117168208829675,0.4086764908414819,0.7816460198461097,0.7999422060773305,0.41476660474990984
0,9
0.9743066762847002,0.12042706296075945,0.4789071038251366,0.5604254209703639,0.47549857549857555,0.06676004450347968,0.6821423654137408,0.6765059399021662,0.6529012598975689,0.8330394382434267,0.27834184248887434
0.9039025160625844,0.8465078512011318,0.09170342015478067,0.18883040780207333,0.12074276541281614,0.41047464548175633,0.10078689638254135,0.04949717460013375,0.9356286021966789,0.7969587431603736,0.4930937887156026
0.9877651068094391,0.07226948087581603,0.6457162717951689,0.7410208436600687,0.6920560136107841,0.03736581229661763,0.8053121757063855,0.8011067404493633,0.5772286713519942,0.8258411022704598,0.2418851040250632
0.9425537235879,0.17403745293381118,0.31114754098360653,0.3724291467352807,0.3049002849002849,0.16258582813936853,0.4367038413878563,0.43084276729559745,0.7821966899193021,0.8029547464012051,0.4105474639114937
1,0
0.9434153652662082,0.17892975523723648,0.3079445145018916,0.36906364932850333,0.3013185769596026,0.16295966260843137,0.4485987989705462,0.44412191582002897,0.7817741048788469,0.8044726903789194,0.4030772909378171
0.974588060937373,0.12014422088461746,0.4718864692928799,0.5543207118679883,0.4703087128460263,0.06816888150440195,0.685332630527659,0.6790481554491692,0.6544239461290206,0.8354688608506435,0.27745266687014486
0.903869356905658,0.8438593335527844,0.09253376369659388,0.18905670206975378,0.12017477820586625,0.41021484299517535,0.10015987056262865,0.049388992081337346,0.9353700294042008,0.796891534544628,0.4939533426520887
0.9875108789966612,0.07302629385161494,0.6486010542779351,0.7444486005376302,0.6880593559038789,0.03722771174425149,0.8000840700408527,0.7951330088672578,0.5795553242053113,0.823875502874735,0.24550661967751164
1,1
0.9408579793897417,0.17953102071213245,0.30480339332798345,0.3634472259564939,0.29934453011376094,0.16892975982840086,0.42363584371019325,0.420688745217047,0.7868962182667583,0.8020218248368391,0.4134690283654929
0.9731196335293498,0.12489478706361437,0.4434426229508197,0.5291843714673677,0.4491659773917839,0.0752111713365656,0.6838200023983692,0.6781953743152769,0.6638156544932314,0.8358996327261663,0.2823395549518532
0.9032956218233015,0.8433655978979343,0.0922526420903721,0.18858297799700757,0.12036675488452148,0.413297202494348,0.0992395222010456,0.04775404654726578,0.9358040904915572,0.7967272333318243,0.49583068636877725
0.9863929219918492,0.07810332537398496,0.6488860865910044,0.7391242823787942,0.6734421798524362,0.037657718375762636,0.7899747402535506,0.7840832123850989,0.5832075678903252,0.8228672124817741,0.24851915349164533
1,2
0.9440219596225862,0.17845047188825613,0.3047911158117398,0.36674756572139783,0.2985019759213308,0.16426274814846553,0.4505816045089339,0.4469385270846013,0.7826995115623412,0.8052805087334793,0.39756104280082183
0.903943423629485,0.8468991549864622,0.09242538881883144,0.18904002111900348,0.1203155818540434,0.4089631588737544,0.0995710609093507,0.04822447992259271,0.935967404227563,0.796857607464113,0.4928807025460641
0.9874878348547799,0.07295666846832408,0.6512295081967218,0.7475638728760009,0.6918599918599919,0.03676679341400402,0.8032262347318112,0.8010107816711591,0.5782138460636631,0.8239553538069856,0.24609740910382272
0.9746707165332447,0.11759418707039881,0.4817607771706132,0.5626526134017668,0.479656009285639,0.0660751317885782,0.6835605121850475,0.6767575122292102,0.6508301797899685,0.8340700779358242,0.27549617538293
1,3
0.9742668850068694,0.11952404596750832,0.46559979182930006,0.54869224185229,0.46601546601546606,0.06995243731156164,0.684177140496843,0.6781072177298592,0.6565113478711161,0.8355497422060034,0.28016469769011065
0.9033005086632726,0.844274777512547,0.09088524590163966,0.18828283854356426,0.11961538461538468,0.414093823439256,0.0983828996282532,0.04794339622641475,0.936126128436605,0.7967055613715659,0.49557606779593616
0.987208578329632,0.07513591883939275,0.6445043459126416,0.7387646793386756,0.6795349815484044,0.03762477173184807,0.8001172625433497,0.7957072305938966,0.5802074698509848,0.8250247815999554,0.24631213182161668
0.9430912857317337,0.1813735690480413,0.3148852459016394,0.37308572972534415,0.3076923076923077,0.1605124144273015,0.43603469640644366,0.42993710691823894,0.7790931473122716,0.8033920971830646,0.40290678797593
1,4
0.9033459137948552,0.8455161136793444,0.09135162261625968,0.18819675815264042,0.12058840630269207,0.41449839489285034,0.09743190956680087,0.047516365036580244,0.9358261872660457,0.7965979000885081,0.49476865348931964
0.9741140898096242,0.12055751021924446,0.4814951840275563,0.5566444642799155,0.4702850111410424,0.06787387501644955,0.6788509105636961,0.6729461860362675,0.6552961477481584,0.8322912116746605,0.2799143325139579
0.9430320312123754,0.17839807425874238,0.309392999556934,0.3727284758105801,0.3022253022253023,0.16027379811608888,0.442354064101276,0.4416879143294238,0.7808826342756404,0.8047255731619143,0.40676179154650494
0.9875443053252538,0.07295502048339647,0.6440923296233348,0.740440651313535,0.6863524187938905,0.037480098677072485,0.8037945568251046,0.7976399318482992,0.5793854635133131,0.8250309176563618,0.2430295063189374
1,5
0.9032860392823308,0.8510275263087167,0.09146526956227807,0.1885262446904667,0.12005463036390862,0.4116151474868302,0.0991453646571876,0.04703365104065371,0.9365764692942591,0.7967796372472709,0.49484222344042184
0.9442496337963872,0.17853335870242018,0.3079234972677596,0.3705112794366724,0.30345532909635475,0.16242995024797413,0.4478362405871699,0.44346879535558775,0.7805927317109123,0.8056056745275669,0.39750092068763837
0.9874105083913033,0.07310334908681826,0.6458330953332949,0.738920140262684,0.6824106336301459,0.03767788743440863,0.8035698094633628,0.799382026165275,0.5803688490018162,0.8249397432884475,0.24473238616174683
0.9740987550564211,0.12122798186001199,0.47070996696378486,0.5538655532158282,0.4714720570233879,0.06806834432732799,0.6836049585141419,0.6764760743238396,0.6539120435741154,0.8357311601498871,0.2760502221617987
1,6
0.940481017260444,0.18240170624203522,0.30308103708871065,0.3629173343136646,0.29781172334363826,0.17000062320330847,0.4213662369163437,0.418627057406664,0.7881409388941784,0.8018906015909149,0.4163142406257878
0.9871638743737892,0.07390365163749513,0.6387960571398448,0.7321258434918412,0.6716959353615302,0.038501964841477165,0.7954792670244684,0.7895528726566765,0.5832546077553069,0.8259335161994733,0.2436236021180857
0.9035116274072857,0.8456244679744614,0.09218413644643197,0.1887469963876367,0.11990273101384236,0.4113916187521479,0.09954564229657192,0.0479893272346103,0.9357723728876813,0.7967872239524474,0.49548917936825787
0.9724728394941407,0.12856698740382866,0.4481180327868852,0.5323196869705856,0.45039316239316246,0.07461075917032803,0.6735018587360594,0.6686943396226415,0.6652146081247458,0.834853936741407,0.2850719470466285
1,7
0.9393873325691532,0.18065818477946793,0.3210482230465478,0.37823591433325243,0.3121425749162976,0.1606786598340268,0.415787045830733,0.4092273791488775,0.7811413308812762,0.7991594050707576,0.41807342410887927
0.9863512924349261,0.07814115211408776,0.6483839271862234,0.7367297118582241,0.6754563347623286,0.038097518145972925,0.7873301044879386,0.7809535146717457,0.5849913077696778,0.8234767771474081,0.2476734409266267
0.9036427326437173,0.8480825014900834,0.09253367959746783,0.18911949629198738,0.12044794223012062,0.40939138552150917,0.09912032095402812,0.047524752475247456,0.9359487805571718,0.7968840636411368,0.4941296659974804
0.9740701273865189,0.12264079077667012,0.4373555495834453,0.5253490487041724,0.44721171360515627,0.07629035337944116,0.68953013590103,0.6839313331271265,0.6647668794607743,0.8377492000991623,0.2777360333127913
1,8
0.9875627574520944,0.07301642843838246,0.6486338797814206,0.740348707308741,0.684789490345046,0.037588703623287145,0.8005343866171006,0.795545073375262,0.5802096512674983,0.8248148865359012,0.24603679576987092
0.9039351315227838,0.8446718087043652,0.09164797238999128,0.18906159560294733,0.12090268406057875,0.40982896215710407,0.09951085893171568,0.04961271102283965,0.9354156318165154,0.7968871412796568,0.4934281350320098
0.973949791686064,0.12257701677452087,0.47488767455980574,0.555599388218407,0.46903028384509876,0.06786425871053436,0.6824728073798705,0.6769252271139062,0.6552335521816461,0.8345266007872336,0.277967276989323
0.9418690803625828,0.17886549211968425,0.31803278688524594,0.37633454849848935,0.30975408606987553,0.15969946034750715,0.44303952259831736,0.4376861966236345,0.7778154223268495,0.8018406872088966,0.4058157472159549
1,9
0.9873153963095639,0.07464890432002586,0.6466026003391747,0.7413102199383097,0.6822575891541409,0.03750140932905374,0.7989360338418151,0.7954326610279768,0.5806496115914156,0.8240143980729594,0.24596567400145702
0.9038730551965514,0.8422529627315081,0.09299705758722165,0.18911262897848052,0.12089999269486451,0.4103555082225769,0.10084834620150612,0.04971456216739245,0.9352185326641652,0.7968080396201119,0.4930192422371745
0.9434145367313,0.1795413280988167,0.30811318784588076,0.3686278001266606,0.30070589943201415,0.1629618517739963,0.4427580328179386,0.43869727196250446,0.7824227867091493,0.8046570412095841,0.40446977168501086
0.9744504887885768,0.12151184122505282,0.4746092260770111,0.5553970751868856,0.4720731464917512,0.06783762553236654,0.6810034292959857,0.6733801374872019,0.6549147032346947,0.8343988423980035,0.278256555587869
2,0
0.9422723298956747,0.18208480625739898,0.28602003642987245,0.34988705836168565,0.2850585628363406,0.17414168312841294,0.4374483684427922,0.43571802935010473,0.7910269342999159,0.8056700252819311,0.40600781250524737
0.9872903750748029,0.07443176857637618,0.6399764277295616,0.7347112526475359,0.6728301957060128,0.0381208382334577,0.7991714653643366,0.7943272906646933,0.5811969809124599,0.8246246486205756,0.24455012679207477
0.9036357632471684,0.8512895785744619,0.09272269928007637,0.18899622133690747,0.11997467553023117,0.4086448090356336,0.0982671465942842,0.04654088050314453,0.9363296337547492,0.7968954055739561,0.49380556440636514
0.9708138766998013,0.12948204913322453,0.4693800640663275,0.545596486496269,0.4622588990405083,0.0709822279691529,0.6593741543107009,0.6522518614906382,0.6636500345094879,0.8302191885223295,0.2908379407903773
2,1
0.9034294741555039,0.8422942972571434,0.09150217464034771,0.1883118238747314,0.12022501308215577,0.41443564244947995,0.09760260981716123,0.04819021948401997,0.9358910880724906,0.796467800875697,0.49461582018511635
0.9428784081476569,0.18048516191648273,0.32154719811421834,0.3803792300574958,0.3128875481816658,0.15681407776488884,0.43414243020628324,0.42747564434578855,0.7762587800815879,0.8023931813792248,0.4050101481841524
0.9742528480070568,0.12226877050172977,0.4449908925318762,0.530517173971985,0.4520783110526701,0.07402698853092232,0.6898929240936675,0.6851798097081114,0.6618703727084956,0.8386297021443418,0.27725190699936836
0.9862331296939658,0.07812190829826013,0.6473599834514144,0.7369687017355033,0.6720051767370381,0.037964841986037695,0.7868492957911649,0.7807035295518123,0.5852874131586017,0.8235371156019708,0.25066738575990644
2,2
0.9434676806386022,0.1793759209041489,0.3050066459902525,0.3661040070113701,0.2986832986832987,0.1662501656913887,0.4418265849492615,0.4404895461499234,0.7831034640508403,0.8046998118736638,0.4048425782363916
0.903565660263049,0.8418449465084684,0.09175434303890379,0.18848201208594273,0.1200549956768861,0.4133931471690287,0.09996485971628855,0.04954472918426728,0.935618379175116,0.7966667450399564,0.4944672609859815
0.9874355200137311,0.07427980960181765,0.6473020283412059,0.7423326020792652,0.6844463759717998,0.037355762486730046,0.8003654464116943,0.7962136232811001,0.5802744413456407,0.8240380352554372,0.24551461988691964
0.974000660520246,0.1200625426420936,0.47191342213114756,0.5558320937788208,0.46945112179487186,0.06777031433598138,0.6836373141263942,0.6782724056603773,0.653770925766826,0.8352376904437572,0.27814066900029866
2,3
0.9876343709158397,0.07209552378794315,0.6490040542922615,0.7419167740413166,0.6877329493816953,0.037367523226809876,0.8034403272441406,0.7996483397578953,0.5785303997658576,0.8252076429845302,0.24290657088586717
0.9033927213117321,0.8478424123679555,0.09171963867514199,0.18833615659285952,0.1198761555904414,0.4124204614409369,0.09889234504210609,0.04659222179437822,0.9362299854287248,0.7967921578924975,0.4948754109994683
0.9740542425423662,0.11989264890371576,0.47261185751263407,0.5531103508231879,0.469292890345522,0.06836822630295986,0.6827570785700311,0.6767768477798269,0.6558233653481284,0.8339521229743382,0.2798474844554809
0.9424826279093949,0.18101039571623384,0.31221775440767086,0.3731037910886619,0.3036786181440271,0.1609949952863926,0.44088284117743337,0.4352201257861635,0.7801790659203137,0.8037287849583981,0.40517536032381724
2,4
0.9873278119703981,0.07408980280412261,0.6530054644808744,0.7454294317643576,0.6865591723747753,0.03711737309660297,0.7980305307284663,0.7942994781212362,0.5802457750926194,0.8242885115443588,0.24747532325595728
0.9033769366400001,0.8443423425851397,0.09209663503019844,0.18877893605517782,0.12054281001649442,0.4122919501164273,0.09921737429074551,0.04806355511420074,0.935787367989118,0.7967823192879183,0.49534038255884416
0.9749523170000141,0.11855674262606195,0.4741175062821587,0.5575172714655648,0.4752219934701687,0.06740786787776723,0.686579111605568,0.6800302988569067,0.6540012699591777,0.8348226057871029,0.2768346108896004
0.9418102956337395,0.1768204885150833,0.30953800298062606,0.3708001275047588,0.3020868020868021,0.16351161227655556,0.43890310433061364,0.43472188189169314,0.7835020437092681,0.8030991905069483,0.4088634911918565
2,5
0.9876350213081294,0.07229041140113357,0.6471860740239987,0.7415032329265089,0.686688009712065,0.03748687244493276,0.8045708299799434,0.7990663295078777,0.5793159439173019,0.824459239499873,0.24375265432494736
0.9036248224877795,0.8449805480018889,0.09187019069923064,0.18903289325035877,0.12058840630269191,0.410763484151196,0.0993475457097337,0.04871005005775869,0.9357521270715947,0.796786236581714,0.49460487598011876
0.9741224641784082,0.12031967205522667,0.47380832282471624,0.5542681953861117,0.4707100591715977,0.06821313201971226,0.680640549042036,0.6749492017416545,0.6546589438464716,0.8342522413544888,0.2771019301001575
0.942064437502893,0.1740364745480234,0.3135326261652202,0.37131120944075113,0.3032605254827478,0.16172405238107637,0.44186894088490414,0.43778517696386726,0.7819871212060283,0.8029100499894893,0.4088238337146251
2,6
0.9744783054257673,0.12017145323416256,0.47278932293253706,0.5539909805400423,0.47144112943369454,0.06832735215480056,0.6831165959563853,0.6764817282738302,0.6548864088792232,0.834538394907459,0.27530352900476074
0.9039627851985634,0.8453834622420617,0.09185372005044151,0.18910389308200753,0.12043246402220775,0.40935719282250393,0.10054332284815565,0.049617803580067954,0.9353539976642178,0.7970798658235352,0.4935161074312995
0.9873317348708024,0.0737423021442799,0.6451050565689214,0.7399567307075802,0.6867100036114124,0.03769511546647829,0.8016126498769571,0.7976880148817431,0.5801737228871812,0.825299211448854,0.24521091274854806
0.9445587485346024,0.18644537054345384,0.3051121656600517,0.3652760766075102,0.2987891737891738,0.16693087433383702,0.451477206026218,0.4478401191658391,0.7806193038248087,0.8058895984224038,0.39579986437032977
2,7
0.9873961300568797,0.07449441200964149,0.6468852459016394,0.7402257525367146,0.6807348462520879,0.037516251325650146,0.7992949621843353,0.7940663630448924,0.5807769586688003,0.8251493784658726,0.2440434295959107
0.9035018660960782,0.84336416987542,0.0912143880311953,0.18858349677633224,0.12090282964069371,0.4129831304851591,0.09865737900169608,0.04870855468034524,0.9357411129392761,0.7966130238137362,0.495268658162204
0.9435826419597156,0.1823795474934573,0.3029508196721311,0.3654600615391361,0.296847716202555,0.1634265500318065,0.4459047847463725,0.4430188679245282,0.7812987279441961,0.8052707467920374,0.3982765699842921
0.9743686898345456,0.12408057516782461,0.46760155375600765,0.5498767226781449,0.4677856726049498,0.06914195045226375,0.6836864185366,0.6743199211942107,0.6548386817685206,0.8342880838472896,0.2792031747773136
2,8
0.9420799536456439,0.17441585188689032,0.30460577673692435,0.36866503705264214,0.29997868093106195,0.16453860076778232,0.442556204637989,0.43896804004620715,0.78373027503985,0.8040767009244258,0.41011972272727315
0.987319596056085,0.07335987917493389,0.6490474080638015,0.7428489220282376,0.6851948101948103,0.037321510677429295,0.8011780367728323,0.7951300356960733,0.5797959941886919,0.8239951956481874,0.24621928706513907
0.9036366896165665,0.8476563101918073,0.0925468987662667,0.18877745403659002,0.12006931594560472,0.4108572517298877,0.09962442034262031,0.04788951565843269,0.9358308762252077,0.7968627315238647,0.4943197819303897
0.9741748799833985,0.11933765821695141,0.47189428411145046,0.5546926692905598,0.4715803841279127,0.06803061094856568,0.6836473631390729,0.6785996125977471,0.6542435925240023,0.8350785187843424,0.2776943718253325
2,9
0.9432886254100368,0.17793013675889663,0.3201886368740175,0.38032738972019675,0.31233657261054526,0.15642316617934607,0.4421754850537251,0.4344533471181183,0.7780173382948969,0.8016915788625654,0.40619177343352914
0.9873776295207218,0.07379753220762858,0.6417122040072861,0.7366944498603887,0.6804461575703405,0.03790872212104761,0.7989041961270258,0.7943766185719568,0.5813134787494554,0.8247319924098949,0.24460965552579142
0.9040664002826775,0.8453794012580311,0.09329359165424739,0.18959197978200443,0.12112578779245464,0.4077535212139789,0.10138560324433948,0.049914236706689596,0.9351221488583024,0.7969584928663429,0.49246779289940423
0.9741546954895449,0.12212449129694433,0.4656524590163935,0.5479431455073144,0.46517378917378926,0.06947869622969242,0.6825873605947955,0.676633962264151,0.6570656544932315,0.8363681082334097,0.2779451196603524
3,0
0.9033375159987086,0.8473156744026398,0.09083995267872236,0.18816068441371353,0.11957000616794417,0.41334799792276516,0.09904955352010131,0.04678078194903684,0.9365172448802636,0.7970026505938764,0.4940865274631701
0.9721875712107754,0.128015352500128,0.4520407474870134,0.5347889140103168,0.45305007444925144,0.07374941185523248,0.6754784524301253,0.6692134482490877,0.6644627746791174,0.8347536490969611,0.28498427070860527
0.986958547846083,0.07469751502673777,0.6391684335729433,0.7321189163734434,0.6736229070613928,0.03848233138725518,0.7950347706777058,0.790405333015892,0.5836463744403141,0.8258001671197078,0.24566875286633919
0.9417188715834125,0.18257333216888644,0.30846620256007184,0.368104944423414,0.3011747258322601,0.1663248249355099,0.42453022355756986,0.420754716981132,0.7853679855650076,0.801955945576853,0.4106172571173912
3,1
0.9744628487226681,0.11931030413843399,0.477833769216049,0.5589853859419207,0.47368829469996787,0.06698092522479793,0.6806011600827392,0.6728434035680199,0.6541246014347571,0.8339526033456668,0.27938117962543435
0.9035246611904958,0.8430787657805769,0.0924054867848782,0.18892052759460498,0.12039944182801315,0.41180896722641236,0.1002958804339581,0.0491721216788602,0.9354639988945953,0.7966532085137582,0.49464000284003945
0.9875776639769314,0.0727469324261722,0.6430119477632676,0.7404045244294994,0.6829977304553578,0.0375178592148353,0.8047634049524289,0.8020338983050845,0.5792901455665846,0.8255866792724497,0.24443369421774963
0.9439967795958408,0.17810275087424063,0.31320103537532357,0.37491191611889396,0.30501199580146954,0.15847040313950297,0.4526511445900998,0.44739324726911617,0.779483443297413,0.8045654467244323,0.40165415777804736
3,2
0.9396675173423199,0.18031315964195438,0.31526411657559195,0.3715745715887512,0.3060251134325209,0.1640997695355517,0.41302492083161224,0.41062194269741437,0.7850282679068096,0.8004974628227519,0.4215615429746613
0.9862948333343543,0.07837691622239254,0.6485915850378113,0.7364457490301743,0.6707417109893891,0.03802028089956948,0.7866884574217086,0.7803960511712131,0.584946058634241,0.8227305468102434,0.24823767555471649
0.9034243525203717,0.8470073795812381,0.09204234972677583,0.18878089962992467,0.12051875593542277,0.41158665246841053,0.09928748451053299,0.04740566037735855,0.9358295184482311,0.7968212888238535,0.4951819319978181
0.9738431257055333,0.12234511180160867,0.43718032786885247,0.5246027991530142,0.44532193732193737,0.07713109226524982,0.686736059479554,0.6836528301886792,0.6658526877308187,0.8381223049343068,0.28035724904962733
3,3
0.9736782600350378,0.12095702633020713,0.4715054436240771,0.5503449619016623,0.4652900110915379,0.06992850384955275,0.6809358948891853,0.6757885640213164,0.6579357049557261,0.8329038688560217,0.28254540329775696
0.9030924397694334,0.8437567054905553,0.09094135541659626,0.18785649605815552,0.12017211501747582,0.41585303037165866,0.09765071091863708,0.04681968488620886,0.9364532613615719,0.7965052979970157,0.4971706360111889
0.9416850834716067,0.18486207686151337,0.30481088610307505,0.3657198189925138,0.2983632199318475,0.16647316601788018,0.4305221469008917,0.42727833271673443,0.7846419309072307,0.8029054413319227,0.40737554385672525
0.9873594816867642,0.07362688071356782,0.6495972057912228,0.7430384926192153,0.6873929176334677,0.03732083586579714,0.7999846702180661,0.7940348829669974,0.5795061318420078,0.8237749291038069,0.24534441666581125
3,4
0.9875051770229236,0.07321170643396901,0.6489281210592688,0.7427644494101462,0.6869384177076485,0.03738864206193318,0.8008422803961837,0.7974798786119539,0.5801281453466536,0.8242875879806002,0.24522234615004634
0.9038644007465847,0.8454155351057242,0.09261483525401709,0.1891427074957372,0.1206312938986206,0.4096196383968629,0.09989326070153481,0.048869792639641474,0.9354444882321659,0.7969376162690033,0.4932505854958994
0.9741638528448013,0.12082135328123822,0.4712136041105946,0.5516875826659884,0.46959646213377565,0.06943464830745631,0.6829606613771292,0.6779076316530553,0.6554430989288295,0.8344372752964361,0.27753281463159474
0.9409585012096037,0.17480992665918982,0.31557377049180335,0.3743989078072939,0.30870132953466284,0.16105610262479703,0.4333694754233788,0.4267819706498951,0.7801375923266336,0.8021084483576696,0.4102818167350416
3,5
0.9873580353897509,0.0740902598141639,0.6440776590387733,0.7375559926734605,0.6799101543128847,0.03786649665171915,0.7993580065214356,0.7929551162341426,0.5816717807520874,0.8250637671443996,0.24558465240281302
0.9035185670433319,0.843138898240463,0.09195306648914042,0.188718741732597,0.12059814597885671,0.41298107818358437,0.09920178136735058,0.04871180921367685,0.9354791507408028,0.7965633331181543,0.4949251533015645
0.9737281542683667,0.12396532147451342,0.4664345844673714,0.5497463530351773,0.4670384670384671,0.06887781167437858,0.6809002310861048,0.6735484810956509,0.654806331919588,0.8357841347742523,0.2772681845510662
0.9436664086879819,0.1810330296295227,0.3056128541960699,0.3665516732196785,0.299824531612611,0.16465559124585458,0.44801693788621094,0.44628264400849676,0.7804035876267393,0.8046295802476204,0.39864416661916097
3,6
0.974343592674806,0.12010692406866172,0.47353629976580797,0.5540467225572022,0.4695088861755529,0.06855577369396719,0.6787189473063079,0.67277628032345,0.6559628023005147,0.8332847357386117,0.2791944921600834
0.9038375714823608,0.8475834402596906,0.0918869187019069,0.18872066122327857,0.11973079830222694,0.4097563823731189,0.09948031257112516,0.0479591836734693,0.9360119919941741,0.7971116429929508,0.4937755484113553
0.9874934871655952,0.07292671685084892,0.6458460683523202,0.7414902405875662,0.6839248635858807,0.037452267189440155,0.8014365824459706,0.7964438759194115,0.5802285388397812,0.8239815443799635,0.24698357823400402
0.9434290943290191,0.1773621210738577,0.30558630051164254,0.36959671266811867,0.3001796504981218,0.16271332568420738,0.44543366561693465,0.44098065136401865,0.7828063375404157,0.8055116221171632,0.4029943033658504
3,7
0.9742644488459704,0.12112578730118886,0.4754345808846273,0.5547521111743394,0.47084878782991996,0.06812733873004419,0.6851932384092025,0.6783624065503737,0.6547880165065326,0.834764672606325,0.2760866832080546
0.9045279838142597,0.8471146224970353,0.09290180834882561,0.18991385206834765,0.12087702293887836,0.40456359635493744,0.10106158739891896,0.05020424042015181,0.9350392784774275,0.797205260136164,0.4908660106489668
0.9427254312114163,0.17970070405700095,0.3154521417239556,0.3742747807908783,0.3057807186839444,0.15996376035359608,0.444513730663149,0.43946439440048685,0.7785034481845763,0.8033964063599706,0.40480425285313404
0.987641476502924,0.0726320189330446,0.6497076693798006,0.7423122254518333,0.690076305460921,0.03740480807636219,0.802532040450256,0.7966222456788494,0.5792107974094041,0.8248490484072323,0.24172557242985454
3,8
0.9743519824016673,0.12234216147484905,0.46819182774651336,0.5528147558927398,0.4696177233490667,0.06842513256238474,0.6855823114908728,0.6777245846240496,0.6542907385518061,0.8348628649810065,0.2771150985920401
0.9033622947353175,0.8451997552917629,0.092079207920792,0.18863166151909355,0.12006713491862009,0.4128330089318323,0.09884427104420496,0.04829067812441623,0.9358797133303838,0.796597355162038,0.495519583359619
0.9431163790840467,0.178577985230709,0.30196941357685114,0.3665231744435705,0.2986290368840705,0.16537723305055396,0.4391357501060353,0.4365455236165632,0.7844789363090852,0.804832401157812,0.40643996088062867
0.9877543958782273,0.07245824546600294,0.6467417303541215,0.7410077812305413,0.6845819265748092,0.037474633174153935,0.8028284538755639,0.7997179883166587,0.5790739810484,0.825490658316176,0.2446106561179533
3,9
0.9737297262969302,0.12321953615297668,0.46657383378694856,0.5478350987668316,0.466928466928467,0.06955961201388804,0.6799816279370183,0.6734902017920885,0.6572980815389536,0.8348242187776336,0.2801204807603136
0.9032694273981029,0.8477704060014233,0.09234972677595615,0.18858696448510542,0.12007359924026595,0.4120526990523141,0.09746747211895923,0.04703223270440243,0.9363827836479305,0.7965595262888692,0.49529761680192574
0.94322196707906,0.18262606667680556,0.3074252651880425,0.36651862566104804,0.3015287786529617,0.16511624063132965,0.44376412274947163,0.43914169441361445,0.7817088673795353,0.8044798650148787,0.4007445034868603
0.9868474084340503,0.07664495146269307,0.6466770048737265,0.7414082747225703,0.6769846769846771,0.0373533976400023,0.7950366723600923,0.7896863844977052,0.5813096449444949,0.8238028173635256,0.24590835618047602
4,0
0.9041394693831039,0.85050882259857,0.09316939890710385,0.18954802129402581,0.12066714150047475,0.40614596105377876,0.09967472118959125,0.04801493710691812,0.9355506150834386,0.7970981704614317,0.49179036323564407
0.9740691196300045,0.11916339998676934,0.47178472007423444,0.5529326345180692,0.47053701015965177,0.06826869875518347,0.6816721610436979,0.6758561765752937,0.6547967265660708,0.8352899714847312,0.277634508848401
0.9418634041455076,0.1784212886750381,0.309644453906749,0.3710777839950947,0.30399230399230404,0.1626171544813621,0.4446241490851156,0.4397696642979661,0.7819959072523726,0.8033687350839817,0.4084349725210476
0.9873425800291767,0.07418337908231998,0.6473084122752285,0.7421929518485241,0.6826171393645444,0.037410511719698794,0.8022536370769606,0.7957041196056669,0.5801958488867578,0.8243009685630317,0.24626091587898483
4,1
0.9428356500987081,0.1802963699730054,0.31218431546300407,0.37313328230374265,0.3038808038808039,0.16113297700479676,0.43871194614689046,0.4306731259561448,0.7820301323071146,0.8038819252368985,0.40857093333739786
0.9034985178189043,0.8403929236069922,0.09082305222241022,0.18833091194403162,0.1199812024554292,0.4145263177853221,0.0990303912926836,0.04960124489398987,0.9356637787714345,0.7967330181071722,0.49423661821269893
0.9874758681013244,0.0731255914710176,0.6468255309560025,0.7435484579624888,0.6869719309581853,0.03726676315485476,0.800342365129856,0.7955391298709718,0.5801496685547991,0.82414106633146,0.24765191187365304
0.9738144396428036,0.12196136688560341,0.47553263338859214,0.5535121796688474,0.47070435459948573,0.06844706097555839,0.6824415577182797,0.6749629001483994,0.6555838209009379,0.8335176358068559,0.27844397897114775
4,2
0.9744902615131708,0.1209438881684268,0.4793048194256132,0.5580927435715738,0.47408050039628996,0.06738631535925746,0.6824076920926853,0.6762235778124555,0.6542059138408208,0.8338863265125794,0.27688425221893564
0.9034676501255181,0.8438278145642064,0.09188324670131931,0.1885104284021466,0.12017232992842758,0.4131652366130281,0.09912050049868515,0.04843074091118277,0.9358435001050899,0.7966767037701559,0.4956908704342492
0.9878542530513867,0.07137413815534693,0.6481032135882109,0.7429775989516749,0.6900449463626359,0.03722668285750014,0.8058325392884462,0.8010625979156732,0.5774228981896147,0.8252822558494497,0.24426533921548102
0.9439809948980633,0.17626256664653844,0.31229508196721306,0.37206503995399054,0.30591168091168097,0.1619817910977505,0.4574936411661123,0.4518371400198609,0.7773969829168761,0.8048929190484528,0.398361758052887
4,3
0.9416740035269722,0.17964792256168277,0.30711849488392573,0.3696890501272233,0.3042888009330963,0.16408091338805136,0.43077767520770444,0.42915031024439654,0.7828472128510984,0.803400926316781,0.4089011304167887
0.9039065147916097,0.8445570746101343,0.09180327868852489,0.18897291850933418,0.12021367521367526,0.41025831460100115,0.09968401486988876,0.04969811320754747,0.935468044727126,0.7969220819311145,0.4939813678707933
0.9871387316791171,0.07539611734733265,0.6380585020893602,0.7321216227724525,0.6748878088747371,0.03840896053254583,0.7977622275676068,0.7946232581082746,0.5819001585041091,0.8268564357099742,0.2417519855114793
0.9727235341561221,0.1247404208855884,0.4615991970558715,0.5414431566443731,0.45835222978080126,0.07208265650185691,0.6752294970032622,0.6678937235271466,0.6621663889191316,0.8326791872848004,0.2856329138619366
4,4
0.987271270549301,0.0745323579668,0.6492903509737045,0.7410776385799374,0.6817721180137287,0.03747420732748481,0.7997180709064147,0.793022666835507,0.5810205776163361,0.8239134838893268,0.2450564374808612
0.903520963867682,0.8415526954892453,0.09168618266978901,0.18843053299171952,0.12092272806558524,0.41380635860147674,0.09887337834762178,0.048305737389295,0.9357510802843938,0.7965786909087353,0.4955503590623277
0.9432731166329791,0.17837349323998197,0.30373592059774734,0.3645148801767154,0.29751729751729755,0.1663213870405626,0.44485749690210663,0.44025157232704404,0.782000633655188,0.8043101547607482,0.399425861665707
0.9740081697094028,0.12234858816716701,0.4659282233052725,0.5492224931182405,0.4666974666974667,0.06933237810932714,0.6831536794362073,0.6757922342828003,0.656271834000601,0.8352391546053703,0.2767979830225223
4,5
0.9736244376549689,0.12507022163172507,0.4396351136964569,0.5250751069602922,0.44658119658119666,0.07693982636611439,0.6844046048686894,0.6802191113816188,0.6653205123962588,0.8371114545853682,0.2800742306927532
0.9032314360688792,0.8458496244195757,0.09214480874316927,0.18851876471499457,0.1199103751187085,0.41295226341916147,0.09936493184634437,0.04734669811320752,0.9360507176685843,0.7966134532779524,0.4950012109327985
0.9861640386837977,0.0781165448977694,0.6452438460352538,0.7356547632311753,0.6689976689976691,0.0380554878472595,0.7863677150948014,0.7797125450996627,0.5850562706858622,0.8229752673526024,0.24851586316395102
0.9405986472945501,0.1842657204800628,0.3103360074409952,0.36783779582332643,0.3043785738821201,0.1655037765395839,0.41437949853673967,0.41174896293322627,0.7859113489728413,0.8015679372170605,0.41110939133963603
4,6
0.9742042942670156,0.11950686722338799,0.4731197597296959,0.5558339257832535,0.4719775559470216,0.06775009028178053,0.684156758137291,0.67861155120265,0.653706612748125,0.834984460221834,0.27940970048462477
0.9036766379253665,0.8423042786269257,0.09282139775668707,0.18898493144033746,0.12138251611935819,0.4114631788677784,0.1006261005674034,0.04959285004965247,0.9351626784441639,0.7967781082007304,0.49489800089552505
0.9418916153388033,0.1795645066116961,0.31591004623791524,0.37441809862400727,0.30621301775147935,0.15894400080693122,0.43835192069392814,0.43437348814707305,0.7807074824027044,0.8026951841700862,0.40903289998436176
0.9875030033964264,0.07320949148722816,0.6485515382887941,0.740756141384348,0.6835362760020296,0.037534764455504965,0.8015990222539083,0.7978676660635824,0.5798351330234249,0.8247596868045047,0.24452756503545303
4,7
0.9735394834865142,0.12399630780769835,0.4687389659520807,0.5496442213746575,0.46616261231645856,0.06977284427537316,0.6732056048041178,0.6672133526850507,0.6596234730595647,0.8335657185535773,0.2814211957438125
0.9037235452612948,0.8508614140849643,0.0919377889869692,0.18913268690409818,0.12002337643363287,0.40792737880967167,0.09869411876846851,0.0472375423318821,0.9362698988878746,0.7969886698913015,0.4928754857977917
0.9418274618843331,0.1782839883682233,0.30887042443296653,0.3692909073980134,0.3026772821293369,0.1629677017738095,0.427687528644905,0.4254846213491858,0.7846368907426065,0.8020977624421751,0.40997607951520976
0.9875383726240269,0.07288597857735896,0.6445857777290424,0.739629123174041,0.681950280612488,0.037601112731276545,0.7997040941925379,0.7957846911087272,0.5806379286446565,0.824570573756165,0.2451690518065036
4,8
0.9034638553017119,0.8425853998690477,0.09222528810258057,0.1885142338118625,0.12039152633212025,0.41333838988271976,0.09961721079171132,0.04879506818606427,0.9357126315832267,0.7966016560212071,0.4954193981250928
0.9873707291987118,0.07385499326872491,0.650069268067421,0.7437664319648747,0.6888868825488546,0.03732229768721651,0.7990208911461332,0.7951368588891841,0.5805271720598537,0.82389591828488,0.24494780671549082
0.9441321397790396,0.17902924604051768,0.30926229508196723,0.3703510474221815,0.30056980056980065,0.16259299644937159,0.45162639405204463,0.4467688679245282,0.780152659519904,0.8049232173103673,0.40071247479500105
0.9749615065695627,0.11805328900922518,0.47414483025687365,0.560685077709382,0.47310272113421725,0.06635112341697048,0.6886690278956766,0.6834497102956469,0.6515754089673977,0.8353272529998707,0.2753355671799644
4,9
0.9745115816584887,0.12145021673472242,0.4666456494325347,0.5495487101776932,0.4658119658119659,0.06924300091958725,0.6858879039176436,0.6809579100145138,0.6550767810359542,0.8362622535012957,0.2778866137445105
0.903576026974266,0.8517451192442458,0.09205548549810832,0.18906464080249086,0.12019869968587932,0.40931147545278523,0.09888475836431238,0.0468505079825835,0.9361433772082136,0.7969096592460698,0.49374158541309865
0.987499408125116,0.07300141147990646,0.6472311419074981,0.7409493297003815,0.6848082552549908,0.037490559220678774,0.8012366024093307,0.7964468650716463,0.5796305736166534,0.8247468246092267,0.24646095846103316
0.9439657159738942,0.18277101494491474,0.30636576538215876,0.36885464075403973,0.29879379879379886,0.16428722370916096,0.4485588760681698,0.44337172261700564,0.7803935139542468,0.8052761855006904,0.40142435190323067
5,0
0.9425749597056626,0.1797724149189927,0.3072871496562665,0.36914463927163366,0.29853873724841473,0.16334101853347263,0.4426190190670344,0.43929397443700546,0.782226296212956,0.804325150642955,0.4079994642289666
0.9873556625232717,0.07394402634526179,0.6484315616314029,0.7414353712618736,0.6850422421356681,0.03741665467538151,0.7995266333080355,0.7942025200757328,0.5800586545656442,0.8244311904178884,0.2473692036524066
0.9035381525167709,0.846436330737363,0.09077235085347268,0.18846039681519877,0.11992246012864555,0.41248864999752455,0.09870463342658947,0.04858976852752417,0.9358948597438993,0.79665206464817,0.4937831876866273
0.9737634631880271,0.12122250035828966,0.4732323864347391,0.5537077015800622,0.4740545007720581,0.06828607741847922,0.6793751241522177,0.6725910989485813,0.6556193167046227,0.8337358431598625,0.2789303149462289
5,1
0.9430633339048937,0.18298349218969667,0.3166371289322109,0.3744482478450447,0.30948255948255954,0.16167578889812462,0.43265849492615294,0.4266955634880163,0.7777627981900678,0.8026365141876253,0.40403270115801604
0.9035359370457422,0.8450851591844606,0.09170442375813498,0.18867107874272815,0.12033099972798467,0.4120530490400297,0.09917617828921532,0.04850668436522243,0.9359201114311839,0.7968021222295159,0.49504144413971285
0.9861515947193349,0.07890578831647935,0.6454957064793132,0.7360296447379326,0.6693166915389139,0.03804406882469623,0.7870419543282,0.780533093740641,0.5847087884531481,0.8228972743900497,0.24969417222510448
0.9737495526729004,0.12324788088007521,0.44394544703127153,0.5277040056221953,0.45238095238095244,0.07530810679232354,0.6880603542532255,0.6847788171872521,0.6630633993441468,0.8384880127073039,0.2779842209434247
5,2
0.9874213988566467,0.07311994584621598,0.6490546638487462,0.7430154348202572,0.6865203450569306,0.03732062620221878,0.7994637514086239,0.7947669449740318,0.5806522985506559,0.8243098266051959,0.2463903087292549
0.9031255986626895,0.8437188585522628,0.0922279792746113,0.18823348165599674,0.12021906322424464,0.41455495579151985,0.09856116493634093,0.04760973702219179,0.936111246946367,0.7964609561991417,0.49692400893682
0.9435979236712022,0.17896693418019224,0.3071960826059187,0.3678296079391648,0.3011063011063011,0.1643240470064318,0.4449621010959301,0.44204851752021557,0.7813883900260618,0.8048020555522613,0.3998785613215698
0.973765768846226,0.12326085047746316,0.4754344878589918,0.5550764343875078,0.4709101814364973,0.0680589603670973,0.6790535819101657,0.6735565328415377,0.6556288006639517,0.8331281422431694,0.27900751125522016
5,3
0.9740967333575563,0.12000722738486036,0.4749254843517139,0.5559827389213847,0.4679271345938013,0.06786677441627889,0.6834938605384702,0.6767867352773013,0.6548649062433962,0.8344894812099994,0.2792553166648442
0.9033891791373222,0.8441668966021316,0.09287909836065567,0.18888552198984015,0.12078584995251657,0.41178295613228433,0.09919067534076836,0.0479559748427672,0.9356270196450581,0.7967512180598301,0.49620548119397045
0.9875355209398218,0.0733823167431121,0.6499000399840065,0.7440193807289563,0.6886446886446886,0.03727563478396469,0.8017823141587762,0.7963053053711128,0.5793715927076635,0.8245815245946507,0.24345741511082827
0.9431571712796235,0.17740860419097337,0.3105774250809231,0.37433405459221725,0.30604097483078374,0.15920833498746223,0.4477541259204887,0.44333613748347545,0.7801992373415182,0.8043565644615055,0.40501009089589046
5,4
0.9741510370550513,0.11828114375697407,0.4693046919163369,0.5521310443825153,0.4721048782351465,0.0687675260833532,0.6835875742426185,0.6803585628569362,0.6557211067561577,0.8354193743911669,0.27970928677416784
0.903680337370222,0.8511083865241647,0.09176858357186218,0.18903737778093516,0.12024600913489814,0.4091108197192799,0.10060777718770281,0.04849755415793139,0.9357583593324283,0.7970388211406206,0.493111960656584
0.987332527632169,0.07346339426114418,0.6476766534765405,0.7436598668980574,0.6808920326161705,0.03717536986079348,0.7981797205486476,0.7934157449577097,0.5803519377980293,0.8236168905401774,0.24488553243712646
0.9434961269801776,0.179423801754827,0.3059631147540983,0.3681048557530326,0.3005519943019944,0.16417074307755183,0.4478624535315985,0.4437028301886792,0.7816481585966377,0.8045226879838401,0.40025935150560626
5,5
0.9863224399541959,0.07713579691012784,0.6463685733137084,0.736747858744961,0.6712444761980366,0.03803332973765354,0.7878163591791637,0.7823120509375547,0.5850246648991129,0.8232786899390264,0.24847522326085786
0.903408040394532,0.8435735286576378,0.09137055837563479,0.1883754100744663,0.11977381520528724,0.4137078529013157,0.09857905761138303,0.047830667560578466,0.9360774773010865,0.7966903342497648,0.4945010075064571
0.9735254030355308,0.12433283506178328,0.4403696957431019,0.5268952879651526,0.44568721934977085,0.07607502772006705,0.6882524821393058,0.6830188679245284,0.6632496947775317,0.8377531751091637,0.28078641755864553
0.9383215988640576,0.18061529321404302,0.3171951657293287,0.3723010967535496,0.3084825420591845,0.16469653995058242,0.4072124386074404,0.40385621815176975,0.7856494613156683,0.7992181683909242,0.42196457349678296
5,6
0.9742353556923435,0.12314589714977672,0.47224686595949855,0.5550572109194972,0.46966091279816774,0.06791096432442398,0.681624025074714,0.6736514983351831,0.6549522476204289,0.8338871170804392,0.27802841595458544
0.9039190488480705,0.8439708110762743,0.09245235915785982,0.18917413348060136,0.12068491763923245,0.40982813366327125,0.09999433887494547,0.049037448520256266,0.9354247337472871,0.7969159736903991,0.4941041428723566
0.9875196223180068,0.07310873399148768,0.6449281038437867,0.7387140911322139,0.6846163569713057,0.0376881675245877,0.8027329129502521,0.7983514714405305,0.579571061045516,0.8251549426430648,0.2459593633738179
0.9425509462239618,0.17933122985648522,0.30629296668429395,0.3679065406479962,0.3007627975369911,0.16485397021064807,0.43748650917376186,0.4323067559342666,0.7826687360186398,0.8038658602902837,0.40379584417871667
5,7
0.9423570204829406,0.17773972123575854,0.3124245038826576,0.37400467667614734,0.305405608037187,0.16031024976741431,0.4420612404617492,0.43810824230387285,0.7797469926354688,0.8038119084580007,0.4062905658416949
0.9037485170111381,0.8433091645756498,0.0917868028667932,0.18863281240109286,0.12011625076951715,0.4121296813073233,0.09966187816405453,0.048923864606049305,0.9356940632584367,0.7967865693395652,0.493833969126395
0.9746944598661862,0.12083675063107671,0.4724788872329856,0.5548947144990084,0.46813217646550986,0.0679333922395509,0.6851695392587587,0.6774299599771296,0.6542517268499543,0.8352665948132383,0.27700621580270546
0.9875556430491222,0.07338146558362665,0.6440264595916019,0.7396000635515791,0.6876293297345931,0.03765234584366295,0.8025174460314355,0.7969016881827207,0.5800072349523807,0.8253825162828134,0.24357963008476738
5,8
0.987913657967532,0.07197880004441451,0.6477701392561253,0.7418928229995485,0.6891931909853058,0.037420534078378406,0.8051458341661002,0.8015959964833974,0.5787011911642955,0.824728077613214,0.24395185939731445
0.9037071579989908,0.8473036355477912,0.09236579877852796,0.1888478625295259,0.12045416457181174,0.4103061884813187,0.09794810117355507,0.047595264520902736,0.9358742265884632,0.796774502606602,0.49405082565768976
0.9450686159259573,0.17819548080239883,0.31149741445703605,0.37214317798473334,0.3026444100269604,0.15792393073128783,0.4564007884034829,0.4513359503608965,0.7786549916968021,0.8058286757932379,0.3952728494770152
0.9749920772440843,0.11841132422987011,0.4748103743577196,0.5576633877654424,0.47246672619806956,0.06740313071406027,0.6872191089163846,0.6794987327513375,0.6528472736849218,0.8345797000217707,0.27545719003422153
5,9
0.9041250333049254,0.8454480602577538,0.09316801198302405,0.1896545938558848,0.12129231926186229,0.4071466526351386,0.10118317513633901,0.04936308782683657,0.9352442984529978,0.797016871242284,0.49180025711900244
0.9870192045342444,0.07542186412095966,0.6411307922651373,0.7331530360080167,0.673943531528671,0.03834978383215752,0.7965748616018503,0.7918570009930486,0.5820314336131205,0.8260251454290435,0.24357043782372367
0.9412093927815295,0.17884163501984748,0.3073003891968392,0.36603991157371585,0.299965156080264,0.16774224433674678,0.4291139579043085,0.42573639201846064,0.7871527972533775,0.8014770015557894,0.4165824110332248
0.9729792923209905,0.126716310935302,0.45636351268621184,0.5379036645990813,0.45477651286779924,0.07271495933932176,0.673803390457974,0.6688796680497924,0.662334395224387,0.8343194613153148,0.2815929629011741
6,0
0.9872602058222856,0.07413600841135637,0.6467520841492755,0.7421984134337619,0.6865318981359938,0.03735099426661613,0.8019716558610451,0.7962392942237106,0.5789900369866736,0.824261241728715,0.24728632410304313
0.903352873840266,0.8436154047028166,0.0929308699800504,0.18861364392240615,0.12053241682871318,0.4131383386773191,0.09999803308353522,0.04741938704202814,0.9355754429615761,0.7966615442449609,0.4942640639817524
0.9434778626853015,0.17400023939365522,0.31259016393442624,0.37691092117935654,0.30516619183285854,0.15744754947038586,0.4474349442379182,0.4433710691823899,0.779424155382303,0.8055923270295657,0.4042791997598605
0.9746124994377354,0.1198662504069121,0.4712380719354049,0.553753571798311,0.46858655440745,0.06824703879193994,0.6852216612106752,0.6790340749084763,0.6543372463697128,0.8355343874951409,0.2775874927932349
6,1
0.9437008960360738,0.17910418560149183,0.29891448825875055,0.36220208241977964,0.2932547932547933,0.16771644818416045,0.4470260223048327,0.4455124936257011,0.7850751089620626,0.8055229911219649,0.4028432407375465
0.9038032598163588,0.8439223255547752,0.09159122420683452,0.18869934303358243,0.12055109070034464,0.41138183609387424,0.10013131369176437,0.04879376701398669,0.9357748087629176,0.7967686902279469,0.49398292493865015
0.9744919360154939,0.12215340884170883,0.46561074818193027,0.5505869517424676,0.46873594242015304,0.06887497877727933,0.685566145847891,0.6801957724499927,0.6549641183385239,0.8354585357004332,0.274861417531242
0.9873884623715905,0.07353097283461238,0.6468679896462469,0.7405853194474585,0.6858299595141701,0.03762276847733924,0.8001043500945673,0.7929692154915593,0.5807570063854772,0.8248472139650618,0.2451533863437548
6,2
0.9865973116379861,0.07716986096254458,0.6456016962300254,0.7355572061890276,0.6747373435070597,0.038131200888063974,0.7883034489228713,0.781965359204809,0.5846736821530343,0.8233058708142241,0.24787100203889306
0.9037038357536541,0.8459969674435396,0.09231147540983603,0.18880547833694394,0.12005698005698007,0.410630044957597,0.09955390334572456,0.04801886792452831,0.9357883668444835,0.7969370137688031,0.4941483713031253
0.9733495655209164,0.12632189832713597,0.44194272498469495,0.5289889074537126,0.4487711458665816,0.07536327722395743,0.6855882398309399,0.6796210757065685,0.6627913460703525,0.8376394733415953,0.2809143381821872
0.940842470247229,0.18421086548339516,0.30678827060725006,0.3650560211304008,0.30008827896151846,0.16834562087966645,0.41839886905073553,0.4153335104969439,0.7872795864229307,0.8014508056676412,0.4137163066268629
6,3
0.9036189701314046,0.8492683374249477,0.09167278362286929,0.1889398413326786,0.12015421468157778,0.41020903198323305,0.09894764097726949,0.04845583403736037,0.9359955454569608,0.796844355394138,0.4937800103303743
0.9740749244646771,0.12043241789126563,0.47215617569765994,0.5545145398762648,0.4720101781170484,0.06808650203533737,0.6831351627458214,0.6765519227999424,0.6550934699464699,0.8348466423526719,0.27683333145496863
0.9423368616263536,0.1764210694171619,0.3090057483500106,0.3705633863908639,0.3027713027713028,0.1628726783076941,0.44344131704726497,0.43678020093114434,0.7819432824049181,0.8033601533577613,0.40739321799346273
0.9872436962329455,0.07404275109446604,0.6483114174824769,0.7393489443858801,0.6799351675676766,0.03770618954039051,0.8017129270823755,0.7966397759850655,0.5809971348657568,0.8251865136201443,0.2463430841663398
6,4
0.9434440113591952,0.1812627297190122,0.31517444304329556,0.37549409529917577,0.3068156914310761,0.15725162303212264,0.4416166237727576,0.43599419448476046,0.7784381148532795,0.8042160501077378,0.40188476909182885
0.9034750823060417,0.8425626747178734,0.09168909550607635,0.18859838927561307,0.12049439412623486,0.4131232821282368,0.09874419722946592,0.048962733502300015,0.9356260347830018,0.7965486351857768,0.4949613449957487
0.9874536224769276,0.07305470766313393,0.6456707457861924,0.7401355038938491,0.6838810641627545,0.0376025631154866,0.8004214880360226,0.7977544512357163,0.5797910152750745,0.8250700339064352,0.24517161878347657
0.9742562652200961,0.12099285095406812,0.47347300462054565,0.5541928344979512,0.47033847033847037,0.06818481730354618,0.682967088171549,0.677919428862825,0.6547106782026786,0.8341733128523222,0.2778782176490868
6,5
0.974187791345914,0.11905790896550533,0.47693740685543967,0.5549208534079875,0.46923292756626095,0.06809967071346962,0.6803537231046525,0.6734848484848484,0.6563016811529349,0.8327243595991419,0.27953709631087986
0.90352317380838,0.8469154122895424,0.09212577264176319,0.1887851117442404,0.11962698301496133,0.41089202750833165,0.0981372011294614,0.047530673265284984,0.9361771841666862,0.7968725477627154,0.4938080604608741
0.9873188711260719,0.07373239232537179,0.6493243243243243,0.7432453069529081,0.6840879340879341,0.03722369234975238,0.7987541444790517,0.7941738908720041,0.5802529486297969,0.8243511278590051,0.24496036718892256
0.9421435735373175,0.17792157510377096,0.3083220215098674,0.3683595464360744,0.30114141579109743,0.1656700133219746,0.44067435417801243,0.43771181348395616,0.7833254706501963,0.8032464485587865,0.4071356870026611
6,6
0.9744144392264089,0.11872058546265596,0.4729668916747026,0.554369740338142,0.4697167755991286,0.0682747922914951,0.6811575187695895,0.6753237143914169,0.6560187308407176,0.8347763815111786,0.2780485273640329
0.9034758538917422,0.8466913843173207,0.09161832702816325,0.18876650227210845,0.1203301921250638,0.41127273751418003,0.0989228862834809,0.04795355587808403,0.9359842387130063,0.7968387280091354,0.4954507442547959
0.9433434760579958,0.17994453992969753,0.31519830777366475,0.3741920956779585,0.30737983641209443,0.15843927263618293,0.44758364312267657,0.44355447352404126,0.7773862628562377,0.8041565304982057,0.40030825097214795
0.9874873780163953,0.07319836578572125,0.648035565434843,0.7405036867994874,0.6840697281375249,0.037623152815997624,0.8008191040262111,0.7961752478413813,0.5803916318340852,0.8253775893742108,0.2457277525657099
6,7
0.9431337999985225,0.17810806462185677,0.3128714965626653,0.37240007890964744,0.3052660601047698,0.1624650210779935,0.44559299676220177,0.44180158247108947,0.7798665069427003,0.8035736758081763,0.4023130610893738
0.9036563844359886,0.8430032725937244,0.09210134128166941,0.18891629038673302,0.12089556534000984,0.4115209518295243,0.0999774698659458,0.04976176862969306,0.9353661771593681,0.7967326042153262,0.49496227479410737
0.9742887106342139,0.1208806726226625,0.4730309380007396,0.5561579117446798,0.47007475954844385,0.06754610996173381,0.6827990049473126,0.6767626613704072,0.6541613702907269,0.834392234878789,0.2789961529133364
0.9876018014493738,0.07380928088243835,0.6456216090076424,0.7429002318379323,0.6861128854011417,0.037295142768732026,0.8035163846591437,0.798563083327738,0.5794543857522759,0.8241597193323421,0.2448864153949063
6,8
0.9715460756053202,0.12692999581295736,0.4774284795885567,0.5494846649583531,0.46734819283838896,0.06973240813644346,0.6633428092426561,0.6541324454310025,0.6607143144496228,0.8307959669184762,0.2888724635719199
0.942767240026435,0.18275012578907027,0.2878066291731483,0.35148790515129147,0.28777008339052135,0.17440730255164938,0.4380376088785174,0.43533948491943253,0.7889389251472908,0.8050458132441175,0.4044739230405438
0.9033718648307416,0.8422456273438748,0.09246900224681703,0.18853460079152734,0.1202221354505616,0.41353909334821537,0.099484837620063,0.04771573604060919,0.9356293833018487,0.7967330310381855,0.4955011316068487
0.987584444064363,0.07263373657630395,0.6411997258974222,0.7382298185879473,0.680224622346809,0.03771157651547084,0.8026631922447077,0.7998301280106779,0.5797182240037384,0.8252098921204963,0.2458042808292703
6,9
0.9037702059109926,0.853203889109331,0.09158357275646428,0.18878466998973759,0.11973154756659915,0.4086707962066238,0.09830222665082594,0.04656681579459243,0.9365870450824725,0.7970247800690695,0.49379412519468596
0.9871800997006385,0.07464188136507904,0.647866644587956,0.7405397613825986,0.6788588640440489,0.037503797210551026,0.7976668794512662,0.7932278762467442,0.581105474109169,0.82410823258724,0.24193343998261208
0.9423072853192085,0.18738063024687954,0.31034703001916114,0.3703534546748792,0.3038073038073039,0.1636932407022833,0.4347994013421523,0.4293065425140896,0.7807738783580006,0.8027297686472213,0.40362533203708817
0.973975380019339,0.12196630207534917,0.4615621986499518,0.5460008802571416,0.46778392268588354,0.07021849712603954,0.6836358335155623,0.6784165741768404,0.6575554965523367,0.8355259335740659,0.27958580448769726
7,0
0.9735620953762185,0.12190875329452372,0.46788288575620335,0.5486525106846972,0.46764663496181014,0.06965112737892996,0.6770861961725948,0.6703032082813302,0.6582008641102097,0.834478684181953,0.27949714749487947
0.9035322395159621,0.8442152567494539,0.09180327868852461,0.18856310074780425,0.1201041756597312,0.41241609153763026,0.09871953738124739,0.04840861444635075,0.935893091771223,0.7966789460055799,0.49486584541857725
0.9433002078227329,0.17970033388309928,0.30982520898925203,0.3727606343340612,0.3024282560706402,0.1599894812486086,0.4431669908171053,0.43761089591403224,0.7803988320239598,0.8048286139156764,0.40599112077289684
0.987518977293098,0.0732248196622827,0.6438050630088101,0.7376060319455707,0.6817644436692059,0.03785616627360054,0.8006600409680602,0.7961622384802979,0.5812165551489387,0.8245183190064054,0.24661390125576058
7,1
0.9440139656482373,0.1754848404130907,0.3084771354616048,0.3727967801823646,0.3047495876443246,0.16088927712916704,0.451966347094502,0.44637537239324726,0.7811329044554373,0.8049397901634018,0.40272499908778564
0.9034375947348671,0.8424006711351231,0.0916534908879087,0.1883479901926281,0.12069937958262861,0.41451573334356817,0.09816390844073747,0.04846279092041006,0.9358150259639386,0.7964953522408308,0.49430434192682876
0.9739367012611352,0.11998488587887252,0.4814501891551072,0.5615229856948198,0.47502739425816354,0.06644400735669766,0.678524449528167,0.6729317851959361,0.6531858606104626,0.8323339209661504,0.280947645108431
0.9872590405549998,0.07460757743167917,0.6512421835389556,0.7426763090504526,0.6834963432901578,0.03735155899701449,0.7998441472170056,0.7953705504765609,0.5799943807311977,0.8240190641080538,0.24448100017427343
7,2
0.9035560228315171,0.8510064692181667,0.09303701199932407,0.18920414226808208,0.12046582665139371,0.4091540930057651,0.09975855593454203,0.04788951565843219,0.9356288786703298,0.7967850499839637,0.4948121420512831
0.9740988420420996,0.12102802913429742,0.46816887144756,0.5501264952000228,0.46996446996447,0.0695066006320732,0.6855219531799458,0.6800903329205217,0.6546892897939287,0.8353235446063515,0.27740914821639456
0.9414887607127632,0.1808292787227162,0.314971230051026,0.37443391740238907,0.3048999075489143,0.16122498624679174,0.4342302863192102,0.4307134824440834,0.780445029308103,0.8021348318875317,0.4107181883871896
0.987302047109827,0.07417523970174153,0.649213557820115,0.7427758346019189,0.6835104335104337,0.03734955739687773,0.7987541444790516,0.7916624171341153,0.5805466679235676,0.8241825038151537,0.24444939870224075
7,3
0.9422134436049653,0.1798145008942514,0.30327868852459017,0.36777747040096487,0.29646279646279644,0.16500320462208679,0.4443586153623328,0.44050477824062734,0.7835536693507584,0.8047730594764991,0.40629232114821356
0.9742886884052572,0.12238509440342782,0.4760881854154889,0.5573896794871668,0.47162458656711537,0.0676822937769901,0.6852825136378529,0.6783633340562423,0.6544150131198955,0.8334164870096821,0.27830463748835016
0.9035040403571285,0.840506960492583,0.0917002832374903,0.18860379820638512,0.12023985322414604,0.4137589424372645,0.099048249284727,0.04874049194902741,0.9355155682357743,0.7965701143405731,0.4949804200854574
0.9874926379309978,0.07299712830778401,0.6463700234192038,0.7422875847124446,0.6840610888229939,0.03733994108525192,0.8018106871001189,0.7953022718521371,0.5799096413288354,0.82463757905867,0.2453079479704248
7,4
0.9864444913681768,0.07689920011029616,0.6463219840269021,0.7371614276067705,0.6765103367667471,0.03801287946071848,0.7878062148508247,0.7816884373488145,0.5842076086613446,0.8225577124191975,0.24891488561191843
0.9036203747468529,0.8449941726377681,0.09222147875543663,0.1887179061774915,0.12032676318390606,0.41124074157097185,0.0997648129883924,0.047997689641894936,0.9356882730523504,0.7968422848878838,0.4947249307545547
0.9389614046105903,0.1842567711165815,0.31498662946169054,0.37161774306719875,0.30704572548544184,0.16426352949019796,0.41364127712304577,0.40733306570319805,0.7836010005325721,0.8007199395954837,0.4163739621294287
0.972984754294736,0.12554331983343905,0.4363660113643786,0.521833875812543,0.44109601480119415,0.0780135817209348,0.6824005094862186,0.6804480192437794,0.6667012704209855,0.837962364254965,0.2812627680463472
7,5
0.9438048207490698,0.17952519996301697,0.3137960400255483,0.3721336573788119,0.3045473045473046,0.15976691516310398,0.44607251484574906,0.44261210487625574,0.7797536890684228,0.8045773373746542,0.3996826080562035
0.9036512387478929,0.8409190076030771,0.09222528810258085,0.18878044856212972,0.12064539787312051,0.4125199673844977,0.10007729397475079,0.04916869045395128,0.9353182881891006,0.796776140446041,0.4942701737150639
0.9875936154642541,0.07244805511969923,0.6486839067190026,0.7423699203587764,0.6890373580514426,0.03743882010773121,0.8035891931514738,0.798644698378953,0.578732835048867,0.8251281238128004,0.24565484910613325
0.9749606419811427,0.11951274191473657,0.47399747793190417,0.5537042767283455,0.4698224852071007,0.0682167671400838,0.6857306262510723,0.6793904208998548,0.6543381679871236,0.8355343993787362,0.2761981026885851
7,6
0.9873192564421847,0.0742027905131025,0.6419824123330797,0.7360464694560716,0.6758740401124508,0.0379450676901444,0.7975454836406609,0.7952267899537673,0.582117031308173,0.8244127184482801,0.24532279666134937
0.9038203773770153,0.8473023896292552,0.09282891971416596,0.18920790318897363,0.12052012564833081,0.4086139253274227,0.09989514822228573,0.04897919690372504,0.9359034857906448,0.7969609024951991,0.4934154282637893
0.9424556293301362,0.17907951180260775,0.3072376491580238,0.3652777418966982,0.3024400643448263,0.16666631912803945,0.4355511721417191,0.4308047747400846,0.7842829786818322,0.8036100045994993,0.4058844518545181
0.9744034660190055,0.12252495844695005,0.46253842213114754,0.5475659226140521,0.46371972934472944,0.06985495148219581,0.6843052973977695,0.6779923349056602,0.657015982445119,0.8360662744989406,0.2777059150802304
7,7
0.9414977239778984,0.1816394138838993,0.30487085741243075,0.36320900500875974,0.2997601918465229,0.16890247891601912,0.42643951753095666,0.4238903217049002,0.7854516550895542,0.8022518776697865,0.4109432408171816
0.9031283715256492,0.8477247667025956,0.09092896174863424,0.18859381458007507,0.12011103805975609,0.41278101772890774,0.09838909541511753,0.04710208030962759,0.9364616541986287,0.7966683644750269,0.4959866391452869
0.9862992525860976,0.07708138063305758,0.6476017000607164,0.7382704623347867,0.6751872955576662,0.03780158581489422,0.7865436688237184,0.7802935010482179,0.5843531689944648,0.8233448384551931,0.24918208364675173
0.9732771406394279,0.12399330888120952,0.4428397236146864,0.5280279959906864,0.44837653928563026,0.07486022527775497,0.6872868598113613,0.6804771557773274,0.6631086859945016,0.8370928660667744,0.2822226721941745
7,8
0.9734822330836082,0.12444251771502415,0.46600252206809584,0.5477850925309548,0.465483234714004,0.06989501379380818,0.6772090363168429,0.6699419448476052,0.6584847779426176,0.8335559478620579,0.2808195369102645
0.9038801705221318,0.8473910052477728,0.09229087852038709,0.18899098000678533,0.12069544890057715,0.40938994165468057,0.10054332284815559,0.04880503144654075,0.9356325557905396,0.7970685679340629,0.4927684943387575
0.9873746082789322,0.07397590064984244,0.6447392949174844,0.738687983584818,0.6820932071768192,0.037696924423327324,0.8006241374594374,0.796731242506468,0.580979478853738,0.8254172499380741,0.24252342454013034
0.9422680550221414,0.17682272925257986,0.3069166853806422,0.36714941867971035,0.30058931428794444,0.1649676639825544,0.4343586087487905,0.43269578702507105,0.7844454218919537,0.8030619605207018,0.4082571403756327
7,9
0.9871230922176433,0.07538963261421427,0.6451078515962037,0.7391759857658229,0.6765931923826662,0.037591622614316506,0.7990217178634318,0.794359483614697,0.5805176410455785,0.82522986020378,0.24606117143619333
0.9038473387336663,0.8492703969778519,0.09158691853207956,0.18870870076492452,0.11942672856378428,0.4093143992419239,0.09854131677768768,0.047045302174121284,0.9361980278656692,0.7970737940244569,0.4938865820627385
0.9441590871495591,0.18008875523271398,0.3123155737704919,0.37307885461199075,0.30646367521367524,0.16124259221416162,0.4448420074349443,0.4404009433962264,0.7784943065244178,0.8037315891685523,0.39677581573106996
0.9741963278697969,0.12044711522112428,0.4666412504765535,0.5495997396462436,0.4699198303849467,0.06924329299347419,0.6829630270021037,0.6775047535468771,0.6560228613780467,0.8355765935181898,0.2770439957671601
8,0
0.987407780295338,0.07339599556171827,0.6482435597189695,0.7415539269444723,0.684778184778185,0.03745497637084867,0.8009129302278535,0.796970863817225,0.5801889590468949,0.8245156029231461,0.24490183254201006
0.9032047905337195,0.8461356869814394,0.09065490555047012,0.18804469143792257,0.12045352654489694,0.4150204560177464,0.09686184967825939,0.04641317881428997,0.9364201221023629,0.7965170536203506,0.4954970339914453
0.9425114698174294,0.18090149091638974,0.31218913795026204,0.373117747891184,0.30468825706920954,0.16231070439824033,0.4423538932301545,0.43745347195481965,0.779789121229126,0.8039886827403648,0.4047685391673477
0.9746194163359824,0.1184199893778422,0.4722312601676887,0.5532204658800827,0.4700419738587678,0.06831123152148391,0.686214137745112,0.6798934178309086,0.6551486779828806,0.8353772513858191,0.27645867321363865
8,1
0.9863227970519379,0.07775212795226694,0.6482361485785431,0.7364745025560531,0.67401456958419,0.03804432352138526,0.7885393628535127,0.7816336278958679,0.5842355523755622,0.8232071651778794,0.24947720704172222
0.9034653972800004,0.8481869821471469,0.09185346269655426,0.1890935016676849,0.12083551369265644,0.41012051596974747,0.09798194370685093,0.04676549865229107,0.9363084944687792,0.7968213606953707,0.49398431721618274
0.9391553767009841,0.17753996595436528,0.32281030444964876,0.3791627539265557,0.31524216524216525,0.1583013728123312,0.4134625597450875,0.4083827493261454,0.7822567999296585,0.7994810076371063,0.42038091517119636
0.9738085882674374,0.12352104709655704,0.438088313061872,0.5261955350440956,0.4460527525043655,0.0766813984647178,0.6866980453291762,0.6830797321972002,0.6638743927621237,0.8387848060240969,0.2795934168013905
8,2
0.9444098247642815,0.17943993593402635,0.3192229957332136,0.3783049301734567,0.3104047145143036,0.15471573627862512,0.4436013647705861,0.43964848798139045,0.7765474196322698,0.8049501435497769,0.39804739358164953
0.9738218245578896,0.12192885174632495,0.47507684426229513,0.553686673568757,0.4694733796296297,0.06846369666074899,0.6781627555762082,0.6705925707547169,0.6560692738254021,0.8332395745068049,0.2803660948133349
0.9876762713708958,0.07318052001562358,0.6417317636703708,0.7376026755921472,0.6850991414749805,0.037743406024839166,0.8032109977295976,0.7982778270229198,0.5792129447307055,0.8251253427047248,0.2446486647049718
0.9034707688282705,0.8420934587689894,0.09239344262295074,0.18864013136301816,0.12035612535612539,0.413112227955451,0.09944237918215593,0.04886792452830141,0.9356052523594609,0.7967254854005814,0.49483726969353575
8,3
0.9036969541865977,0.8457643928888189,0.09158243438375913,0.18880108355255648,0.12047001166172172,0.4110501214733937,0.09946645607411841,0.04874376771922978,0.9358534552590592,0.7967788305182569,0.49457100600601833
0.9874590310120935,0.07342684667517985,0.6465528074484495,0.74105072266964,0.6820433405799259,0.03756374006762156,0.8028574019144337,0.7978436657681941,0.5799245516635968,0.8257134078978604,0.24326568284304886
0.9441883846433927,0.1789344363351893,0.30652683026168415,0.36974720808068295,0.2998531259400824,0.16234696552087408,0.45246946362187995,0.44793155982655575,0.7798318877960658,0.8054113884335224,0.40023789180941793
0.974326255227115,0.11953208936890897,0.4750553832521046,0.5579508516697635,0.4736604736604737,0.0670245337661297,0.6829240286489358,0.6778902892110439,0.6526399633703717,0.8344923586331309,0.27589646128832884
8,4
0.987438626965112,0.07343582689437728,0.6474479711661432,0.7444093238441813,0.6871451374997475,0.037063341007429876,0.801022963958976,0.7966546233105847,0.5783170288431614,0.8240467554209786,0.2477921459434067
0.9036403935276943,0.8458456356980322,0.09256116648817886,0.18891625175713977,0.12038826611690928,0.4108228251711197,0.1004091087407295,0.04839290793590617,0.9356120982425491,0.7968270898483945,0.4940432323760301
0.9421497844385625,0.1799716111819522,0.31363299841353787,0.37217969508251736,0.30453083356309163,0.16318808360003556,0.44053243794219926,0.4358368837492392,0.7807781910598725,0.8031868626869639,0.40588991213329284
0.9740377382445254,0.12175662308875851,0.4709513164431197,0.5548253742878767,0.47198480531813874,0.06789981724365342,0.6832685591979272,0.676672384219554,0.6546465242287484,0.8350652319572429,0.2789845503645921
8,5
0.9426231054684266,0.17916564337912894,0.306920453295192,0.36961946830278103,0.30258704755349053,0.16303274855084438,0.4396596891295128,0.4340888945169051,0.7820306626311943,0.8037033625726179,0.40717887176117906
0.9038006367208063,0.8467901129318445,0.09301306215481758,0.18910157262557897,0.11988664929841397,0.40984842110209474,0.09973560225036282,0.048874987387750646,0.9354783320423358,0.7967262768884986,0.49346077157815804
0.9871095544522956,0.07481962904699943,0.6403752964223115,0.734368928674023,0.6739235607160136,0.038261029102268265,0.7960300203408852,0.7894387089118309,0.5830962261570202,0.8247478357831796,0.2432569191401252
0.9727550944697838,0.12674814049293767,0.45657736905237906,0.536453272986902,0.4523313181849768,0.07301850555033593,0.6756732251337384,0.6697192820984812,0.6634615063836339,0.8342276192637779,0.2857241614747912
8,6
0.9411448035747041,0.18473281465254437,0.30808815546629026,0.36545982132711063,0.3021829776796665,0.16731437567201252,0.42226544228070606,0.41949269024115954,0.7846666458325998,0.802117243536098,0.4101208865684921
0.9861915844766573,0.0782130511096977,0.6470756213643574,0.7363830286295043,0.6737707931256318,0.038033830261999996,0.7858376304113203,0.7792939744370054,0.5855482348736567,0.823424143167972,0.2488970393284095
0.9037415228689818,0.8490915506909893,0.09161641043064656,0.18868674429711807,0.11955478794857044,0.40984716693551915,0.0999865169405012,0.04780525955616405,0.9360543733163835,0.7971144165101552,0.494025358077284
0.9733963312194607,0.12486358735308484,0.44314274290283884,0.5267376616532723,0.4475482361661224,0.07560541567916959,0.6846495602502494,0.6824512962110754,0.6636449920100372,0.8378260211599067,0.2778486454891412
8,7
0.9433929270662579,0.17719017572978868,0.30583351075154364,0.36862153565219546,0.2992377992377993,0.16428415510105507,0.44402066335151835,0.43844645920117614,0.7828016003282748,0.8042091013941391,0.40524939790543546
0.9874856945688439,0.07271059569785895,0.6477281751659197,0.7411020628636737,0.6869744378394897,0.03754070702503105,0.7992436423508831,0.7955082587974143,0.5805341313913404,0.8246792172068397,0.24590581915479576
0.903547573581059,0.8410400226985213,0.0929849380044937,0.18881464225554284,0.12068491763923245,0.4125937675534572,0.09980563470647069,0.04928646681352378,0.9352036809841536,0.7967146753909322,0.49479319138798245
0.9743901026825129,0.12273582655323836,0.4706179066834805,0.5546694779032687,0.47149901380670617,0.06816562983863998,0.683457249070632,0.67577648766328,0.6550639578927454,0.8354239799724752,0.2767366018189168
8,8
0.9430360963092107,0.18039854680040723,0.3043969167299968,0.367399776635551,0.3004471613743137,0.16559759296864268,0.44171446859843916,0.4372860177433462,0.7836985409810696,0.8037809328991505,0.4027525019587103
0.9744233305976054,0.12031936975940657,0.47433748305189205,0.5561637814088556,0.47306299937878893,0.0678211890715856,0.6829527349973448,0.6769187118740246,0.6537838106756448,0.8335511662701856,0.2778859151667153
0.9040988861914652,0.8445768718076095,0.09281967213114767,0.18932999294143205,0.12078347578347604,0.40837079799734344,0.10057620817843876,0.04977358490565997,0.9352621050471916,0.7969514668945096,0.4925550301861467
0.9873137843163229,0.07516303598533255,0.6475351908706484,0.7421229686783851,0.6820090000302015,0.037435494405393205,0.8014764800924772,0.7970531368757918,0.580476596812105,0.8245807143143477,0.24478000762326196
8,9
0.9033246988298625,0.8463100275844817,0.09080973671137588,0.1882949925744783,0.11978761978761981,0.4128446645880486,0.09864443693439934,0.047684391080617616,0.9362542122082567,0.7967467755998481,0.4961937370009044
0.9736114003954032,0.12031414479581232,0.4749923251673114,0.5541358251504005,0.4679727263996928,0.06849063900021773,0.677136850312574,0.6698749205003179,0.6567005389754416,0.8320960511327643,0.2819923199621063
0.941774679329524,0.18055284607232877,0.2929508196721312,0.3525277044082485,0.287932437932438,0.17318445386737505,0.43961763143919275,0.43919137466307273,0.7896715077085436,0.8045810167134806,0.40626187773711203
0.9875311826343776,0.07230913254610208,0.6492247846624063,0.7426987360685886,0.6849678883577188,0.03731424251817961,0.8018146304580681,0.7977614326830829,0.5799345193799007,0.8236967387052221,0.24627293312475942
9,0
0.9872527036047601,0.07382289449997192,0.6495409836065575,0.7422339105899645,0.6805318138651473,0.03727248731310234,0.7958736059479556,0.7890188679245281,0.5810162768431149,0.8234949462016495,0.24596461914478174
0.9032395765460078,0.8477291551271922,0.09180327868852473,0.18865987299477655,0.12044304901447761,0.4123334030148279,0.09838024429102532,0.04749711205236806,0.9360758460134183,0.7966839422609159,0.4947206172700925
0.9742586800197244,0.12245995901878992,0.46017895630592387,0.5443114074930943,0.45881431538802064,0.07067113175987168,0.6899835601830596,0.6836503044426068,0.6567329369432426,0.8357147780759632,0.2782726496502054
0.9439623151150165,0.17995724059025411,0.3065680917175614,0.36960333738437506,0.30242258346833517,0.16269506167645353,0.4413344024102826,0.4365026513750153,0.7821637956235726,0.8048224324452571,0.4037547713372037
9,1
0.9036781050980088,0.8447728568835973,0.0925468987662667,0.1890050802680044,0.12009868710899657,0.4106820640466682,0.09897290461043162,0.04899824936782715,0.9358959173227206,0.7967921362045024,0.49346139283302004
0.9876265970789069,0.0725855495324153,0.6459128294074861,0.7376335899263332,0.6838968135896464,0.03789644339098565,0.8017686539705902,0.798068130594372,0.5809330276552764,0.8252795890788369,0.24227255912100965
0.9415510527929046,0.18123999054417333,0.3058734122245141,0.3684915117248575,0.30054149921699597,0.16364913721878663,0.4316206701297423,0.42691490690990863,0.7843799509221818,0.8040654838622192,0.4083577974406153
0.9737156213680672,0.12251544618479504,0.47289450631960955,0.5538836364807523,0.46734520780322314,0.06819623437228224,0.6792616135531655,0.6727351289068125,0.6549756144928557,0.8343783819627524,0.27983513282278294
9,2
0.9423911067758383,0.17680575931934345,0.3038758006731083,0.3651202698023267,0.29874908020603386,0.16584449096889575,0.4426499913833427,0.44045982756466323,0.7841241674298302,0.8043060423184041,0.40789315052638986
0.9736373766985643,0.12258893547908234,0.46760221981246414,0.5480807223222353,0.46675978582593375,0.06972447966591114,0.6760736551285202,0.6692166507598559,0.6584435558166997,0.8333132512677129,0.28025902099068534
0.9032925570025433,0.8454234147369688,0.0908971084932862,0.1878046115095678,0.11978696903320046,0.415336106300379,0.09796192860211861,0.0475585474542522,0.9363487523790501,0.796596568974565,0.4963984077089232
0.9873179613394695,0.07398083649449738,0.6470318357298718,0.7422078169944457,0.6840426669778207,0.03734293000640611,0.8014260882804471,0.795402150814605,0.5801140970896648,0.824470989960234,0.24528655616133854
9,3
0.9736767038802233,0.12263804710764559,0.4723980175371712,0.5515003500684165,0.47021798184588887,0.06905809834751518,0.6780928503501341,0.6719906391692262,0.6572210797364935,0.8338866897113594,0.2798130660743429
0.9043060999427589,0.8461557284888207,0.09320843091334885,0.1897004387193632,0.1207337635909067,0.40612195373704796,0.10109248160230638,0.04976896418944943,0.9350065528878793,0.7971576984620584,0.4920099000179395
0.9429497495693353,0.1805243496215048,0.30839476290020906,0.37060875698933404,0.3018986978718524,0.16250798038488254,0.4433023128165464,0.43867291376472073,0.7816124044030395,0.8047241716106698,0.40310821421308357
0.9873467148597264,0.07394430097423918,0.6397416790859413,0.7347908962510601,0.6780818632670483,0.038099911963200006,0.7991814051293604,0.7950193761514515,0.5811369059214789,0.8251773568711822,0.24649074208803645
9,4
0.9748715262843962,0.11883660146094852,0.471981549585489,0.5553912466228084,0.47320529069578504,0.067848257232668,0.686431933509548,0.6790874524714828,0.6525363104608786,0.8355002294292821,0.27548445909294556
0.9041526107906213,0.8459742799966574,0.09211475409836067,0.18933649239368372,0.12099715099715108,0.4080234622458363,0.10007434944237914,0.04911320754716969,0.9355388284776391,0.7969438633954429,0.49201225316830544
0.9872384575549467,0.0744380796415191,0.6539430543572045,0.7456559169915553,0.6849402709051832,0.03701916613337783,0.7999217374290745,0.7951804038397878,0.5798333801265595,0.8234244206991406,0.24739177005110435
0.9424906587274664,0.17306778276355048,0.3072691975841243,0.3693597126054016,0.3013195381616435,0.16324353465660674,0.44404226178829975,0.44299900695134053,0.7843488137917655,0.8037539531844154,0.4071895733653136
9,5
0.9429429834193278,0.17956321779772427,0.3145870314294664,0.372348516093909,0.30633131907017264,0.1622104976118717,0.4429948144815666,0.4373753154668909,0.7793935845732874,0.8024707743589556,0.40388726850409534
0.9034713505341879,0.8412800274153127,0.09219869841008294,0.18846159619727798,0.12050279889475896,0.413919757159148,0.09882124376529461,0.04850668436522215,0.9354574472691759,0.7965448128911123,0.4959231757021633
0.9872558100290472,0.07453826951025136,0.6476102516739782,0.741582840917577,0.683800810561374,0.0375127090837659,0.8003822189643437,0.7975418549030028,0.5803469256243262,0.8243620075851983,0.24674585665937604
0.9744055703669398,0.12015241884126368,0.4709836065573771,0.5541137955339209,0.4709730440499672,0.06808663965542988,0.6837575064340865,0.678766328011611,0.6546112022979094,0.8353107117402969,0.27666847952225315
9,6
0.9873745278538969,0.0735662630569732,0.6495746718494733,0.7428095948073057,0.6840152338434129,0.03732873609953874,0.8015431980480077,0.7958373857226219,0.5799559553673553,0.8246348287276077,0.24584253330763464
0.9032743865799173,0.846078258474775,0.09133249264396809,0.1886182702885567,0.12022792022792023,0.41313110274487624,0.09947574111142848,0.048534107402031734,0.9357546058100046,0.7966335999125901,0.49554062358346684
0.9435425249855707,0.1819538358992833,0.3174935289042279,0.37392331897365527,0.30722372169740597,0.16124176875339466,0.44475151633731164,0.439299900695134,0.7776237500809907,0.8036480789887168,0.39694423903593984
0.9742766283775649,0.11927817483039738,0.4780753347515956,0.5582044429212538,0.4738043974685197,0.0673273453568646,0.6811629160872897,0.6747803543136971,0.6543563839284338,0.833664116627708,0.2795938759537878
9,7
0.9033856852254952,0.8451198247108679,0.09230769230769237,0.18868794725606924,0.12053473591935143,0.4123332756953886,0.09959012486893498,0.04776003870343509,0.9359639847227071,0.7967172677738066,0.49565596079971225
0.9744509784476453,0.1211293263605254,0.4681535137882831,0.5525576260518119,0.46906954658892647,0.06863488823569946,0.6869542664476529,0.6799619716249816,0.6550600321910618,0.8356244765086062,0.27607574734864354
0.9876578181160737,0.07296292499638812,0.645992085924251,0.7405956949651084,0.6856960408684547,0.037603541643911886,0.8034098192539417,0.799947950553025,0.5794161136501936,0.8256928446768309,0.2421544625466256
0.9448334396543339,0.1817122180633881,0.31621593400856224,0.37813298033104353,0.30840002177581805,0.15598278360935047,0.44628607960599526,0.44263910587669747,0.7761670530489375,0.8047075859367382,0.398315081800494
9,8
0.9034317705514442,0.8431238616606892,0.09190213361891414,0.18846410076784886,0.12003035118613037,0.41340675739995564,0.0988959668229622,0.04789987674220153,0.9358628905710359,0.7966887921076604,0.49469554073634014
0.987552115141586,0.07260108255953523,0.6396955503512882,0.7354357815951414,0.6815036815036816,0.038076450472996945,0.8024911891082895,0.7989585885812303,0.5800259060799702,0.8265858160514519,0.2433444320748795
0.942695659171248,0.18956862486523374,0.27837512054001934,0.3446952095360399,0.27543154013742255,0.17745074874232925,0.4472446971353597,0.44309100998890116,0.7898509347317121,0.8069099592556105,0.4019904003441936
0.9710696448740046,0.12521467240618245,0.4733048414875295,0.5489540966946043,0.46568448124868367,0.06992778874859411,0.6584988355777993,0.6510535202995373,0.6632025884986505,0.8303893248696802,0.29123255906189477
9,9
0.9039744783932351,0.848533749144742,0.09222183467038719,0.18927217007253228,0.1204764502636842,0.4075840672276946,0.10033219963616219,0.048273785628261845,0.9357203114223127,0.7971485005328383,0.49281618164235963
0.9862186032987482,0.07842029961720468,0.643951027184063,0.7357905848583886,0.6706606801543511,0.03810575867237989,0.7861277116370993,0.7788870312873178,0.5858563002862014,0.8226639462619144,0.24951015305505642
0.9736810563554573,0.12343233482237373,0.44239420510865424,0.5282333420753836,0.44903818547229407,0.07556085116865197,0.685498976974727,0.6828433523475208,0.6636193311766617,0.8372165022473993,0.2806291499591687
0.9390769962289184,0.17692896934981184,0.31435020194820623,0.3701229578914743,0.3082290763450184,0.1657265331266113,0.4172997144550401,0.4112113754443532,0.7848094443750656,0.7998456970138034,0.42119848976268115
