0.03005953263340856,0.2709159238574504,0.00042564231996395415,1.0193123123997585,0,0.0007421961773206131,5.748783391332876,0
0.07684055281791065,0.7896458100874695,0.0005137137387480401,1.5553743390636179,0,0.0013302322479389012,4.9329944441692835,0
0.025632885339327505,0.3275297602352878,0.0010332354133028249,1.313754158946389,0,0.002064970946278553,5.156845402163908,0
0.15802670724760276,0.2817595580912359,0.0003275553387078604,0.8241769914933006,0,0.0004631023644546251,6.367066565107223,0
0.025759482538721373,0.2538720503109636,0.000408544877072546,1.0728438009978645,0,0.0007403590599816762,5.779890811187892,0
0.07428095253441008,0.7968919146994902,0.00048193101656730873,1.5548257531190322,0,0.001313240532711796,4.933835753072524,0
0.01654033535281535,0.29107307532994414,0.001194504280460109,1.2497954600300554,0,0.00215447524909907,5.174413768565494,0
0.19021123525974404,0.2665364153418969,0.0003500656575036391,0.7733380667022672,0,0.00046540499606016267,6.420462142262473,0
0.02775996277427517,0.2417818206547018,0.00043482948843278057,1.1265262311684792,0,0.0007838524272695301,5.777130285797874,0
0.07046788537441862,0.7747519677284042,0.0007029137519385656,1.4789437934890561,0,0.0012377856869866782,4.935299514690587,0
0.00939392692604693,0.28973372182318136,0.0011739251895361172,1.2794972287742965,0,0.0021328830236804373,5.1614889999068945,0
0.17061574066202806,0.27288361535905903,0.0003315095045852307,0.7514747575431668,0,0.00045047702989045916,6.39606167130611,0
0.02206967051326661,0.24432637902664855,0.00044238486165181043,1.076755384405411,0,0.000790425917238047,5.741944561389083,0
0.06221190780159083,0.46257740415820586,0.0006531832982617008,1.4318237183789724,0,0.0012571413927252874,4.930430457261803,0
0.03685162437713649,0.3122960800299875,0.0013585287503858014,1.247686056369235,0,0.0025157376637905487,5.169685573255183,0
0.1800691030593179,0.27102258059986895,0.0003149392679247975,0.7482951197362733,0,0.00041799111429334507,6.390273276843993,0
0.007045304327775004,0.27935381809985427,0.0011172815881519706,1.2716672388593393,0,0.0020346283653698183,5.158503569571042,0
0.034688702611319774,0.2554817048551526,0.00038873525931532396,1.0246115821350716,0,0.0006761544772693624,5.775253550212228,0
0.08836152078938782,0.7683814445832037,0.0007383799440320875,1.4814436463093048,0,0.0013315351840110805,4.931181701169025,0
0.17070490312214462,0.27867666240189476,0.0003547935688837893,0.7743424531799149,0,0.0004917691365735977,6.409410238304548,0
0.019763562394534903,0.24416439503875415,0.00042586712026082584,1.1148085639156062,0,0.0008005900024891,5.763053584390227,0
0.06503216516086817,0.7786641736504624,0.0007012744683981631,1.4710915132193385,0,0.001356012973244872,4.9331327177308895,0
0.013067244061143679,0.28738260515674513,0.0011563433745007887,1.2839050209230851,0,0.0020805688119825655,5.170903233894929,0
0.19358218219959028,0.2739017787359769,0.000329372497133125,0.7577094562880621,0,0.0004381357944510103,6.381033650811214,0
0.06026338122372937,0.469636612946383,0.0007389774664140454,1.4809387884752208,0,0.0011236459445158919,4.929594002508634,0
0.026751182021783268,0.25377078154516675,0.0004116330403761012,1.0661480409472708,0,0.0007368937138360642,5.794711439154968,0
0.1678469504134921,0.26905273937603746,0.0003416046125091521,0.7586185806067884,0,0.00046395534918459237,6.390352036574242,0
0.017493346160189785,0.28450137695718836,0.0011401648180705511,1.293725632792821,0,0.0020455497607573606,5.163476963146207,0
0.02339517844763009,0.23926441820293337,0.00041057568112072324,1.0898458233264283,0,0.0007366662533531253,5.7797755020383565,0
0.06255829494697374,0.7768404674854804,0.0007504712453157424,1.4048300033252445,0,0.0013056953726313276,4.932382449704973,0
0.015333960152942805,0.291383619446971,0.0011798464313928767,1.2582048549251124,0,0.002141853291061052,5.181436018892437,0
0.17822335842009263,0.2800773853076055,0.0003205082475207981,0.7150876424760715,0,0.0004266748458570875,6.387329280533699,0
0.026279349072014707,0.25270382275399844,0.000440263167127557,1.0522752568618556,0,0.0007708271258829083,5.733573640339617,0
0.03801511021244305,0.46422476488846337,0.0007184916267412914,1.4130760686594264,0,0.0012067564739956442,4.9333326823909,0
0.012114579857012642,0.2926146603459339,0.001302914929637713,1.3743395335765858,0,0.002426842844704863,5.116334011419663,0
0.1491124677408961,0.2741186514320313,0.00031466545243577,0.828484551973124,0,0.00044528918382572203,6.351544827671986,0
0.025879982408655425,0.25150982359586177,0.00039527115519387483,1.1152242612471785,0,0.0007108680691220735,5.790731576823611,0
0.06285207790332131,0.47397978231369714,0.0006455403178619416,1.4292465735814077,0,0.0012236592396518418,4.932358503142324,0
0.007759417020914039,0.28160759077036723,0.0012386674675254124,1.2935591260746344,0,0.002240149564901548,5.147570611762015,0
0.1823706638371724,0.2732129567375995,0.0003452509752718412,0.737502319505317,0,0.00044872482698377915,6.414380384448773,0
0.08032587166520802,0.7751695859391596,0.0006853847051925772,1.4440638107500927,0,0.0013547958578999956,4.934898607200486,0
0.011456506011121553,0.2924251869162947,0.0011563414036202912,1.2778554260245885,0,0.0020918532127484797,5.165661003975879,0
0.02947688595805703,0.254571598565989,0.00039638622905011214,1.0972159464908187,0,0.0007083280419180738,5.783892369960406,0
0.1719412204916801,0.28100149740358726,0.0003567755978830437,0.750947038767509,0,0.00048440093744801224,6.402973602411867,0
0.05718700909215677,0.4596161290349879,0.0006521215551840002,1.4510143012801833,0,0.0012359261769809362,4.930881725303702,0
0.017773690779084667,0.30382161818281617,0.0012679560558876088,1.357762645286813,0,0.0023101209748471524,5.130278898134615,0
0.018730580953770032,0.24620339134768007,0.0004401480997205117,1.034068222481171,0,0.0007766841805930403,5.740071983611208,0
0.14266403064126773,0.27007807132668094,0.00032377636424712005,0.8151960562850133,0,0.00045350862268285475,6.3736036095707,0
0.1923654531259664,0.2769247352852526,0.0003382970005989816,0.746346436159891,0,0.0004491264753316778,6.427597118692156,0
0.07623487168165338,0.7744696088917191,0.0007257433484005457,1.4639837212110887,0,0.0012154407310202688,4.932388994407498,0
0.04357679027910254,0.2586322004126732,0.00038929505989330663,0.9749737011688602,0,0.0006724271038924574,5.797361384217376,0
0.01650956341040602,0.30478240739513085,0.0010756793053870002,1.1717046990910942,0,0.002133514062582428,5.161064841131225,0
0.02529666577508141,0.2465316508789718,0.00042854916799251787,1.090754912086632,0,0.0007780900513558239,5.772718320618951,0
0.04742979868626854,0.7825191837552252,0.00025623745268688416,1.8364428308336067,0,0.0012742782179507193,4.932215056846442,0
0.0053470641908613115,0.2923112900641618,0.001144101905380274,1.2619351461030661,0,0.0020942632326245566,5.163235220875446,0
0.1556994741106997,0.2717955893106535,0.00033110042915590387,0.77411328151781,0,0.0004573203147799039,6.3932110230903305,0
0.02764056167449855,0.246670354171243,0.0004034196702296113,1.1176630299099806,0,0.0007443076576995239,5.7864891711632565,0
0.07750671739487194,0.7909634928332976,0.0004919344249228589,1.5556127921729486,0,0.001353983519082016,4.931843996775996,0
0.015503269529059588,0.31228346830591996,0.0011685971152759975,1.268479252080768,0,0.0022230456259719044,5.171239304515912,0
0.16659103793399854,0.27429784736802176,0.00031995750860249,0.7375565273212399,0,0.00042507306107442556,6.399715474425489,0
0.013198526607295091,0.28988232114520307,0.0010854358063724584,1.2691709115624872,0,0.0020476495258899504,5.171369476567073,0
0.19485093662150077,0.2777676267324628,0.0003345377226134222,0.7632857690057568,0,0.000446852059878172,6.403288484500904,0
0.03510643714484947,0.25123655720068105,0.00040628100723902615,1.1190798183040922,0,0.0007445858305183998,5.777231381895976,0
0.06709551565608805,0.8063941578143129,0.00029264572717406235,1.7312969681498733,0,0.0013435019561666576,4.935098076453143,0
0.044469280936113506,0.4741405654499369,0.0006774887188043872,1.446359737077353,0,0.0012210994203863644,4.933165020305958,0
0.01426300291018609,0.2511419971747775,0.00045131980187257506,1.089263320648203,0,0.0008163423993923001,5.7302599912535115,0
0.17184115816617634,0.264671535999576,0.0003276236897313261,0.7590941168304293,0,0.0004445954729342865,6.350163894139116,0
0.02099301658031394,0.30103980443964207,0.001289701649252256,1.2947282284422639,0,0.00236429145170065,5.124539279308886,0
0.045354863567772116,0.471950637808012,0.0006564139851084952,1.4443435669162952,0,0.0012032280280752812,4.934315426468839,0
0.02251303415459538,0.25056671209680603,0.00045341689155356903,1.0021614441223092,0,0.0007883159633917009,5.727279030456921,0
0.14394449662711506,0.265357347060481,0.0003252355960459319,0.8112588853151279,0,0.0004526225203146214,6.3555152724016155,0
0.014564338784554251,0.291530978739857,0.0012805465003123194,1.3332252094485126,0,0.0022927482217382188,5.132090737649308,0
0.020186127729072356,0.28816135723022196,0.0011783346512030926,1.309260737584985,0,0.002154021107375782,5.175436017101845,0
0.05024461797022839,0.47018765753208475,0.0007317857333915488,1.4331606312972864,0,0.001238628799612857,4.929619758167441,0
0.17737904231973095,0.28245541581715766,0.00033334622444827544,0.7597699660112616,0,0.00045887994623169747,6.398069534210009,0
0.02781055781169084,0.2440315671903781,0.0003966674693276621,1.0950255891673115,0,0.000713806698377423,5.78169236173341,0
0.026212605779133133,0.24552246103385206,0.0004203450316082176,1.1021172744712908,0,0.0007250462920643996,5.783199131927062,0
0.06218637942314406,0.775763152837192,0.0005644843591843829,1.5500808556098002,0,0.0014098885608982087,4.929942513430636,0
0.019489834709255513,0.2916191615349774,0.0011416140108543255,1.2637623687297421,0,0.0020777762950321284,5.148713912861897,0
0.1796800671478201,0.27370288802324577,0.00033456694294841315,0.7778478707011015,0,0.0004486436024963187,6.407286823829313,0
0.048078462115879794,0.4631894266093514,0.000730312180371749,1.444260572473957,0,0.0012273498573030968,4.933316177963869,0
0.02398303344028091,0.24404445327903473,0.00041590784726836254,0.9804301835261766,0,0.0007388155663815543,5.752538481554854,0
0.16933918358733563,0.2682604965214043,0.00032435462535475204,0.7347507721477199,0,0.000433055801941208,6.378446037564878,0
0.012962163096551071,0.3013681408555247,0.0012234886423553844,1.16240043408524,0,0.002410733888712035,5.142543687260314,0
0.021105416335987642,0.3075430062041192,0.0011414667013902734,1.319747546728209,0,0.0020568680244590185,5.178186560952247,0
0.02295374754399443,0.2688496996096477,0.00042907448319913835,1.0088265458605732,0,0.0007470511711166274,5.7356453276017945,0
0.08538843888090566,0.770970316961387,0.0006861483452688064,1.475737212024332,0,0.001354430298491508,4.931462472492833,0
0.13820056543278608,0.26997123648399346,0.0003278640910611861,0.821799998971754,0,0.0004625451890159515,6.364221237891043,0
0.17497495969848378,0.27817128852915185,0.00033647015708258116,0.7711889844981923,0,0.00045890971801346224,6.405996430891315,0
0.06640609037970405,0.7808401525627113,0.0005324250707996887,1.5529850414881472,0,0.0013186532925781177,4.9309707231744495,0
0.024820793777802816,0.2509760143386485,0.0004167625783741615,1.0827707051150515,0,0.0007643409140785729,5.781532626061891,0
0.01333138798567468,0.2932609586235374,0.0011807676934745689,1.3189329575309698,0,0.002144733570613062,5.158874563398996,0
0.01156411344525396,0.2886310635095565,0.0011326216939465095,1.2936807095971963,0,0.002032180425030457,5.165434130128051,0
0.05914780631899625,0.7877073839883586,0.0005487712640289441,1.5560290309831297,0,0.0013443833138617072,4.93215784562581,0
0.1510417348430202,0.2801154838261965,0.0003425749453622292,0.7551362189634978,0,0.00046563733579983306,6.420533304956967,0
0.020312694761959682,0.25065835690890587,0.0003934902527114101,1.0737075985691757,0,0.0007180204019213296,5.782681579492515,0
0.010010710887080332,0.3137291174512367,0.0011857367910505286,1.3399364308427992,0,0.002268136805679863,5.157682709098198,0
0.07236852555184138,0.776512622499034,0.0007261372931743622,1.5092905317738285,0,0.0012719498452896602,4.933035068236384,0
0.19039619731123886,0.2760271328128801,0.0003471682656981459,0.7860692098412628,0,0.00046720131522138116,6.4166207773195545,0
0.027839725621033568,0.26029540284364056,0.000390533204475617,1.0631953191907448,0,0.0006849981941179477,5.79710525826969,0
0.011692782683178582,0.28845872573016584,0.0012138470802143713,1.3046225987841098,0,0.002221650922554927,5.165146328811341,0
0.07462609120254832,0.7775373871670349,0.0007086657625121315,1.5026303259914138,0,0.0012552578421001425,4.9343734970556525,0
0.20435566637515534,0.277246360301987,0.00033194429122455834,0.7497739664034062,0,0.0004409349131014792,6.407684981007461,0
0.02671046465255464,0.23764290549072883,0.0004075729051659345,1.1135666428557862,0,0.0007398094859751908,5.775581354979575,0
0.025518566116213434,0.2558191079382627,0.00039551446750914383,1.070404615084093,0,0.0007185496262585906,5.781346186404879,0
0.05326501523537639,0.45456959177173395,0.0007128281304899503,1.4422502343970764,0,0.0012502245162012784,4.932323663849651,0
0.014040894359531653,0.29897135261351493,0.0011135946927365308,1.2799241740522023,0,0.002115088244529204,5.17574667921993,0
0.21497331511896234,0.2740408679006708,0.0003413466704311036,0.7841020684290649,0,0.0004534378855358665,6.3970361891354255,0
0.03906085344845055,0.2309729619309873,0.0004389614195228911,1.1030942143033382,0,0.0007575987025499248,5.777619413643401,0
0.045678054575495036,0.7814631197466609,0.0002488614628600623,1.8321269382319854,0,0.0012220438008116057,4.931048728211965,0
0.008490756433525898,0.28134697480334026,0.0011190407031212402,1.2716892605907568,0,0.002010490075244942,5.158443122082737,0
0.1506450759213483,0.27533815889637425,0.0003366549115813141,0.7158065144373844,0,0.00045667462330915035,6.391270587428966,0
0.04475073332779823,0.7818739869389802,0.00028842816719905676,1.6538619466343225,0,0.0012335273802119371,4.931939768388567,0
0.026445555938847926,0.2556904691043626,0.00041387148474716077,1.0698628143635005,0,0.0007368086934293863,5.781211383929193,0
0.1703095339006479,0.2690272050184127,0.00033410242390916327,0.7601762226954096,0,0.00045499324614758127,6.402082737525702,0
0.006470543726841832,0.2957376370086481,0.0012359822746187534,1.3056581734304546,0,0.00227638398844878,5.1814994937323675,0
0.08966054875521579,0.7775881462791417,0.0006770043210924297,1.508643387751238,0,0.00122248233687877,4.933876270266366,0
0.026534612219572457,0.24964525497819526,0.0004326137060268995,1.061405937543875,0,0.0007702456631320755,5.76685561355411,0
0.16822670034502146,0.2710054317108616,0.00032294493639637714,0.7539240352690648,0,0.00043836388171091087,6.379314883975152,0
0.022987497406586482,0.28651279586840506,0.0011842930501314722,1.2337319813517085,0,0.0021675455959463547,5.192348141729782,0
0.010209001846692656,0.24618188973505106,0.00044534615142012134,1.055114924366103,0,0.0008078039763165123,5.738592599044507,0
0.0523598781211566,0.7939727703799679,0.0002973497619936484,1.6562515826866397,0,0.0012200123515107339,4.929638254614155,0
0.015799041958029225,0.2927696382885747,0.0012295435010440377,1.2832759361488972,0,0.0022916738631401177,5.121927170434705,0
0.20114963038153816,0.2716707849522577,0.00031794349498736723,0.7866215190202192,0,0.0004256381465637898,6.374759035636204,0
0.03354607597220008,0.24398639803431832,0.00041807585788132236,1.1354691700858457,0,0.0007662760096256282,5.78698656953936,0
0.05375209156554217,0.47606160104446604,0.0006349203916561967,1.5171198810420796,0,0.0011790099768631073,4.931741785049633,0
0.007463216967092484,0.2864574115588102,0.0011973971550100983,1.261009922450385,0,0.002142673979045092,5.1813725025157735,0
0.19912937754426002,0.27747877720691966,0.0003267757521611011,0.7456742135021566,0,0.0004276921950486227,6.407258197735339,0
0.06241571760250625,0.47524113379678423,0.0006814454490170195,1.4573127279296205,0,0.001310074326807719,4.932348678308692,0
0.020144721201294485,0.2516109502403314,0.000442903055312107,1.050141284268925,0,0.0007867316897036022,5.730431152165546,0
0.12975318260613267,0.2750211112066263,0.00031037635054753285,0.7931782918182071,0,0.00043888914897643533,6.360354566289525,0
0.01899340468258859,0.306094515993299,0.0013032495583225922,1.3494236038311347,0,0.002384177581287087,5.141904157312698,0
0.03174826649442278,0.24054375224282784,0.0004238466123461072,1.1000648424770278,0,0.0007531721293176962,5.783153243172752,0
0.0678319408892493,0.7716489305761028,0.0007104387562815395,1.4736223802685895,0,0.001239372014300148,4.932640280208478,0
0.014108267385034595,0.28609893772593936,0.0011593653185587125,1.2742583170864246,0,0.0021107702999302574,5.145939094297796,0
0.16447478738181415,0.2749519072219667,0.0003456593388495031,0.7738644178114523,0,0.0004732123089078979,6.408062534573577,0
0.010605676789694485,0.2881141670520803,0.0012717366196519863,1.3325686395402023,0,0.0022906362531769234,5.166646448417295,0
0.049105550049137046,0.46085885823454015,0.0006486608498019964,1.4264819779903917,0,0.0011510923356077393,4.933711825709567,0
0.16411592321920143,0.275215689166981,0.0003426509807617639,0.7516891227904295,0,0.00047144315724870125,6.402115786676937,0
0.027303073147294632,0.2455163369507801,0.00041513196351883314,1.0937006931723394,0,0.000727434437976852,5.784351420507307,0
0.005436036979470149,0.29191279706078654,0.0011298901275822197,1.2915073494332052,0,0.0020930280882602414,5.160927337663178,0
0.08684696761529062,0.77778706589565,0.0006803842025481743,1.4776020149330893,0,0.0013190995533492982,4.936229621577024,0
0.16910091363507296,0.27441041342354683,0.0003341501273382903,0.763309489782036,0,0.00045595535283688186,6.3830628890257195,0
0.025114565008412595,0.24338091386664315,0.0004205347671340104,1.0774991982900437,0,0.0007445490725265398,5.764656315961272,0
0.029032621076761203,0.24517091419508283,0.0004304464305464423,1.1115681975818528,0,0.000775462791459891,5.771943815997089,0
0.048749216487368394,0.7712446160152792,0.0005670122533604656,1.552699006510799,0,0.001321596828491614,4.9310884129328585,0
0.02108924768154441,0.29934393295323997,0.0011410257217809247,1.2644281491611669,0,0.002087844010581991,5.171564552733933,0
0.15119401424434917,0.2730987643588368,0.0003369608182152334,0.7397233148356507,0,0.00045310426811413524,6.390522038326809,0
0.03302473002692069,0.2634620879836212,0.000393406511354357,1.1170296355498313,0,0.0007283822064501856,5.783410585563466,0
0.0593461023244752,0.7699236432858252,0.0005604314976169087,1.5493248994391993,0,0.0013724891831121435,4.932037355283718,0
0.014122296543300411,0.28020481635914163,0.0011572140677434716,1.3095857242330033,0,0.0020349378927722516,5.17695448179283,0
0.17843137943268866,0.2688629171474779,0.0003390557270942243,0.7635754257178007,0,0.00045776582272984406,6.3983565639828015,0
0.03831021139899714,0.250724533789444,0.0004006355735834526,1.0774426760330251,0,0.0007104640576788793,5.777658361005981,0
0.06910659724358073,0.7850707854820688,0.0006908140598542305,1.413651401782259,0,0.001197865662443296,4.934066285720182,0
0.01762012717063524,0.2894061328669036,0.0012314948015785738,1.2829812925779676,0,0.0022319612123625956,5.153150014736713,0
0.19227441745153673,0.2779292849620286,0.0003474759878482239,0.7594084987235841,0,0.000466150048177268,6.405132012118413,0
0.01991862285875963,0.24128529438361157,0.00040148026864645774,1.0479395972462602,0,0.0007146676464768854,5.769830132493063,0
0.08582748567911627,0.7803407523355607,0.0007441998744808739,1.482556786434865,0,0.0012646632301879916,4.930856465778507,0
0.008372043140803448,0.2988701684202831,0.0011010560763711715,1.2891337691679148,0,0.0020922281584100384,5.168883656636898,0
0.15605864090746374,0.271881864406342,0.0003293781036716035,0.757890293301284,0,0.00045210512484099665,6.387729242175713,0
0.023703826474214595,0.24516609922387,0.0004120997505335119,1.0849712168314454,0,0.0007334437733877364,5.765837454951181,0
0.049204043390011463,0.450324936395724,0.0007253347178561074,1.3950196352588278,0,0.0011704431654197029,4.93206604407235,0
0.008153065539870774,0.2920734241450566,0.001218033474176371,1.3477676566047045,0,0.0022249103030025363,5.16384750739774,0
0.1653824456942693,0.27220599725484906,0.0003408502431632422,0.7519530976321349,0,0.00046183520563092327,6.403521744821501,0
0.18872131190283986,0.27139525836710016,0.0003363603794321907,0.7969325505918374,0,0.0004549888950812428,6.412165368360524,0
0.09117399742262122,0.7712891668522359,0.0007326571671965669,1.4775430922317585,0,0.001319320731517627,4.929121261369235,0
0.01944238786463777,0.24756489259073308,0.00040111524400457524,1.0860743595659088,0,0.0007256727519645014,5.780381348147139,0
0.01785159053526089,0.30030212035302944,0.001210086226271117,1.2742046441148134,0,0.002236077418134733,5.147485748917478,0
0.03185049212735558,0.25297775105152703,0.00038830829570236664,1.0645953460974042,0,0.0007108758482644688,5.795927737219608,0
0.05310172305128596,0.4740783268061819,0.0006283465375401121,1.4471552126640106,0,0.001178904970765872,4.932022101025241,0
0.02492469636027815,0.28561792904218863,0.0011579100906397171,1.2876039165662019,0,0.0020807841253810805,5.203272367030209,0
0.20370042299514846,0.2652250440460777,0.0003550520132428559,0.7313189467152472,0,0.0004666024195301092,6.427028534758809,0
0.1998856246498159,0.28097016932375496,0.0003146198371538092,0.7932355661069032,0,0.0004312416378228453,6.375421305194248,0
0.045537925147460454,0.4630511119212547,0.000648852038328688,1.4205602813034,0,0.0011573185225817381,4.9327170896626145,0
0.019798225535159003,0.2510878554644777,0.00043790608217420885,1.1102352845071393,0,0.0008015106857712563,5.748667412463259,0
0.014054551517920205,0.28879934690558984,0.0012205770721533608,1.3026100285421895,0,0.002231352105124384,5.140307274918515,0
0.029335826627417017,0.2468813792955724,0.0004145409978744883,1.03416837698931,0,0.0007260798905321551,5.764613885033497,0
0.07054478587318253,0.7780180980196308,0.0005477381555579291,1.5515520203800741,0,0.0014100933133076147,4.930642474458536,0
0.008299480956350358,0.28789396936780437,0.0011656411537239435,1.2782691287642862,0,0.002138021492008714,5.145902019147498,0
0.13950191153862052,0.2741172568075148,0.00032967883289047244,0.755686163510477,0,0.0004583518269207895,6.381472642173348,0
0.014610325820548026,0.2486578735532605,0.0004546562455322004,1.0686383847385272,0,0.0007980920496735102,5.72545903686318,0
0.08661588095578485,0.7782714775690766,0.0006829319989038639,1.5399923543486023,0,0.0012760353832808509,4.933778887096765,0
0.01774695141377694,0.282652393187949,0.0012566566192001665,1.2622618308499491,0,0.002301842799204654,5.126238438652239,0
0.13876780217518775,0.27198236120756164,0.0003162296744368753,0.8079661852142533,0,0.0004391877860937401,6.349725933028088,0
0.01703209442519109,0.24979834337873444,0.00040775226681584253,1.0798498367985423,0,0.0007311359397020829,5.7954328581645855,0
0.06237697477088905,0.7751563921257694,0.000577426912602417,1.5493101320256844,0,0.0014496495880644534,4.933935828749171,0
0.019122977497716007,0.28846623850048564,0.0011390331039720022,1.2570896123681707,0,0.0020737409056862106,5.165860937720749,0
0.1655522790447035,0.2712975159289482,0.000333983649523367,0.7577112257570383,0,0.0004547223761899014,6.406865373084149,0
0.02568191357360329,0.243752807428515,0.00041891101517236234,1.0948668275298228,0,0.0007609839137085135,5.762103411017558,0
0.04436300341573823,0.47166241783799356,0.0007350149960226039,1.4806123988251882,0,0.0011106654059686067,4.930385152757975,0
0.008392720629672806,0.2919920765538798,0.0011890557300056127,1.2549827018191246,0,0.0021835166395277996,5.153366989785432,0
0.16947782949805393,0.27960575403504984,0.0003300727075698051,0.7555367142755857,0,0.00044395540232191716,6.377794564778655,0
0.20457010132049272,0.27800958595044745,0.00034703012320412183,0.7404046866260218,0,0.000466953233293088,6.399325547216897,0
0.04864135156769396,0.26726139612481936,0.00040764179911378695,1.089099925677849,0,0.0007229520296059178,5.796531716452233,0
0.01075696831632808,0.30889744161188526,0.0011076984659754553,1.295596085474128,0,0.002036349411600001,5.169937735643475,0
0.0663605902188288,0.7798953425429191,0.0005297348494838716,1.5518517035388097,0,0.00130817821484383,4.933170800432035,0
0.02539013304226015,0.24934412773296613,0.00040950617985796274,1.0655604313231375,0,0.0007307132067995407,5.779705545886402,0
0.06670925394531707,0.7973480853336642,0.00026685717320581694,1.6936718677949472,0,0.0013129061604222,4.9365545459563585,0
0.008050366931898922,0.2906103857865306,0.001155852918467776,1.2999606882868142,0,0.0021218752826307587,5.1751087905462105,0
0.16114615816962632,0.27108576123769346,0.0003457911222574089,0.7624728425207059,0,0.0004698325007127117,6.420358444910282,0
0.060984521014892115,0.4603068562697459,0.0006748516016960365,1.4365414951006084,0,0.0012603182144665813,4.930234366475072,0
0.019832509001907375,0.2401150115033121,0.00042684810280337824,1.0980786687481863,0,0.0007605419373058337,5.770425349810984,0
0.17133114281390446,0.2720363499200754,0.0003408565605041595,0.7297377723572617,0,0.0004474295156071594,6.387621388941586,0
0.006399497190249431,0.2869529437795069,0.0012146507391958333,1.3167429294621855,0,0.002196862474193943,5.155601235678313,0
0.13851782726773043,0.2679274294986182,0.00032513379388089236,0.8226724208180182,0,0.00045335748560348704,6.359121793603208,0
0.08450776633299492,0.7845676181163881,0.0007189991563723428,1.4313867644968377,0,0.0012254607940883908,4.933006462544812,0
0.021017653832567845,0.2591289209677767,0.0004331951235786793,1.0307853490259113,0,0.000780898164229249,5.735991503050293,0
0.015756645251661455,0.3025107138794154,0.0011421588727708561,1.324576204599449,0,0.002114036929460863,5.151702639826665,0
0.03078673947164988,0.2502842184626223,0.0004014291353904949,1.0795743231245105,0,0.0007264975683729127,5.776076037940792,0
0.062406075789517755,0.4839319088905959,0.0006643958050400674,1.4349704155291223,0,0.0012786811625055596,4.932791724053419,0
0.009644878809478563,0.2919554059184791,0.0011370581555195441,1.2657753191949925,0,0.002063592061515221,5.168347628587601,0
0.16426256930850638,0.28066391915469135,0.00034008370171737613,0.7428087649140318,0,0.00045373413794714765,6.401456106113581,0
0.032859364326388266,0.25568715083616095,0.00040774287393870407,1.1025120000748467,0,0.0007387703718280068,5.782491859070549,0
0.06912268525696959,0.7805882524556337,0.0005682859046288471,1.5500596217806057,0,0.0013770634349415615,4.933578144464025,0
0.014159374175205214,0.29409737259151614,0.0011227805310284648,1.2703251531652877,0,0.0020413359591943563,5.185948558378043,0
0.19988804251098827,0.2755327998313872,0.0003379544217519572,0.7742535117568743,0,0.00045678861971443707,6.404971814765666,0
0.027981340606039712,0.2580452445456787,0.0004116368810506839,1.08529626870049,0,0.0007333688094361688,5.78253678810393,0
0.07197555514488382,0.8005967226583838,0.00023013632562659883,1.7293682095963767,0,0.001373266785003781,4.937152408824203,0
0.009209323559559668,0.29316861128473565,0.0010866869487559606,1.276033991440836,0,0.0020263931501910554,5.170645833939546,0
0.17935653267650759,0.27956116697644634,0.0003413379093429198,0.7895183599191626,0,0.0004681890686820339,6.396305605358027,0
0.035609521686037704,0.2927240557017103,0.0013035144714312744,1.3255031186082502,0,0.0024227440401383615,5.116785947279673,0
0.06765108720826456,0.7759197725158171,0.0006978976502746239,1.4809271715243084,0,0.001220460932301465,4.92881795234849,0
0.14514886782377806,0.27755406163088,0.000308811537312168,0.8183168886143392,0,0.00043323625101583977,6.352100143188847,0
0.01718988859381823,0.24858427356833723,0.0004515481279904205,1.0238282658454847,0,0.0007958744130171064,5.728395860794215,0
0.023315921660730765,0.24527387608574366,0.0004201793933255673,1.1026817885783224,0,0.0007663359449999865,5.789395367340502,0
0.0555306897434225,0.48305697495331146,0.0006758079561573273,1.4346967838510007,0,0.0012538072088772818,4.9314764111420875,0
0.008362405214875968,0.28875130540719196,0.0011630532428176111,1.280236635335313,0,0.0021620347060321067,5.143869555018424,0
0.17981096644349012,0.27012611198948133,0.00033622028290454693,0.7353355192125817,0,0.0004481176425204969,6.410013420853462,0
0.024488238150322042,0.24328901563115965,0.00040243804099850686,1.094407551182687,0,0.0007296921945506344,5.7812704704836175,0
0.06785260830796308,0.7776041682202526,0.000552152376199038,1.5533077898817425,0,0.0013035974492356453,4.930369137049853,0
0.005225467837114972,0.2736133649389926,0.0012080304491975612,1.2378025997944904,0,0.0021617379833661987,5.160620969790063,0
0.25135372937454303,0.28298668548616474,0.00033096478983141663,0.7889658574065939,0,0.0004504746664751688,6.381543935156337,0
0.04492060843901127,0.253240307688875,0.000396279334107744,1.0869495314691788,0,0.000690174704380009,5.783199717223944,0
0.04718557829566462,0.49671762788947943,0.0006554823329808184,1.3811383357567848,0,0.0011624105652390012,4.934460721876662,0
0.009128993531065388,0.2885765008943575,0.0011674165980857622,1.2795213298659345,0,0.0020810147689383483,5.17722970223061,0
0.14430656978364115,0.2690150723125834,0.0003553536364317598,0.7402709580866337,0,0.0004816452693431005,6.423885112663488,0
0.1724234736614804,0.27141532672597674,0.0003144895399896563,0.768523533578697,0,0.0004305971697597535,6.380258098876203,0
0.021566494674639752,0.2534631431888073,0.0004283238318608503,1.08270628255534,0,0.0007813164629450818,5.743029415258768,0
0.014133371026896019,0.2995147458858232,0.0013342340796887054,1.3208702714382012,0,0.0024403571922788766,5.1450205941629825,0
0.04320320815226516,0.4661342384482613,0.000701269089293894,1.4392534473914316,0,0.0012706178476186761,4.932708544572107,0
0.03167226267202872,0.25274671477994215,0.00039745711157755214,1.0601812143422662,0,0.0007099830619112261,5.77337356003316,0
0.07943120827842104,0.7917781479105883,0.0005400710326652954,1.5520200299916218,0,0.0014173953684738425,4.93134352360831,0
0.011253476577611221,0.29568122585784085,0.001172691014161208,1.2740587380247115,0,0.0021477596765923155,5.189308041747665,0
0.1764145989035925,0.2700989147410035,0.0003388457320744591,0.7692979546821912,0,0.0004526546646608168,6.41067554873786,0
0.03476918619359046,0.25482017877145435,0.0003990743939690241,1.0600231087258742,0,0.0007018968710690677,5.775313425208498,0
0.06362593303241684,0.4726568574257655,0.0006636899843877062,1.4460946697363364,0,0.0011796331774995758,4.931128491212786,0
0.012465718371723,0.2923432673779488,0.001245276291966767,1.3685162884839701,0,0.002280565952569943,5.173271596388105,0
0.18054016435382775,0.27760077579963893,0.00034775664126162194,0.7937100684464627,0,0.0004736802518615436,6.393191183595374,0
0.02494266056544381,0.2883639886849438,0.0012503529296638291,1.2728191799459094,0,0.002266852598659302,5.133833362027881,0
0.047381689132646815,0.45922377362791705,0.000649755638270416,1.4241364742525393,0,0.001170074985282483,4.933458533042803,0
0.15682948881223457,0.2728831976872559,0.0003215218686433288,0.7974290723813642,0,0.00044239452531761263,6.3524086470327825,0
0.0255252470438863,0.2427164132503916,0.0004602362379648003,1.077739839899098,0,0.0008098302661687247,5.730791318078658,0
0.0213114632055095,0.2535462872657364,0.00041071474099525334,1.070947435625903,0,0.0007437797148246115,5.778706445693849,0
0.05327625365204842,0.47672890076370666,0.0006721664511447717,1.5028250142643877,0,0.0012040818443419636,4.93483571822744,0
0.014612383084983721,0.294985947500686,0.001236436020216768,1.3071025307778594,0,0.0021885318097909553,5.170651690474347,0
0.1538596437891446,0.27207370097039285,0.00034538900986027236,0.7488802872506339,0,0.00047228857804501736,6.403047835816412,0
0.16943271019872216,0.2762457427888719,0.00034856953860752226,0.7450876921370727,0,0.0004632850808939534,6.395071193538115,0
0.046500894688261296,0.7808150110280573,0.0002556606740935196,1.8318898196234206,0,0.0012630022382924954,4.929834812535537,0
0.023546867427818155,0.2616705431354258,0.0004052925045704064,1.0641203619246544,0,0.000741098763242061,5.774119851741881,0
0.010156287718522228,0.28274097832731243,0.001147289127756091,1.2756923965660834,0,0.0020615130055500934,5.151224247215548,0
0.023287050153919825,0.24087629783731868,0.00040719357145718336,1.1275061476861734,0,0.0007291807502117236,5.786421392104722,0
0.0667698988116295,0.47712638229189847,0.0007731885207768844,1.4274643195544412,0,0.001322918415914782,4.926875430776782,0
0.011956008099884674,0.2981767001785638,0.0011519046611804772,1.2867139851302827,0,0.0021604471562162554,5.146865204407926,0
0.17028850051139532,0.2728527484978172,0.00032172787158792684,0.7615348317506251,0,0.00043461536750164236,6.393448591131085,0
0.02777842430549385,0.2514305881411002,0.000421660741233169,1.0886003083758151,0,0.000746074190387811,5.773854523966965,0
0.06279274663572318,0.47172260328461946,0.0006264097723907186,1.3925618195294784,0,0.0012556142717023554,4.938433683915848,0
0.012706191326137012,0.2873986276114595,0.001139657144770194,1.2806718955619227,0,0.002057515792043835,5.173684533020312,0
0.15690720410522535,0.27123058332799926,0.00033327584131906445,0.7581424258233893,0,0.0004545069389613616,6.409562033762165,0
0.03164113361337273,0.25105730002889015,0.0004125091185783877,1.1051616396842219,0,0.0007465037528212185,5.782281989946684,0
0.0654567432682782,0.7804781683757094,0.0005483315188821835,1.5493399097482448,0,0.0013101510188663062,4.931712384023945,0
0.010915102186044717,0.2978931411633837,0.0011347028543080128,1.2947438669899884,0,0.002083010469999011,5.177964545115362,0
0.19638028087001486,0.2754135091776281,0.0003496495109516785,0.7562701029098623,0,0.00046402622727412127,6.407572908705172,0
0.01699115281661194,0.2284704729499783,0.00039808541924418647,1.080948469851815,0,0.0007426633000299861,5.7699432926248715,0
0.05426002249189945,0.4677364499883847,0.0006509465708367455,1.4637346713069217,0,0.0012585259751634467,4.932790438663317,0
0.022395374386101008,0.2911914645053269,0.001200155546497616,1.150570916932594,0,0.002382214209266427,5.139042043472161,0
0.18358223032046278,0.2775272817512177,0.0003198924169929424,0.7464880280331979,0,0.00043117221433152883,6.40524918900866,0
0.15163139897954211,0.27403998160383064,0.00032843061734957245,0.7441446348575789,0,0.0004591011123555724,6.384042604562137,0
0.028051273246480046,0.2484463284341033,0.0004199122074224813,1.0418421244726077,0,0.0007283425111749575,5.7799267462133965,0
0.007373696340275904,0.2810813314155989,0.0011639137530220416,1.3025668403321982,0,0.0021084685361066765,5.167009764336354,0
0.05256001027861125,0.46336691844735595,0.0006677701558006462,1.391186632878609,0,0.0012255921404072875,4.933657385424994,0
0.027823163043176308,0.24326012088635085,0.000416724559746098,1.0820527904765362,0,0.0007611330241586443,5.766346120602421,0
0.05235574258194342,0.7849927913354975,0.00026557433842455615,1.8329116420800686,0,0.0013008101341782105,4.930550488887317,0
0.011348505479036874,0.2871003447865815,0.0011861634500642871,1.2768963441671526,0,0.002160276300960473,5.158212218288115,0
0.1972006488731876,0.2717239502529261,0.0003335287210830353,0.7762668429323221,0,0.0004479960297676318,6.402101930663448,0
0.019365544668265733,0.24784165498502608,0.00040692893447344294,1.0762464057013612,0,0.0007381840848721745,5.790470869328788,0
0.06474500984233122,0.7773708008110163,0.0005455689026387024,1.5536346807072572,0,0.001346878033552051,4.9307523201865715,0
0.005812437123288189,0.2894025658306668,0.0012183004788157358,1.267970609786814,0,0.0022371107517837586,5.1870721921550595,0
0.16163494468805711,0.2730997806432342,0.00033059370696625746,0.7558826702694503,0,0.0004452983229638547,6.404233526842029,0
0.03722853980083672,0.2513475360268113,0.000404081778520222,1.0564196648197848,0,0.0006990473618234953,5.779201626222087,0
0.06606093226456433,0.4638372284453209,0.0006656752829767101,1.4857899528333034,0,0.0011837344660318122,4.937114736125285,0
0.004926346926781677,0.29535873157055736,0.001192638739827762,1.3624935862009302,0,0.0022432984445663554,5.177796098165618,0
0.16118437344863198,0.27281399962027386,0.00032866234794152186,0.7563380862066358,0,0.00044794110049703944,6.410935805375199,0
0.07081831830283067,0.7772027831799645,0.000562511276894187,1.5520196483607323,0,0.0014294523817061134,4.930084492863992,0
0.014727481611597676,0.28974608955451053,0.0011598798708934612,1.2870891627169518,0,0.002140349197560426,5.159581676888215,0
0.024700826316046365,0.2534609507611198,0.0004125059853280706,1.1084482619435598,0,0.0007387592884961114,5.793059961107439,0
0.19817537560323656,0.2776174814536088,0.00033530251199855753,0.7395451198622726,0,0.00044088176063846694,6.388631482859125,0
0.020431257885717674,0.25354693254129845,0.00044204514332829646,1.0353546542796983,0,0.0007886778518927965,5.721227867965677,0
0.06306459223659282,0.46063498821644033,0.0007011460928686359,1.4734499478264267,0,0.0011849858849001678,4.93090279019784,0
0.008865142723111147,0.2948959728213429,0.0012686998457177678,1.2986328272176417,0,0.0023201952193644365,5.123367601931862,0
0.12531691576037013,0.2763475152938756,0.0003322416476573707,0.7968535424759208,0,0.00047552931269515756,6.355772288535055,0
0.21310454731305345,0.27349928525179273,0.00034953761064893357,0.7597728356110667,0,0.0004654901116097898,6.416601422694931,0
0.08045081539192656,0.7713340801873073,0.0006654808831167302,1.4809216948022423,0,0.0012761403646628419,4.933763077712944,0
0.033712775115921065,0.24832624873751674,0.00041482818957293017,1.1057098833623376,0,0.0007360144518109536,5.7867953827675125,0
0.015652523817959008,0.2845118318326062,0.0011614722677721428,1.2827709265464182,0,0.0020887144049045554,5.163251252048069,0
0.032395173308169545,0.24882049821838131,0.0004252846042786267,1.0930236042597734,0,0.000755380178004686,5.766626556315545,0
0.06230849876628856,0.7808888701567626,0.0007169259392072052,1.48746195151145,0,0.0012095520777157375,4.934346555916099,0
0.014551263616189192,0.30676465091176053,0.0011351639050578464,1.2411091831436685,0,0.002148067896486871,5.150969367878427,0
0.1606847390101113,0.272757794457071,0.00032949158451286265,0.7625816029748356,0,0.000452828585340912,6.378662710212056,0
0.1413766048886878,0.2732115861977724,0.00031265194237891655,0.8202465366395372,0,0.0004375633724709566,6.358463372147878,0
0.07688295548174304,0.7871328013573717,0.0007108406946333848,1.4181625131578928,0,0.0012987770502736482,4.936408284091848,0
0.017337971797973445,0.2542825560851037,0.00044295219849746313,1.0045541852990159,0,0.0007915578622287013,5.728029340680637,0
0.008227607377850707,0.30266385639484267,0.0013015304914283678,1.3367286946446373,0,0.002306923119495419,5.131967507374083,0
0.0271188964336343,0.23864520688638638,0.00041936134933313874,1.0549181608241678,0,0.0007395702541538703,5.764863439487973,0
0.05512706108197801,0.45247284758948575,0.0007042537957867349,1.4197530260189066,0,0.0012750697021234588,4.930828514770122,0
0.015117534188022558,0.28555801188722185,0.001219962920962925,1.2592666309497704,0,0.0021545680270419333,5.161887578549053,0
0.13866783601943203,0.2735106078155367,0.00032599672635122694,0.750960245981835,0,0.0004460921669279672,6.384061271549684,0
0.02976145246361843,0.24500245952062466,0.00041254004354574934,1.075255295177298,0,0.0007401343723434553,5.76586808768402,0
0.04854488363275325,0.4897855135210861,0.0007429863095717551,1.3492759519284898,0,0.0011919749507291904,4.929733471565851,0
0.010501808921194206,0.2881417485203832,0.0010585296699929909,1.2712366802686528,0,0.0019663866214725593,5.159898596557602,0
0.1810060347175262,0.266940860454238,0.0003403039151574812,0.7959902608063794,0,0.00046875081769718387,6.387516936899949,0
0.02412417757679039,0.2523238898280352,0.000405153634473555,1.0595462195964582,0,0.0007027401653366761,5.780147417603039,0
0.06703277955196899,0.7900289923786393,0.0005340979815732992,1.5584806001635656,0,0.001334771056094543,4.930695135287303,0
0.01335985986948901,0.2975551831476691,0.0011493905254680102,1.2977936068726832,0,0.002158564939709151,5.176136673124628,0
0.17373272355071967,0.2683984219121222,0.0003351537766075713,0.7716509330205901,0,0.00045917881003308236,6.404643681116224,0
0.024415051444319075,0.25453149731705593,0.00044093077064707347,1.058493012825843,0,0.0007812233330801307,5.731805968877277,0
0.07132254246553055,0.7798636422995368,0.0007086133202867244,1.4898049670560065,0,0.0012288723678335837,4.932127990603975,0
0.028329054868984363,0.30979245434122504,0.0012376512882803564,1.3091652149458108,0,0.0023610379365794783,5.132755123608591,0
0.15913946631433848,0.27076517011115153,0.0003233253059310183,0.7650552485538982,0,0.000440736719177869,6.378759325243724,0
0.20630958146742992,0.2823463008043349,0.00032464057368501937,0.7399310377250766,0,0.00043584975858210206,6.378485037680761,0
0.014370491465444585,0.313840215033141,0.0011782729056080527,1.3402888121330359,0,0.0022791068140070895,5.153977126149855,0
0.07536150750163872,0.4655557994868642,0.0005855130521607561,1.4201080483684014,0,0.001232905728849396,4.934291644586099,0
0.02393467293613008,0.24668550412675783,0.0004201049084497027,1.0850989086986087,0,0.0007772974768268128,5.770934491985403,0
0.1760007714089524,0.27519044276695453,0.00034160049261867633,0.7722830637271793,0,0.00046049343918997033,6.407631481951267,0
0.02163269143843377,0.25479315951293857,0.00040452635571265675,1.0673949283765782,0,0.0007298175756457354,5.776935760064303,0
0.008387147882635948,0.2866178635303464,0.0011264950062004721,1.2618347377673094,0,0.002006393041041253,5.179393435802101,0
0.046635178612945,0.46230249192584116,0.0006730658453024668,1.4111735511876746,0,0.0012106195040256062,4.932607190339615,0
0.03810266098560369,0.2535076476096649,0.00040980005834548224,1.0887503417913185,0,0.0007226266043367876,5.78620394432835,0
0.06177595683519799,0.7802467864767586,0.0005494405525449064,1.5543795323624514,0,0.0013646128271986974,4.9324058707492355,0
0.008681133015859044,0.29483145785002735,0.00114378328944759,1.3262583980107503,0,0.002096437480977197,5.172058025227122,0
0.17096972051188092,0.26717914801961595,0.0003581258408701756,0.7668701049443561,0,0.0004799904698440422,6.415873096896811,0
0.1808667621433125,0.27526542069353016,0.00031718381215075703,0.77764467609767,0,0.0004309675826043175,6.370410660287208,0
0.05780543863593934,0.4687859514861186,0.0006927502130278957,1.5345133398344362,0,0.0012264133933158948,4.935326109503145,0
0.017936860306564634,0.2531497266604568,0.0004301296098093446,1.0721696810355805,0,0.0007827450059298422,5.74255459352898,0
0.007543235180560187,0.2970242002669502,0.0012381682073185514,1.357074983375684,0,0.002252503169324737,5.160569828202967,0
0.045005545536123334,0.47521857340408763,0.0006977521285620773,1.4304929194620262,0,0.0012137986804242784,4.931481642541957,0
0.017114743945616878,0.25354263552807405,0.0004378153932766607,1.022690765597443,0,0.000784594238552187,5.735590825524113,0
0.15600129915139702,0.2738236283562758,0.0003242384432748732,0.8087615618477055,0,0.00046203838019390984,6.336333126123729,0
0.013706667622417346,0.29284027376715116,0.0011601319469898544,1.296945298897248,0,0.0021114747800491827,5.111298701161718,0
0.06751352176023748,0.7780919627136474,0.0005452475847201211,1.5495700529663408,0,0.0013569026330213223,4.932860505608168,0
0.032827272440004635,0.24892642347606628,0.0004197411456153107,1.09539986662099,0,0.0007559669963116515,5.78379173324682,0
0.20685172616203273,0.27564978473357127,0.0003433574141152861,0.784534104824135,0,0.0004624296895181784,6.406388339629699,0
0.009853323335666409,0.28482540495616865,0.0011770533405300705,1.2617951262472826,0,0.002091876912953239,5.165814596296176,0
0.05401622363320874,0.46485287445083734,0.0006907433088837532,1.4409299504290247,0,0.0012014259856020562,4.931286425890522,0
0.026080438333866016,0.29039573492936555,0.0012031266462291569,1.2573731746644679,0,0.002173387992274042,5.149960114392753,0
0.025141444066560076,0.2517830859847372,0.00041538545978792653,1.0972848520369594,0,0.0007367150357914522,5.7817714855666456,0
0.15317273597464554,0.2676385264166628,0.00033924613074382334,0.7285835983385821,0,0.0004467448224453141,6.391751732596216,0
0.026766230431490054,0.23762911470171258,0.00039634861198379706,1.073241558861779,0,0.0007151729363676799,5.774960342673854,0
0.06149381197097109,0.48539282917292764,0.0006785839899537558,1.4568363770591577,0,0.0011831525002986188,4.93147515881496,0
0.010963563447828867,0.28836027681475596,0.001244394046384522,1.129343306176082,0,0.002386609808816389,5.163273693797882,0
0.18180276047601834,0.2759315254964099,0.0003316945826694947,0.7470594775488866,0,0.0004442032782994006,6.4024901600438495,0
0.014875623338890448,0.2928460946517233,0.0012149424927040558,1.3167379260649459,0,0.002196792253712243,5.172836971307359,0
0.06586128980335708,0.7961730614215273,0.0005539810652366362,1.4600434998936822,0,0.0012122672749165855,4.934035117124719,0
0.18560668128012525,0.27439152605496914,0.00032582697985276325,0.7657892914222303,0,0.0004412877160203183,6.3890221720860465,0
0.023159518790893396,0.2531562384398104,0.00042978747616282423,1.0351652346352924,0,0.0007428082573938812,5.763610123173346,0
0.16137072002712355,0.27767632689161226,0.0003239975870010461,0.7543349151098107,0,0.0004392692991528157,6.382809542129298,0
0.026223337295219848,0.23796249737410627,0.00040765402542812025,1.100053989019244,0,0.000729192239449761,5.781496995934639,0
0.020586038023307524,0.284349670781431,0.0012020728979772364,1.2636854278740628,0,0.0021616576258525724,5.153273914648804,0
0.06504443723453295,0.7762740686312332,0.0007212184099027454,1.481917983999236,0,0.0012841920644950527,4.9310011034277315,0
0.05202119484903066,0.7882907665467962,0.00028602392663763874,1.6555245526603677,0,0.001230293605475248,4.93240356622064,0
0.00475912330647299,0.28656068044371563,0.0011928495946452598,1.285592955512979,0,0.002182148816154816,5.154106714971273,0
0.022542209186807466,0.24582758683097936,0.0004258511684836936,1.1006348368157057,0,0.0007724680502530792,5.754285917216452,0
0.1599037196138644,0.26995009778851,0.0003350754680552544,0.745409477355363,0,0.00045635785803412363,6.411893077132226,0
0.030631418713436734,0.23650370073979382,0.0004291304144828941,1.1413759643093042,0,0.0007703794994632988,5.775654793589868,0
0.04961651851119619,0.4601898437204331,0.0007365167422954035,1.3446344528589758,0,0.0012397580951249668,4.932747730172343,0
0.00712288971460745,0.283214240032205,0.0012080477062108982,1.2498418575772654,0,0.0022350661894448513,5.154518018882828,0
0.2397639045009315,0.28240598093767405,0.0003127295056724646,0.7858523728073394,0,0.0004306225651182276,6.36018290165702,0
0.024544497481253633,0.2601961576964052,0.0004029829383722654,1.0635154478667443,0,0.0007287019489240366,5.784565955037103,0
0.05142574981439258,0.47560499234523007,0.0006929194090550707,1.4366515099511579,0,0.0012246940557610166,4.930768272071952,0
0.01132095248674439,0.29919791483463704,0.0012389928923986226,1.2962804072942926,0,0.0022745982462349214,5.149684315573832,0
0.17566986961660622,0.26994325609459346,0.0003441394655859504,0.7569419210074851,0,0.0004740642084540267,6.413755681969681,0
0.16079148219144396,0.26870377926430616,0.00034847078255018327,0.7702029147218382,0,0.00047144069549368033,6.414254831494437,0
0.06798792352766535,0.7723360699667878,0.0006964905682147567,1.4760201551165788,0,0.0012209594867448324,4.930664488702929,0
0.03455377919035059,0.2593143248577082,0.0004128820930108682,1.088269464114072,0,0.000746608946872249,5.788159808167282,0
0.011435820664818463,0.2863805744728137,0.0011340620865218662,1.2943296045290684,0,0.002042664298891136,5.16920480967283,0
0.0324310635600851,0.25494951216895917,0.00041758306393273916,1.1007940847632047,0,0.0007483386051820378,5.780504583052897,0
0.0837326521602597,0.7836311747774846,0.000684337134055574,1.4791816853715845,0,0.0013080665958351502,4.939153249988234,0
0.01331604216432497,0.29076163588040954,0.0010425900596427887,1.2776554551842814,0,0.0019978176620565253,5.175129189221458,0
0.16112430232000857,0.28166401014637593,0.00033356931360786296,0.7665050992311532,0,0.00045558801076129365,6.408544310207478,0
0.02376282273996587,0.25534530666745675,0.0003995298121750103,1.071022359891773,0,0.0007257277098984598,5.776226433779547,0
0.05511262261379718,0.7869519452495634,0.0002678654815903885,1.8334681162950295,0,0.0013351167294907342,4.932846583941367,0
0.014854692805416903,0.28732799531298364,0.0011173520129913767,1.307088475166646,0,0.001988279240301503,5.18166622883312,0
0.1801102869004227,0.2718545475832692,0.0003380523568620419,0.7763938987905089,0,0.0004529045289113582,6.4115681552280375,0
0.18691289035545233,0.2713816398440678,0.0003255434327475113,0.7657080703927529,0,0.00043515414014985926,6.394341781961909,0
0.030486747699560862,0.23551424100528964,0.00041475757646816056,0.9609069608408776,0,0.0007258317755275462,5.771184604614032,0
0.02344212795151307,0.29468807412426606,0.0012873583339795102,1.1679076032572486,0,0.0024440182424904063,5.159913120281942,0
0.06628034485829054,0.7788427051591138,0.0007008636708024215,1.4154361991513278,0,0.001200917049996819,4.929908670016907,0
0.137314132610602,0.26832253620068947,0.0003262963378734903,0.8119829396947176,0,0.00045287935979814614,6.349385500279182,0
0.017418544860809917,0.3110719712638881,0.0012618326057386713,1.3184177053047383,0,0.002376333048815092,5.130576819333317,0
0.03855186028018124,0.4803261549660163,0.0007722880537448355,1.4235136609222816,0,0.0012190110365716109,4.931180980804242,0
0.022930273690350333,0.25244177475411583,0.00042939500194224227,1.0446990193666716,0,0.0007644396344469827,5.7345451141787365,0
