[8.153846153846153],11
10,15,110
[7.746438746438746],9
23,37,202
[8.241758241758241],3
10,15,111
[5.315789473684211],9
62,28,100
[8.368131868131867],11
9,15,111
[8.358974358974358],9
10,10,102
[6.905172413793104],11
40,50,191
[7.7615384615384615],11
20,38,201
[6.932266009852217],11
44,47,196
[7.055418719211824],10
41,45,196
[6.896551724137932],11
42,50,198
[6.840229885057472],10
43,49,199
[8.285714285714285],11
10,14,116
[7.909230769230769],9
21,33,204
[7.833846153846153],10
22,36,196
[6.904761904761905],10
40,49,189
[7.903333333333333],9
18,34,196
[6.769704433497538],10
43,47,198
[7.591666666666667],10
21,37,183
[7.871666666666666],11
22,33,194
[8.241758241758241],11
10,15,112
[6.825287356321841],11
44,48,204
[8.395604395604394],11
9,13,115
[7.7846153846153845],11
22,35,200
[8.219780219780219],10
10,14,110
[6.927586206896552],8
41,49,203
[6.908045977011494],11
45,47,199
[7.871666666666666],7
19,35,195
[6.821428571428572],10
43,47,190
[7.858461538461538],8
23,33,200
[8.241758241758241],9
11,13,112
[8.307692307692307],11
9,15,111
[8.192307692307692],9
10,15,113
[7.112068965517242],11
40,47,197
[5.581578947368421],11
61,27,109
[7.689230769230768],10
22,36,197
[8.423076923076922],3
10,13,116
[7.984189723320158],11
18,28,182
[8.75],11
8,10,101
[8.358974358974358],9
9,14,105
[8.252747252747252],11
9,14,114
[8.104395604395604],8
9,15,113
[6.901477832512317],11
44,46,194
[8.203296703296703],9
11,15,113
[8.252747252747252],10
10,14,113
[8.659340659340659],8
9,13,112
[7.718333333333334],11
22,34,185
[7.759999999999999],11
21,35,194
[8.30128205128205],8
10,12,107
[7.010344827586208],10
44,45,202
[8.258241758241757],11
9,15,113
[6.85344827586207],10
45,46,192
[8.294871794871796],3
10,14,105
[7.03448275862069],7
42,45,203
[7.778461538461538],11
21,35,196
[6.7989417989418],10
41,49,188
[8.340659340659341],9
9,15,113
[6.896551724137932],10
45,49,199
[8.197802197802197],5
10,14,114
[6.8977832512315285],10
44,46,197
[7.715000000000001],10
20,37,188
[8.252747252747252],11
9,15,113
[7.799999999999999],11
22,33,195
[7.9923076923076914],11
21,33,205
[6.937192118226601],10
41,50,193
[7.829230769230769],9
21,36,201
[7.904999999999999],7
18,34,196
[7.879999999999999],10
20,34,196
[5.292105263157894],9
64,26,104
[8.225274725274724],3
11,13,111
[7.903333333333333],9
19,33,196
[7.743333333333333],11
23,33,192
[6.9692118226601],10
41,46,200
[6.775132275132275],11
42,46,191
[7.984615384615384],11
23,28,202
[7.680911680911681],11
23,38,202
[6.975862068965517],11
44,47,200
[8.164835164835164],6
11,14,111
[8.448717948717949],7
9,12,108
[7.808333333333334],10
21,34,191
[7.799999999999999],9
22,34,194
[8.697802197802199],6
7,15,115
[7.851666666666667],11
22,31,189
[8.307692307692307],7
9,14,112
[7.020935960591134],11
40,46,196
[6.7586206896551735],10
44,51,195
[7.863333333333333],9
18,35,195
[8.098901098901099],5
10,15,106
[6.919950738916258],11
44,47,198
[7.836923076923076],10
23,33,198
[7.991666666666666],9
18,32,199
[6.861111111111111],9
39,47,185
[7.8549999999999995],10
21,34,192
[7.8538461538461535],11
21,35,200
[8.4010989010989],10
9,14,114
[8.242857142857144],11
11,14,117
[7.784999999999999],10
21,34,193
[7.686153846153846],10
25,34,196
[6.7218390804597705],10
46,50,203
[8.126373626373626],11
11,15,112
