[6.852216748768474],11
44,46,193
[6.887931034482761],11
44,47,192
[5.4263157894736835],7
61,28,106
[6.8571428571428585],10
41,46,193
[6.931034482758622],11
43,49,198
[5.410526315789474],7
60,30,102
[5.836842105263158],11
61,27,109
[8.736263736263735],7
9,11,115
[7.815],11
19,35,193
[5.371052631578948],8
65,28,103
[5.528947368421052],8
60,30,102
[8.12087912087912],5
11,15,107
[7.698461538461538],7
19,37,196
[8.114285714285714],11
11,16,116
[6.939655172413794],10
43,46,192
[7.8538461538461535],11
21,34,201
[6.762315270935961],10
45,47,189
[7.846153846153846],11
21,34,200
[7.080459770114943],11
43,47,208
[6.8423645320197055],11
43,48,194
[7.7907692307692304],10
23,36,199
[8.679487179487179],5
6,13,102
[5.471052631578948],9
61,31,107
[5.707894736842105],11
61,26,104
[7.883076923076922],10
21,35,199
[8.43956043956044],6
10,12,112
[7.703333333333333],11
21,36,191
[6.890394088669951],9
43,48,195
[5.221052631578948],11
62,29,104
[8.157142857142858],7
11,16,114
[7.8938461538461535],11
21,35,200
[5.352631578947369],9
62,29,101
[6.854497354497354],8
41,47,188
[7.846153846153845],10
21,35,199
[8.208791208791208],9
9,15,110
[6.914529914529916],7
39,45,185
[5.394736842105263],11
59,31,104
[6.773185483870968],11
46,57,210
[7.057471264367817],11
43,49,207
[5.286842105263157],8
63,28,102
[7.8599999999999985],8
22,34,196
[7.818333333333334],11
18,35,190
[7.831666666666666],7
20,35,194
[5.631578947368421],11
58,30,102
[5.4868421052631575],10
59,28,106
[7.993333333333332],7
20,31,198
[8.328571428571427],11
9,15,119
[7.002463054187193],11
42,47,198
[7.826210826210826],10
22,37,203
[7.893846153846153],9
20,35,201
[6.956896551724139],11
43,47,196
[7.953846153846153],9
19,35,200
[7.004926108374385],11
36,51,200
[5.400584795321636],7
59,29,97
[6.807881773399016],9
45,47,193
[7.787692307692307],11
20,36,197
[5.421428571428572],7
63,30,108
[7.856666666666666],7
19,35,193
[6.93472906403941],9
41,51,195
[5.489473684210527],10
61,29,103
[8.241758241758241],9
11,13,112
[7.879999999999999],9
19,34,197
[8.510989010989011],8
9,14,111
[7.895604395604394],11
11,16,106
[7.809230769230768],11
22,34,195
[7.082512315270936],10
40,45,196
[8.203296703296703],8
10,15,114
[6.97536945812808],10
42,46,193
[8.228571428571428],8
8,16,117
[7.023399014778326],11
43,46,193
[6.952873563218391],11
45,46,201
[8.247252747252746],7
9,15,113
[7.796666666666668],11
20,35,190
[7.918461538461537],9
21,34,199
[8.131868131868131],11
11,15,113
[6.837301587301589],10
40,47,188
[8.230769230769232],8
9,14,107
[7.818461538461538],10
20,36,196
[7.635384615384615],10
21,39,198
[6.797619047619049],11
43,47,188
[5.286842105263158],9
59,28,104
[6.80665024630542],9
45,47,193
[8.12087912087912],11
11,15,112
[7.730769230769229],11
20,36,195
[5.263157894736842],9
60,29,101
[8.666666666666666],6
9,13,106
[8.489010989010989],10
9,13,117
[7.892307692307692],11
20,34,202
[7.799999999999999],11
21,34,195
[8.314285714285713],10
11,14,117
[5.334210526315791],9
61,29,107
[7.8076923076923075],9
22,35,203
[5.7368421052631575],9
62,28,107
[8.428571428571429],10
9,14,117
[7.839999999999999],7
19,35,196
[5.244736842105263],9
61,30,102
[5.407894736842105],9
63,31,100
[6.933497536945814],11
42,47,198
[7.846666666666666],10
21,33,192
[7.125615763546798],10
41,44,200
