[5.53421052631579],7
63,29,103
[5.5321637426900585],11
57,28,103
[7.736666666666666],10
22,34,191
[8.29047619047619],3
11,15,115
[5.278947368421053],11
61,32,104
[6.875268817204302],11
46,52,206
[8.197802197802197],11
10,15,114
[6.807881773399016],9
43,46,193
[5.394736842105263],3
60,28,105
[7.716923076923076],11
22,36,196
[7.879999999999999],10
22,31,197
[7.815384615384615],11
22,34,200
[5.3315789473684205],9
63,27,105
[5.584795321637427],9
63,29,96
[5.59736842105263],3
60,28,103
[5.476315789473684],9
63,28,108
[5.521428571428571],9
61,30,110
[5.342105263157895],3
61,30,100
[5.410526315789474],7
63,30,103
[5.710526315789473],9
60,29,107
[5.786842105263157],10
61,28,108
[7.766153846153846],9
22,36,197
[7.809230769230768],9
20,37,194
[6.8546798029556655],10
42,49,192
[5.578947368421053],7
61,27,102
[7.926666666666668],10
19,32,195
[5.7894736842105265],9
58,26,106
[5.492105263157894],9
61,30,104
[7.879999999999999],9
19,34,197
[7.071428571428572],8
40,45,195
[5.526315789473684],7
60,27,103
[7.7283333333333335],11
19,37,190
[5.073684210526317],10
61,31,105
[5.397368421052631],9
63,28,100
[6.862068965517243],10
44,49,197
[5.684210526315789],9
62,29,104
[7.686153846153846],9
24,35,196
[5.368421052631579],7
60,27,103
[5.3921052631578945],7
61,31,103
[6.966666666666667],10
45,50,208
[5.526315789473685],11
63,27,100
[5.428947368421053],7
64,28,103
[5.426315789473684],9
60,31,108
[7.861538461538461],11
23,32,202
[7.666153846153845],9
22,37,198
[5.421052631578947],11
61,30,108
[7.023399014778326],11
42,47,200
[5.397660818713451],7
61,28,98
[5.536842105263158],7
63,27,105
[5.28421052631579],8
62,30,101
[5.0701754385964914],3
60,30,96
[5.5],7
61,31,108
[5.681578947368421],9
65,27,107
[7.839999999999999],10
22,35,193
[5.436842105263158],9
59,30,104
[5.8],11
62,27,106
[7.017195767195767],11
41,46,188
[5.631578947368421],11
59,27,104
[5.031578947368421],9
63,28,102
[7.858461538461538],7
22,35,195
[6.963218390804598],11
43,48,202
[5.492105263157894],8
61,28,104
[5.026315789473685],5
60,28,105
[6.7733990147783265],10
44,46,192
[5.321052631578949],7
61,30,104
[5.587719298245613],11
63,28,97
[6.911330049261084],11
42,47,199
[5.3500000000000005],7
62,30,108
[6.975369458128079],11
40,49,195
[5.436842105263159],7
59,32,104
[8.23076923076923],11
10,15,110
[5.260526315789474],11
63,28,105
[5.560526315789474],11
63,28,103
[5.394736842105263],8
62,29,100
[5.187134502923977],10
59,31,97
[5.234210526315789],9
62,29,106
[7.858461538461538],11
21,33,198
[5.502923976608187],10
61,25,101
[5.647368421052631],9
61,26,108
[5.32142857142857],10
61,30,112
[6.816502463054187],11
42,49,198
[5.628947368421053],6
64,28,102
[6.911330049261084],11
41,48,199
[5.7],7
64,27,109
[7.717948717948718],9
25,36,202
[7.968660968660967],9
21,35,205
[6.796798029556651],11
43,48,193
[5.465789473684211],11
60,30,104
[5.228070175438596],7
59,29,100
[5.255263157894737],8
62,31,103
[6.6896551724137945],10
45,49,187
[5.463157894736842],9
62,27,105
[8.224358974358973],9
10,14,105
[6.702380952380953],11
42,50,187
[5.4868421052631575],7
63,29,105
[7.759999999999999],10
22,34,194
[7.014778325123153],10
41,47,200
[5.2552631578947375],9
59,29,106
[8.247252747252746],9
9,14,108
[5.371345029239766],9
61,30,95
