[7.983076923076922],7
17,35,201
[8.510989010989011],6
10,13,110
[7.049261083743843],10
41,48,199
[7.935384615384615],7
20,36,200
[8.036666666666667],9
21,29,195
[8.073333333333332],11
18,33,198
[7.799999999999999],8
23,33,194
[5.244736842105263],11
62,30,99
[8.142857142857142],9
11,16,113
[8.521978021978022],11
7,16,112
[8.302197802197803],6
10,14,110
[5.494152046783626],5
58,27,101
[6.7738095238095255],11
42,47,190
[7.017195767195767],10
39,47,192
[8.37142857142857],11
9,15,117
[8.219780219780219],9
10,14,110
[8.252747252747252],9
10,14,113
[8.28021978021978],11
9,14,110
[8.708791208791208],9
7,12,113
[8.18131868131868],11
10,15,112
[7.009259259259258],10
40,46,188
[5.3578947368421055],6
62,28,104
[6.955026455026456],11
44,44,191
[8.241758241758243],8
9,15,112
[6.943349753694582],10
42,49,197
[5.3578947368421055],11
64,32,98
[8.12087912087912],9
10,16,112
[8.4010989010989],8
11,12,114
[8.238095238095237],10
10,16,116
[5.105263157894737],11
61,31,98
[6.831280788177342],11
42,50,192
[7.131034482758623],11
44,44,205
[7.844615384615384],11
22,32,201
[8.186813186813186],3
10,15,112
[7.848333333333334],7
20,34,192
[8.18095238095238],9
11,15,122
[7.026455026455027],10
41,46,192
[8.313186813186812],9
10,13,113
[7.755384615384615],9
22,36,196
[7.901666666666668],8
18,33,192
[6.969211822660099],11
40,50,197
[6.974712643678162],9
43,47,201
[8.368131868131867],10
10,13,111
[6.688423645320198],10
42,48,191
[6.92857142857143],11
43,46,191
[6.704433497536947],9
44,51,190
[5.252631578947369],9
61,29,104
[8.395238095238094],11
10,15,118
[6.866995073891626],8
39,50,192
[8.198717948717947],9
9,15,103
[7.861538461538461],11
22,33,202
[8.371794871794872],10
9,13,107
[7.807692307692307],10
23,33,195
[8.09047619047619],5
11,16,115
[8.467032967032965],7
9,13,115
[8.299999999999999],11
11,13,117
[7.836923076923076],9
21,34,199
[8.252747252747252],11
11,14,112
[7.873333333333332],11
20,33,196
[8.384615384615383],8
8,15,112
[5.463157894736842],7
60,27,105
[6.81896551724138],8
45,48,193
[6.919950738916258],11
43,50,196
[5.852631578947369],9
58,30,105
[8.467032967032965],11
10,11,116
[8.214285714285714],10
10,16,114
[5.410526315789474],9
64,29,99
[8.23076923076923],9
10,15,111
[7.743333333333333],10
22,35,191
[7.806153846153846],9
22,34,199
[5.342105263157895],3
60,31,100
[6.983990147783252],11
39,49,197
[8.142857142857142],10
10,16,114
[8.32857142857143],5
9,16,118
[6.842364532019705],11
41,51,196
[8.637362637362637],11
9,11,112
[5.102631578947368],11
60,31,103
[6.954022988505748],11
42,50,200
[6.878078817733991],11
43,49,193
[8.285714285714285],11
10,14,116
[8.17032967032967],10
11,14,111
[7.879999999999999],10
18,35,197
[5.713157894736842],10
60,31,107
[6.976600985221676],11
41,48,192
[8.406593406593407],6
9,14,109
[5.745614035087719],9
60,26,102
[5.355263157894737],9
64,29,103
[6.817733990147784],10
44,46,196
[8.142857142857142],5
10,16,114
[6.9828042328042335],11
39,47,189
[8.203296703296703],10
10,15,114
[8.014285714285714],10
11,16,114
[7.067816091954024],10
41,49,203
[5.721052631578947],10
62,26,104
[6.788177339901479],9
43,47,193
[6.986453201970444],11
40,47,195
[8.318681318681318],10
9,13,115
[8.395604395604394],10
8,15,108
[5.336842105263157],3
58,29,104
[7.753846153846154],11
22,36,200
