0,0
0.9874440935727259,0.07321775316092627,0.6485315414470254,0.7441506573285612,0.6865895523139339,0.0372058232580105,0.799348457183391,0.7951863457563836,0.5799836081261953,0.8238242635562153,0.24501721148630612
0.9037507670434598,0.8379567781607835,0.09304749894913839,0.18893709281147258,0.12059317700343325,0.4126491709305647,0.1006577066056617,0.04988872762457691,0.9349097250718122,0.7966332809049552,0.49429610710838523
0.9753465241846199,0.11842403728528492,0.47509881422924904,0.5564804556756479,0.4716957760436022,0.06760031153692214,0.6891576178791308,0.6807517339100604,0.6543002233355683,0.835648833411761,0.27629794015622305
0.9514479431401822,0.1946504853103529,0.3041894353369764,0.3661763890121208,0.29578980690091805,0.16201404735684902,0.4787553352609114,0.4778197064989518,0.7712529825681266,0.8093644214036422,0.36636190820570635
0,1
0.9876401816667931,0.07211790944943092,0.6465040838788159,0.7417576686262778,0.6890560035436363,0.03743508822729795,0.8028163463685681,0.7994266284418963,0.5790539982107428,0.8254038490194207,0.2451439637530458
0.9041446004930266,0.8480760490878267,0.09133240320892927,0.18876172868774838,0.12012790204279555,0.40920197276456594,0.10108360357510082,0.048916097952629745,0.9357931577890528,0.7972583741588332,0.4924287400202559
0.9535900982602777,0.19451399358290467,0.2930605201528412,0.3573499043112075,0.28909881541460497,0.16575271324320812,0.4882186879839002,0.48631011490991627,0.7747010375754757,0.8126988801688454,0.36081966406368854
0.9747858577215991,0.12070959258220151,0.47785008134150925,0.560411879076248,0.47482655879602453,0.06650437720390892,0.6846391781832629,0.6771280426328676,0.6529221496208286,0.833997982095743,0.2769632380292286
0,2
0.9032116514489094,0.8455731442546982,0.09188734762505268,0.18838549862913856,0.11977500182628387,0.4137780231756937,0.09867505480888383,0.04665699080793412,0.9359413633828926,0.7966735567291475,0.49548647277550695
0.9750285317892176,0.12030713865309342,0.4769363509656866,0.5599590877357418,0.474087915383462,0.06696832822520496,0.6877624429962526,0.6799938889313267,0.6526961203710031,0.8335484715229359,0.2752169155856905
0.9874230214050194,0.07367169439518814,0.6471766848816028,0.7411706849440016,0.6877077397910732,0.03750133929078253,0.8028836224700537,0.7987421383647797,0.5789973299366269,0.8245326147616014,0.24669182163362582
0.9524799007830155,0.1938391624847418,0.301542912246866,0.3640701808094705,0.2934263448969332,0.16520170063529652,0.48083861797507105,0.4783573806881243,0.7720222398561418,0.8092252378912744,0.3685219364261984
0,3
0.9872587866963721,0.07531014131739117,0.6539578454332552,0.7467208792204194,0.6870980870980872,0.03691896320191508,0.8007302177376527,0.7957142857142857,0.5791052377044393,0.8235652683562862,0.24603684980338858
0.951856477219366,0.19507629582867336,0.3092663643762353,0.3706390970219467,0.29979188135216506,0.1596289983745988,0.480687600516755,0.4780409474106784,0.7691226714627065,0.8090131922151488,0.36711769240418035
0.9762630178057492,0.11555676428429437,0.47339907786885244,0.5587143073188545,0.4794448896011397,0.06667042178080616,0.6976504414498141,0.6933667452830188,0.6498997390490378,0.8372035052871132,0.2709780448774678
0.9033120085036043,0.8423951141061362,0.09166522864538396,0.18814814843790406,0.1205428100164942,0.4153196641086726,0.09816082958325212,0.048321747765640244,0.9355773384014021,0.7964439226186832,0.4967972962033007
0,4
0.987481650801501,0.07429398466939258,0.6455398530243075,0.7393158037672825,0.6810885155712744,0.03758755456745927,0.7998205358287399,0.7937931034482757,0.5808144553082524,0.8247965771680497,0.24421888825348925
0.9037511684423978,0.8437778945108455,0.09255221769160349,0.18870650787557686,0.12046798848829304,0.411548793878132,0.0993716151189783,0.0482903936404554,0.9357767518106044,0.796814401295697,0.494408971875525
0.9748769097338486,0.12104153439143792,0.46751421880227506,0.5515432175113698,0.46935286935286946,0.06833101177530379,0.6916774144602079,0.6831112822487484,0.653908912764944,0.8368684520035107,0.275552889814912
0.9521414699897363,0.19909465544041005,0.2975106253794779,0.35792926113040646,0.28876226654004433,0.1673881452720729,0.47536830510808203,0.4725925925925925,0.7750417939482388,0.8099675957397586,0.36794414041101453
0,5
0.9030412859228637,0.8437488940813987,0.09094945355191297,0.1880966395873631,0.11979166666666669,0.4154253170660058,0.09752555762081822,0.046678459119497084,0.9362649710196991,0.796541155399086,0.4967765490423795
0.9874017472355697,0.0739604602672298,0.6440789473684212,0.7378337760634,0.679590268406058,0.03783882049496383,0.7987429074545099,0.7946996027805362,0.5813724610176464,0.8247963892024054,0.24592428957527268
0.973295711505795,0.12445128058500143,0.4685891105405228,0.5463828219840219,0.4630258927447683,0.07005153545622154,0.6779683790925786,0.6701977722209592,0.6584071204802818,0.8338957546148633,0.27959209964683795
0.9519534777285992,0.20423329738422488,0.2753560870733674,0.34551297449204854,0.27513894727009486,0.17622867068560333,0.4695289170577122,0.4669965975873801,0.7827095259557261,0.8120483331937782,0.36718512183858587
0,6
0.9035942609665811,0.8405557406599629,0.09241907297994517,0.18867537572043142,0.12052583626187674,0.4132509119369471,0.09984337554016609,0.04915238004022621,0.9353156393918653,0.7966245667547107,0.4951860664173216
0.9520480553182024,0.1933758959001915,0.3069937492628847,0.36889582609440674,0.2983049457869602,0.16144057268745132,0.4724398919526089,0.46637708700963754,0.77222112338853,0.808478988085839,0.36932306457559216
0.9759588841979403,0.11605924568560533,0.4741639344262295,0.5564452602076937,0.4767407407407408,0.067496066210279,0.6954944237918216,0.6889207547169811,0.6520631924497353,0.8361562934990745,0.2703361181140618
0.9878695122749431,0.07157729923492817,0.6489353013243101,0.7453035114116998,0.6859101093976543,0.03688907356588575,0.8038735794890789,0.8003894447055664,0.577974932717289,0.8240292649582333,0.24407730493575786
0,7
0.9530566188501912,0.1987937338217772,0.28442015786278085,0.3503526960963434,0.2785058562836341,0.17193300636899286,0.4835192069392813,0.4808665269042627,0.776957096612413,0.8128330401053006,0.3599321002718863
0.9874680236041484,0.07421161730657785,0.6495756307406116,0.7436069870419734,0.6871956517346588,0.037210717720061515,0.8020248358775608,0.7950756055131809,0.5795251326331369,0.8242121736844695,0.24544534329238343
0.904133984770342,0.8503684339076846,0.0922667582181787,0.18957435449204718,0.1205232618845184,0.4056699585998522,0.10046906323595228,0.04879976291613203,0.9356447395841193,0.7971225285573984,0.4928897861025995
0.974352307269363,0.11958613746427149,0.4771694411038674,0.5557315692706964,0.471911471911472,0.06801646301748475,0.682177663590303,0.6737961681357907,0.6544999627683276,0.8337991746446383,0.2752727153392034
0,8
0.9752016468547786,0.11927005026799858,0.47613990840910597,0.5594754442776906,0.47645247240388944,0.0666940136651569,0.686739009376458,0.6780689022992895,0.651807118329268,0.8344888072200642,0.2746945186131012
0.9037339985036149,0.8438947012728815,0.09142954217276811,0.18855018423082937,0.1201747782058662,0.41208015708688317,0.09825298071922489,0.04805943885032726,0.935946472878191,0.7968391007001471,0.4934701657272995
0.9519950385286449,0.19699259697311514,0.3029274004683841,0.3644229550203446,0.295054945054945,0.16485543870148445,0.4734200743494424,0.47037735849056594,0.7713703177208536,0.8088383550692511,0.3647567097150296
0.9876393043633768,0.0727634520806397,0.6456731593077054,0.7402337139009656,0.6858254663132715,0.0374912464767848,0.8041138297734545,0.7997107356518309,0.5790649095892466,0.8255276911314804,0.24254100384922828
0,9
0.9037205022107271,0.8462045365035425,0.09126798260287733,0.18904252854873427,0.12060294203151362,0.4102382012373763,0.09970791290493913,0.0490373507893726,0.935786147655618,0.796884050768159,0.494016626556418
0.9756900804303132,0.11875055743845558,0.47751387633922815,0.5581721303553788,0.47249702761513795,0.0674478598880565,0.6915376284284167,0.6834645669291338,0.6522773498460436,0.8360031212896629,0.2704849020505977
0.9510378771075079,0.1951529853074448,0.30943533697632064,0.3682949144466737,0.2980056980056981,0.16190742443680012,0.4798017348203222,0.47561146051712083,0.7687096308454561,0.8084692520675699,0.3704370607020513
0.9875522201524976,0.07273049437251816,0.6545517963027555,0.7476242985552213,0.6857307389222284,0.03680975704491492,0.8020512009280496,0.7982604041215038,0.5796837394541033,0.8233085834589451,0.24529209574419458
1,0
0.9034529042187776,0.8425930672629398,0.09250341530054645,0.18858919431604043,0.12065230294396972,0.41349274707520167,0.0987840768277572,0.04840801886792423,0.9355789328580248,0.7966327869102202,0.495115830648213
0.9746176308746793,0.12151646931496662,0.4761573770491804,0.5595823979786761,0.4741766381766382,0.06685659548380503,0.6868847583643122,0.6775849056603772,0.6534308576118198,0.8340347799261592,0.27425326204856587
0.9523545428570748,0.20132189092011302,0.2913873256667482,0.3535398802427582,0.2863035251094953,0.16980051972689933,0.47919325306552746,0.47485215432272593,0.7764497424653533,0.8105655947231812,0.36308776389374975
0.9878617556107067,0.0710983802846733,0.6456981345392878,0.7395975601008957,0.6863542587680521,0.037589888768704394,0.8066529932059991,0.8036564736499673,0.5783998132242882,0.82604579240486,0.24292131717998103
1,1
0.9529257501711349,0.1926702836925765,0.30390730925674847,0.3665542751439404,0.2940256624467151,0.1609374603874558,0.47977751069122615,0.47666335650446867,0.770727598643719,0.810062692439236,0.36208885785766814
0.9755467426702159,0.11813061528743818,0.4739113729508197,0.5586361606504346,0.4737580128205129,0.06698882486014612,0.693613499070632,0.6865123820754717,0.6514785885566291,0.8365688397649291,0.2735517919115052
0.9030459127984636,0.843720302416477,0.09025207121452489,0.18801022801097916,0.12025549122323292,0.4161686942630721,0.09699404405004608,0.04749442077500532,0.9361479167493993,0.7964482950956928,0.4970830575492404
0.9872979802327395,0.0743971101289487,0.6511407808010816,0.744074831215423,0.6836040375559276,0.037182098983257555,0.7998313723987277,0.7964598327173701,0.5797217016584264,0.8240279803817805,0.24608901813869433
1,2
0.9751914994649535,0.1185786969355675,0.4761514441842311,0.5585128055101839,0.477829783385339,0.06718551577165043,0.6891780256092523,0.682764300688829,0.65284067224209,0.8341010583160213,0.27589372402248874
0.9034738767500827,0.846056503117097,0.09203867171080266,0.1888474874983826,0.12081233106874117,0.4112168680064867,0.09831283957677994,0.047547169811320955,0.9359873951790267,0.7966382055627621,0.4951837074214438
0.9876202759901187,0.07298955662940326,0.6515306422233975,0.7469226896515979,0.6901326471218945,0.03683302002912944,0.8032271388788955,0.7985257320619461,0.5783072127285018,0.8238837814737799,0.2447611503389326
0.9516358470971291,0.19464405658643863,0.2979859484777517,0.3609848144171587,0.2908017908017908,0.16621529653038283,0.47705788635156665,0.47862533692722364,0.7739437393751124,0.8094167781552353,0.3684511337664621
1,3
0.9521844765768052,0.19476456097105044,0.3040467728992319,0.36555865070234184,0.295798218875142,0.1631344669430906,0.4750045493539917,0.47301754848924654,0.772530710979626,0.8098149119380376,0.3661962363393903
0.9046144764561143,0.8502663272700668,0.09361702127659582,0.18974928208755504,0.12003697641995503,0.4035379106891685,0.10100450842363362,0.04853472501003564,0.9354963156654093,0.7975535376450841,0.49031785522821314
0.987703689985041,0.07156483144478101,0.6475881589810117,0.7440006290784968,0.6880136916108139,0.037171611438753416,0.8053408574255838,0.8007601465997014,0.5787162022536277,0.8241737976859789,0.245979645552801
0.9753266458670056,0.11789598322766295,0.4831109416698437,0.5620030219327168,0.4768546125135273,0.06659987580424276,0.6869110400276649,0.6786163522012577,0.6534325864498562,0.8330735325651306,0.275980940561867
1,4
0.9876770586209246,0.07284591316337516,0.6485152558193802,0.7454939449513169,0.6897222982632236,0.03695343376190427,0.8012409212980725,0.7967635802054657,0.5785785787612988,0.8234174894049301,0.24561066770433243
0.9034137981054919,0.8446999494953213,0.08996652647841374,0.18764482063913424,0.1190913023373758,0.4156530165830621,0.09900932287510472,0.047397016694655736,0.9362465545355549,0.7966886598982975,0.49672432282669465
0.951023188481131,0.19549562395679926,0.30840599930240675,0.36879013666146554,0.2982562486108586,0.16188503058406467,0.4760473516306784,0.4717248762210624,0.7711831050268202,0.8083079337030894,0.36999126275772465
0.9755456392095383,0.11681445633788376,0.47329288756938165,0.5555714567529734,0.4771743275680284,0.06743709918910587,0.6946111289992096,0.685960481354925,0.6511622412350302,0.8368921934135465,0.2713690108823446
1,5
0.9755694339046876,0.1197361567586451,0.47133709016393444,0.5554859824353712,0.47365785256410264,0.0674310070118525,0.6939039265799258,0.6865418632075471,0.6516434861638305,0.8374534091967208,0.2718981355545488
0.9036438505204317,0.8398502726203398,0.09289068292281116,0.1887774644637567,0.12083208063107553,0.4130063955210813,0.09992340886589057,0.04907556651180456,0.9351061318079963,0.7966755368716143,0.4948499383087237
0.9536918459969297,0.19695520943916306,0.3055786640567654,0.369917832806853,0.29801845473487265,0.15934917473529459,0.4780280752371969,0.4725992678118839,0.7687026500652282,0.8108225814522452,0.3635487766014754
0.9874900369079028,0.07338077629987894,0.6506073829461019,0.7430858015779941,0.6880136916108139,0.03724861124689702,0.801810596132759,0.7960363784444141,0.579184662118481,0.8241823105720618,0.24388270324799752
1,6
0.9875480365875521,0.07398671862631045,0.6457266203838748,0.7411054258046841,0.6848455353793433,0.037519312604017085,0.8012276918599266,0.797515611361042,0.580313947052924,0.8255836262045434,0.24403630290192724
0.9037191615388137,0.8450978427860442,0.09180327868852467,0.1887713579017828,0.11994160252866726,0.41098787253067437,0.09979840574081278,0.048437059983103326,0.9358812217125314,0.7969088332144151,0.4937706752463166
0.952292213389891,0.19275892363806796,0.30496589685293773,0.36733760650007624,0.2961091355251939,0.16233837303916485,0.4848180609448349,0.48244043520176283,0.7701800706265056,0.8091388905234945,0.36673797547499454
0.9752454566849921,0.12013825658322422,0.4738762559492332,0.5560613016859093,0.46908602150537637,0.0676166973470404,0.6879571891114042,0.6796561168594035,0.652799747177256,0.8361722136890617,0.2735872564760387
1,7
0.9748173510918193,0.12111645374185892,0.4707168113146898,0.5528697472443999,0.46672252946762754,0.06841708789370446,0.6894234273635105,0.6837735849056603,0.6547812723776442,0.8361218869032544,0.27530108802761455
0.903705096804281,0.8418184870372167,0.09221526049266177,0.1889499436523881,0.12085141928073878,0.41198055225518204,0.10068315848887682,0.049451743554282446,0.9350909946354978,0.7966760957684091,0.4930931954486397
0.9516762444168141,0.19563197188053827,0.30003697769012694,0.3600401925790654,0.29040550093181683,0.1674829891731474,0.4752774128630126,0.47067669172932325,0.7759737104353029,0.8092657760595819,0.3691416362846203
0.9872212477687268,0.07433883218376217,0.6481671220400727,0.7410993193427806,0.6841563786008231,0.03749508631063879,0.7987272821148285,0.7935796645702304,0.5804538252861003,0.824285344158003,0.245686122146404
1,8
0.9872698886938355,0.07495587539141971,0.6466277918362858,0.7401310737829454,0.6802328916422875,0.037540039073884604,0.8010528679424167,0.796479675826263,0.5808068011886126,0.8242398613823055,0.24492420649690402
0.9037896802803296,0.8477143582395494,0.09173636667781843,0.18902222987999628,0.12039944182801332,0.40955483169051843,0.0994234124876715,0.04859453215248377,0.9358578525788677,0.796877108972852,0.49391521354602874
0.9526123084499559,0.1957090690233308,0.2860158966716344,0.35206717399320386,0.28267719934386604,0.17050476281152174,0.48389095415117717,0.48096054888507717,0.7759237326071573,0.8122565214043422,0.36330274264251816
0.9751966180708347,0.11763326097033686,0.47651180191823683,0.556381672263449,0.4726507548084312,0.06731959195596497,0.6834441376544449,0.6751428795114695,0.653534420083194,0.8341714955768444,0.2744374398599442
1,9
0.987362252333813,0.07492136053334411,0.6539890710382513,0.7463704509903473,0.6860198930374368,0.03693872465981546,0.7972868975412508,0.7908771929824561,0.5801584130617904,0.8230939660929062,0.24728536804967222
0.9037369465451673,0.8390530777082272,0.09202074272331895,0.1887703497850079,0.12083551369265683,0.4129988526012223,0.10037174721189601,0.050115517905275464,0.9351436820111739,0.7966935339287509,0.4950441986309839
0.9512535077074432,0.198274878317954,0.30829244944358025,0.3667615145295219,0.29704493938070586,0.16446412603043362,0.47545654356497435,0.47139512463847943,0.7710179741155987,0.8075828588910341,0.37137868354978926
0.9757670068948863,0.11775738971322652,0.4686812825070775,0.5540268586327475,0.4732090756187142,0.0680776646998743,0.6953464415281946,0.6897022050466014,0.6520489013913697,0.8370845813122723,0.2708257617650511
2,0
0.9751758302138145,0.12066367167942926,0.47502859321387725,0.5572775508275898,0.474016652311226,0.06743872190843252,0.6920549840062247,0.6827117156647652,0.6515806860003902,0.8361248158267409,0.2737252866548875
0.9031956373546067,0.8462354605106657,0.09040525921611009,0.18761220031830173,0.11971596743170371,0.4161568438190305,0.0980318155228051,0.04694952590748014,0.9367125158043639,0.796612094004323,0.4960825274822164
0.9874108290214899,0.07429497419186692,0.6567787483546728,0.7504686261390696,0.6910599538336766,0.036508749503102206,0.8011423764686728,0.7967222145709958,0.5784619117078873,0.8232398812546136,0.2448164760849008
0.9523102813854889,0.20204064317477594,0.29766662677994493,0.36266768363956137,0.29103499906419616,0.16483572726818457,0.47659620655034873,0.47147775788458884,0.7729910533772252,0.8106420112260907,0.3665933011740952
2,1
0.9528447022120305,0.19870575697907927,0.27668337623628236,0.3428368210530025,0.27527018436109346,0.17746977564267657,0.48468462932809,0.4819897084048027,0.7809853769537831,0.8124176454496365,0.3616822893142187
0.9740168291262978,0.12084483926338749,0.47654130504660885,0.5562195082369882,0.47006312496508584,0.06774943552571737,0.6786354690575116,0.6711061783203847,0.6549938851207308,0.8333438257422199,0.27832332090333345
0.9038472610648851,0.845259803771159,0.09158357275646428,0.18879436113049258,0.12059799688665657,0.4107762084987554,0.09983520484421138,0.048823186150554365,0.9356394544585434,0.7968227683333791,0.4931677230326185
0.9873740010461854,0.07426977446422114,0.6473748338502437,0.7403370048055284,0.683674058674059,0.03758433001306209,0.8010524464985431,0.796251912289648,0.5808178600738632,0.8246953614556554,0.24496495651055544
2,2
0.9035631246547531,0.8419436162666831,0.09190213361891453,0.18879193086482754,0.12073186445045742,0.4127211104054038,0.09973660122172223,0.048715274485636006,0.9354051236898511,0.7966894037974416,0.495365176022321
0.9759872313996181,0.11713450561026154,0.4693357716674286,0.5528181963586507,0.47687313424365224,0.06822347882405196,0.6980257409025608,0.6910772006314365,0.652126823032043,0.8379656127632676,0.2695399507210948
0.987440245195332,0.07372446404832508,0.6520359598096246,0.7475154579538508,0.6908678736635725,0.036744531276036135,0.7983238064782615,0.7919523906133765,0.5786567008323018,0.8226079902755311,0.24716625094014522
0.9531688778806643,0.19847206158430108,0.30609070240516933,0.3697065525312274,0.2962547050138291,0.16042704123375337,0.48820991506797273,0.4843409998622779,0.7672687491201664,0.811088443990128,0.36152366877022735
2,3
0.9033188832623452,0.8409089382648128,0.09171744914599611,0.18836476492293203,0.12029951820527734,0.4147762926245254,0.09912610210397277,0.04878000592709669,0.935563369691087,0.7965951775311506,0.4969193434531386
0.9877005084511191,0.07236932612421709,0.6492034988124892,0.7435875193751684,0.6895291594938239,0.03721850504076045,0.8038934937669946,0.7998533235549036,0.5787881105628644,0.8245025000962904,0.2429200090281468
0.9520542592690984,0.19438856631817097,0.2924783027965285,0.35579454313729464,0.28561253561253563,0.16707909727189127,0.47733982068663894,0.477635960044395,0.7755048546911609,0.8107708804866064,0.36488038904711656
0.974653732165247,0.12061189687346355,0.480780761625311,0.5608999424535204,0.4743312603234783,0.06657763673641556,0.6827998206355865,0.6737390793627487,0.6542892565810188,0.8337106274547826,0.27773091503345426
2,4
0.9754617692020021,0.11997244882031899,0.47156541305046606,0.5543570625262508,0.47151555779006765,0.06795243590437092,0.6901669217873023,0.6835368109507953,0.6532091047334014,0.8355983024161456,0.27229135349103306
0.9039268244498418,0.8469075530562971,0.0921829163071613,0.18912961085294516,0.120047983205878,0.40884685915258157,0.10013695949911966,0.04824230387288986,0.9355284754767537,0.7970576528049188,0.49347993694191317
0.9876695717454663,0.07232012601411408,0.6417463570127504,0.7384124700689874,0.6850763691041468,0.03778223557610433,0.803916253614209,0.7999082809224318,0.5800262090799271,0.8253952665794291,0.24614690843720183
0.9516508366484338,0.19768507322000867,0.3029850746268657,0.3631214200046662,0.29504188459412345,0.16510698398271234,0.4698440881096376,0.4670233736975499,0.7722885367989785,0.8085279203631474,0.36757708062862626
2,5
0.9530734244377331,0.1971761244204242,0.2894298996819183,0.3553151065909561,0.2859846068801294,0.16847680215454858,0.4811074737834989,0.4789355111236271,0.7760252390080807,0.8123041086291194,0.36271658806625345
0.9749017757291367,0.1177656754953772,0.4739837398373984,0.5553503385861761,0.4720890371296876,0.06774084753210871,0.686462961283888,0.6797361558521244,0.6541496108436691,0.8345952781298904,0.27581241996233297
0.9044715155211551,0.8470727337133901,0.0929187088051377,0.18941565060935434,0.11996651687373322,0.4062716268898675,0.0996627447974554,0.04950398755106028,0.9352571397146254,0.79710573113225,0.4916163074578504
0.9875136227763857,0.07372406062945844,0.6474906283220502,0.7407750904888927,0.684538568497613,0.03758494499389904,0.801794029206897,0.7961362611887436,0.5812367567128516,0.8250682611674938,0.2448470598058547
2,6
0.9753518062625968,0.11723438270471562,0.47871496562665256,0.561970157037442,0.47628894403087957,0.06652710804655286,0.6867130351361075,0.6807668898356664,0.6532502117886899,0.832852357678392,0.2770383535070164
0.9033457763128345,0.8447106149365788,0.09182053494391718,0.18873726647984723,0.12085769980506805,0.41236192747629774,0.09876736450792406,0.047547169811320456,0.9358724056756608,0.7966564182638439,0.49574028047609386
0.951171833813312,0.196436432687271,0.30503682584937036,0.36413708324430516,0.292126016763698,0.16355084310302187,0.47422013900113136,0.47246376811594193,0.7729199746659317,0.809617917181695,0.36792067659013833
0.9874059360204485,0.07388343319207716,0.6503070249563404,0.7435349992820566,0.682634789163999,0.03719693386661664,0.8009938808620448,0.7970433767749465,0.5793499627027219,0.8242380575988821,0.24294355457311298
2,7
0.9873255427693829,0.07351420672194378,0.6425083113607706,0.7367859575176519,0.6766680612834461,0.03785776908286355,0.7985806015545791,0.7951708668689801,0.581588010881201,0.8249520915005618,0.2465316401036702
0.9037569142955226,0.8382381903875253,0.0932492643968057,0.18894015245754509,0.12078311052670032,0.4124718032554958,0.10164903250405144,0.05015965166908598,0.9347884641688526,0.7967369951508864,0.4944536151570034
0.9513305661444703,0.19262280387192648,0.30290774201268406,0.36524050599506874,0.2956724270592884,0.16482071778517457,0.4784413751933356,0.4740669329293485,0.772679179558452,0.8085740750814534,0.369467417902507
0.9747454117498198,0.1198440643490839,0.46964250444400557,0.5502140492057692,0.4702914220986511,0.06896185949478922,0.6879712157178902,0.680063650829734,0.6540167646375429,0.836138095552482,0.2744898792881093
2,8
0.9033110520778794,0.8449481025080713,0.0913997477931906,0.1883223241399572,0.12035941266710481,0.41421233818802017,0.09707368220379398,0.04673439767779408,0.936179413528616,0.7966062018895086,0.49507745934965086
0.9757932140055855,0.11621629901504404,0.4820459016393443,0.5639816210036271,0.47906552706552713,0.06549003780525184,0.6923420074349442,0.6833056603773584,0.6497999589659438,0.8351802520697893,0.27372491227814083
0.9517138081139997,0.19557762074431714,0.3072962364350035,0.3670744632658412,0.2983026363308054,0.162558895315286,0.4809414105450547,0.47640180706882795,0.768944658926066,0.8082876032804832,0.36496638248026353
0.9875319252323445,0.07351045430247982,0.6490046838407494,0.7453572289093516,0.685795685795686,0.03698861645915137,0.8044742432288898,0.8011185983827493,0.5784463113312639,0.8243059668047418,0.24595991891849595
2,9
0.9530371507807333,0.19245481046263269,0.30880130217416585,0.37046416556120654,0.29958982441251947,0.15885243994965095,0.47952753829523576,0.4775859761809179,0.7708415183183628,0.809518479125965,0.3663502390936331
0.9876836692566938,0.07266910502213425,0.6513700234192039,0.7456602388298534,0.6892246642246642,0.03685619772584625,0.8039431757833246,0.7993261455525607,0.5776954247025048,0.8239019115693772,0.2458658968079668
0.9038717427646923,0.8445114652733499,0.0919413287316651,0.1890703003240763,0.12037786774628895,0.4098354826219528,0.10039131285462732,0.04969215491559059,0.9355584411377258,0.7969149272942797,0.4931498781503809
0.9756534855076265,0.11775000656572004,0.4731813524590165,0.5568346192460623,0.4741586538461539,0.06720475223830075,0.6947316449814127,0.6866892688679245,0.6512317430498584,0.8371038545491094,0.27162724299189167
3,0
0.9760679532483671,0.11577692650622415,0.47397540983606556,0.5572271174771959,0.47733039529914534,0.06716718446663941,0.6959078763940519,0.6895784198113207,0.6519572524492224,0.8369311231906713,0.2701126249413438
0.9039254408672031,0.8477879463948476,0.09252804141501292,0.1893713178459877,0.12064777327935244,0.4080646050346055,0.09896302093523768,0.048957298907646774,0.9355163272358189,0.7968799941831011,0.49353579717032103
0.9875268513065192,0.0732933717250821,0.6519510505656892,0.7468598172754828,0.690883190883191,0.036871543453014036,0.7998848107230745,0.796120116927983,0.578519176197936,0.8233982894954864,0.24680824301944684
0.9534022481488688,0.19473767574500264,0.29713114754098363,0.3640368543467594,0.2919180492709904,0.16254098323706717,0.48267001968073475,0.4817147613762486,0.7709341584397428,0.8115918429850466,0.3619608022586001
3,1
0.9034492385801066,0.840354892540599,0.09229849726775952,0.1884387706782722,0.12051875593542255,0.41445450863815947,0.09919067534076825,0.04844732704402477,0.9355679797565339,0.7965243971443965,0.49629488456926296
0.9748217636847334,0.12042336696046235,0.47560975609756095,0.5547761537591944,0.4707340235795521,0.06791783899498338,0.6855562607670685,0.6796134376438104,0.6539834312479379,0.834820638658672,0.2742568284354693
0.9874399125519152,0.07398165238426024,0.6476025289542886,0.7416862588799319,0.6847816574779034,0.03749754584946044,0.8008424578453887,0.79593019511881,0.580350428056654,0.8247050434787445,0.24649954472573948
0.9511169440366048,0.19848237869775165,0.30890103217972076,0.3686340349489039,0.2981534240793501,0.16033892275845885,0.4722841800908715,0.46652690426275323,0.7706697670177384,0.8084322059571007,0.36947347939255604
3,2
0.9876434265269007,0.07255354626483462,0.6504989308624378,0.7464653672317392,0.6873735496923904,0.03686155510933617,0.8049000592640481,0.8008203445447086,0.57840311353351,0.8241965457976729,0.24526311889709335
0.9036927357672778,0.847299439635887,0.09218606973454263,0.18890411398294915,0.12039567877131324,0.4096609300952938,0.09939048553582558,0.047294320467388684,0.9360746132487963,0.7968059365403384,0.4939086035383705
0.9756268012568283,0.11723881542674924,0.4808357441337191,0.5633568539180329,0.4783308195072902,0.06561450062808401,0.6922370435162912,0.6820865704772474,0.6506945617803975,0.8352590064191117,0.27464897382146536
0.9523103737887977,0.1937149353127271,0.3048942741743883,0.3677511899739537,0.29679177505264465,0.16127815958169886,0.4798502235870912,0.4799015586546349,0.7696900293185397,0.80912256118521,0.36584530390270287
3,3
0.9754146341106635,0.11686911302625522,0.4725425908068145,0.5562504269769,0.47379476006926996,0.06756857335761526,0.6902689700415482,0.6836403995560487,0.6524537964549812,0.8352727029979121,0.2733184261385656
0.9032448634748339,0.8438994986239243,0.09101364689726188,0.18824263149505738,0.12046359690338732,0.41461139282422393,0.09844488993557676,0.047080904870098195,0.9359876747438618,0.7966103992535842,0.4967064372262756
0.9519861642539358,0.19561862759381127,0.30166327629532125,0.36322239856424654,0.29307297190508863,0.16561221164079565,0.4786855886902016,0.4779782399118578,0.7730663074439401,0.8088949309430649,0.36894188487760043
0.9875342999004304,0.07385930776967892,0.6506811359963056,0.7440906946312831,0.686760162112275,0.0371511343014663,0.8015472014241585,0.7956152006377889,0.5795753697399846,0.8238600569870802,0.24487705511171187
3,4
0.9518709673275245,0.19426062918589732,0.2966234401761684,0.35748101206071337,0.2897903644172301,0.16860004285306887,0.47813904455418077,0.4756688256829062,0.776858934706854,0.8100616038200632,0.3688455660702409
0.987454318076119,0.07352968725940534,0.6476766534765404,0.7428013819933166,0.681619019550054,0.0372766653865261,0.7994359697474682,0.7932335718932985,0.5805217339012088,0.8237687225184142,0.24508480606075567
0.9749440904522789,0.12227761200437856,0.4689990670398508,0.5517367812112159,0.46991175039955535,0.06828085580590143,0.6880496871883217,0.6810860561435802,0.6539890609205662,0.8362333445221936,0.2721931031888287
0.9037078244173135,0.8427917277535104,0.09290172255970724,0.18886652731011755,0.12075722735621214,0.4117154787844022,0.10116430471949123,0.049554640360119084,0.9353281370745868,0.7967691959170324,0.4940657850757114
3,5
0.9876018747736796,0.07313388887048267,0.6555183131208484,0.7470883337292376,0.6927525180313285,0.036798871729929225,0.8048534431530796,0.7983166163989619,0.577748671732112,0.8237383274673228,0.24278808879709327
0.9036014087689264,0.838673426588578,0.0916855821773856,0.1883494154462047,0.1203301921250639,0.4148033236134798,0.10004765989896103,0.049230769230769356,0.935149090411711,0.7966687665108247,0.49552398678583853
0.9525982083657423,0.19033695216645266,0.30868409392999563,0.3679620944633919,0.29820204820204826,0.16217812721784824,0.48811916005224554,0.4830188679245282,0.76938027481729,0.8099665922795289,0.3638794845596824
0.9763882547473864,0.11520334916527397,0.48090003214400523,0.5653753523781666,0.48396178984414284,0.06511558950748993,0.7016546395509877,0.6938808731039586,0.6465012430905908,0.8373678786045333,0.26900064567755555
3,6
0.9033366864340512,0.8436852092388245,0.0920567855332094,0.188466212325698,0.12037771316121837,0.4138858721700045,0.09795730655731416,0.04802567593853335,0.9358417164081266,0.7965814675224959,0.49476625090246945
0.975562927406682,0.11690979548992134,0.4756541305046609,0.5593978013272297,0.47637562147366075,0.06686861522988682,0.6926160798892048,0.684424713281539,0.6509242720477625,0.8359433993477761,0.27335100837414006
0.9874377148636261,0.07422906884208874,0.6498501674598975,0.7434620750554614,0.6872223753944184,0.03728919717583086,0.8040665680670478,0.8011090823020219,0.5795825409641993,0.8248022519017113,0.24258668391283889
0.9524210489410733,0.19494293581763014,0.30310178087038564,0.36761259390301415,0.29574289286519506,0.160546070142966,0.4863202374903051,0.4822315732319804,0.76942549366334,0.8109473706559467,0.3623234189013255
3,7
0.9863345668424548,0.07708041053341419,0.649735505158959,0.7407850137557064,0.6748404831471922,0.037545689643071506,0.7867976293692175,0.781662547471216,0.5845342568836944,0.8218896391939571,0.24870828374720205
0.9032786630033827,0.8454568336259793,0.09019844693701468,0.1879354352197793,0.11947818263607729,0.41535582916113206,0.09829778908237136,0.04760675273088344,0.9364857568624088,0.7967700700162655,0.4954424959562742
0.9514208233379957,0.19587036404742297,0.301036644165863,0.36359708583094336,0.2936358304005363,0.16587242079829784,0.46555871419199646,0.4596836847946725,0.7746841735257934,0.8086158555067954,0.3699965157529496
0.9755957211911385,0.12122863123487548,0.4450963474259419,0.5366765586006511,0.45697755785475086,0.07135136297881726,0.6988032348529316,0.6957298907646474,0.655059022453551,0.8405612350293625,0.2706891553425785
3,8
0.9875320498124058,0.07347121121516581,0.641241296123691,0.7347884770569524,0.6762332180392383,0.03818234754792124,0.8025636881301986,0.7982583454281569,0.5812052347930405,0.8258741786656181,0.24464631408454013
0.9042311645237661,0.8488506697218587,0.09242538881883167,0.1892996601641716,0.11974578128424279,0.4064258448543726,0.10020017157563638,0.04835994194484733,0.9356123018002405,0.7973203405966408,0.49194215482068104
0.9729133733943532,0.12391508985295313,0.477888214792823,0.5516079084168407,0.46996208807232437,0.0693799081860961,0.6663641951819219,0.6579557272322091,0.6603876345319393,0.8304097072662114,0.2853690287469736
0.9522671648267219,0.20873784796627226,0.2721311475409836,0.3414297377809098,0.27209174267997793,0.1787558182565966,0.47917903220767866,0.47610591406373864,0.7812501077575084,0.8130893751531681,0.36405983694519206
3,9
0.903902611697666,0.8435430766383547,0.0915144822899856,0.18899257159826488,0.12041096497055037,0.4103715487023869,0.10000577845407066,0.04923257405415954,0.9353966058668101,0.7968859610067647,0.4936737538277223
0.9874355122368894,0.07356712745637736,0.6396147811502462,0.7345763298772382,0.6774044925860109,0.03801951028861955,0.8002870919062167,0.7968615729497479,0.5806554547535198,0.8257300731161509,0.24674913284911165
0.973207530537498,0.12487184091324105,0.4709168184578021,0.548510994803175,0.46400056276599494,0.06987753764231629,0.6727553658573898,0.6634055439086884,0.6597896624568784,0.8325260308090777,0.28346400094866664
0.9524946941226063,0.20021660459331445,0.28650102459016397,0.35044997801079625,0.2829638532763534,0.1722426951887708,0.47252555762081794,0.4694280660377358,0.7783515689115742,0.8107778025959331,0.36332874962542755
4,0
0.9750968980942621,0.11780371662383066,0.475487900078064,0.5569269416873002,0.47331886220775116,0.06735302214956347,0.6898271080427215,0.681132075471698,0.6538256117657041,0.8355464419743991,0.275400506712181
0.9034276816616992,0.841810703658491,0.09218291630716152,0.18878684952516855,0.12039286249812575,0.4131244185358664,0.09911954607708845,0.048639523336643675,0.9355184869230962,0.7965008985706375,0.4952121097939508
0.9875592100630413,0.07278225639559496,0.6457302793168447,0.7414591743983066,0.6865302718961256,0.037462409247280656,0.8001243474994496,0.7964499375451976,0.5798643231024625,0.8242732173208098,0.2455308102854436
0.9521098424264786,0.19663362639439347,0.2991025487615173,0.36177314619099854,0.29120136419406495,0.16384081296580671,0.4824030608091607,0.4777303401735298,0.7727555568201925,0.8102212084106252,0.36489009105499864
4,1
0.9746816809780275,0.11982323603669232,0.4771368818727653,0.5566576319704019,0.4703551287913429,0.0676823753353844,0.6862637110468585,0.6780650671635996,0.6536748701010336,0.8339001627317914,0.27685746131583827
0.9034612455967895,0.8401555445859668,0.09104665825977326,0.18809127695741307,0.12062239754547432,0.4157531707419314,0.09857973501096212,0.04865021770682132,0.9356614900623955,0.7965129732253904,0.4959199886863649
0.9874457445515579,0.07440069611031078,0.6427806884119203,0.7388076363812353,0.6832711643708209,0.037777644936810434,0.8025779583285427,0.7974972443752837,0.5806902675956458,0.8254655092563519,0.24452185610894872
0.9514145277031361,0.1981599080927125,0.3020701208567668,0.36218342818012794,0.2934057021648263,0.16627029822817244,0.4723903074376577,0.46872331634761044,0.772898202588443,0.8085036251587777,0.36703539827251613
4,2
0.9751041064819815,0.12200504811500915,0.4683389294884456,0.5511137597783415,0.46902138468403537,0.06873704073471781,0.6930622116719667,0.6860953246950063,0.6534424526172005,0.8370634779341906,0.27002404507100436
0.9033343382680211,0.8425592945742253,0.09186918197545096,0.188323040652553,0.11975833583873768,0.4140447178161165,0.10001681268797502,0.047786100312885216,0.9357324682501579,0.7967856007944293,0.4964366015366528
0.9513162841312066,0.1947368324686765,0.3057988744800587,0.3655504427530035,0.29595611685163925,0.16272823834236397,0.4783332408589025,0.47321881160236545,0.7728114148175848,0.8088348003038118,0.3688570762605613
0.9873373438024634,0.07393184257408067,0.6435349803740475,0.7382715923110411,0.6821556117330767,0.03777435610906675,0.8001989632965077,0.7952032952431571,0.5802147208239196,0.8249658622176618,0.24590420027681303
4,3
0.903724397967225,0.8462267011198294,0.09233822260569435,0.1892527115312489,0.12102264207527358,0.4094769242765643,0.09980434357268636,0.048778550148957156,0.9357727900999961,0.7968260933945017,0.49390405981535623
0.9760666703048483,0.11890087560211005,0.4757160170951075,0.558832121048247,0.4748301129624088,0.06663344609839382,0.6978432875761214,0.6881726745466559,0.6503036041315091,0.8372518509531556,0.2689681775846773
0.9876374340896424,0.07216113980295058,0.6490519806312349,0.7446196733403282,0.6879784246332291,0.03706901849246606,0.8036354496024554,0.7988585241388575,0.5792138035067345,0.8239749772271988,0.244956287075784
0.9521627780492763,0.1997390904818446,0.3085741243071117,0.37049770468860044,0.29951423476603334,0.15900313365328989,0.4758364312267658,0.471861001764626,0.7686553670481776,0.8090886735339216,0.36611255857058755
4,4
0.9037971962237361,0.8478000763714406,0.09176930264163757,0.1889806304980251,0.12010096984190233,0.40947022618033535,0.1001020860219195,0.0489001857464072,0.935805351861737,0.7970826996123184,0.4937450954470435
0.9755158231907468,0.11837737374079513,0.47626459143968874,0.5599758566655052,0.4754287361291253,0.06643257215260939,0.6895983105029436,0.6822112913882975,0.6511983302171952,0.8358537994878652,0.2734283721955096
0.9876101745299694,0.07368996236620148,0.6490046838407498,0.7443078881359837,0.686894586894587,0.03717673042957857,0.8037307488050982,0.7986118598382747,0.5794393721789103,0.8243717668275834,0.24522323368813476
0.9528021286439424,0.19201570132117696,0.30446332415938737,0.3692569173524939,0.2964210701436979,0.16074895269234699,0.4852793531055816,0.4854978653078088,0.7695581949806684,0.8108201535418368,0.3631392601819356
4,5
0.9749260674298825,0.11842275747047926,0.4856804266245309,0.5634468853215753,0.47693909541299107,0.0659013903781058,0.6811633149699169,0.672849890126544,0.6523953837508445,0.8327147668399245,0.27685896802995097
0.9033698394221021,0.8453308749123885,0.09135843150177136,0.18788348872203853,0.11980128563043163,0.4152219280729793,0.09855971306345862,0.0476343984071298,0.9360167682895421,0.7966634303415246,0.4958195292698503
0.9875181267509633,0.07368615734143377,0.649203336209376,0.7440045322371046,0.6884790323386814,0.03712465873993254,0.8037957346898845,0.7978020523005626,0.5785159708874172,0.8242535772355369,0.24471944945263616
0.9527643219497449,0.19520438737253237,0.2927575238561292,0.35645963322919405,0.2887273036526768,0.16740709576669627,0.4849913998779337,0.4825401295409743,0.7715206793280238,0.8122074545874165,0.3614943394609242
4,6
0.9526480760035697,0.19267580473909568,0.30473460965264243,0.36621608814368867,0.29372621680313993,0.16361819696600527,0.48386929056074035,0.4805647183005673,0.7724399625815326,0.8094114112547199,0.3669498620197703
0.9871912112393297,0.07483399867431231,0.6554427364002494,0.7465449797204777,0.6828241603328109,0.036878019108039395,0.7988320191404792,0.7948553894365737,0.5802084501762779,0.8234925937928324,0.24540941361203406
0.903872987738587,0.84537007539165,0.0930877133682611,0.18927874120921256,0.1208476517754869,0.40906198944739447,0.10037174721189596,0.04888154055631205,0.9353814052261342,0.7968365371569351,0.49321305918366476
0.9757005556379998,0.11681355205612809,0.4665941092442691,0.5534395490229249,0.47383291366693864,0.06795437846885542,0.6993783646207715,0.6932748766930243,0.650931481635984,0.8376212661131343,0.2727223452764354
4,7
0.9875341988351253,0.0728627908490701,0.6502084880333581,0.7456819209185264,0.6901833487199343,0.036948011815431725,0.8018859370749842,0.7983301558082965,0.5784429648036459,0.8243145695476024,0.243740381778784
0.9035193652098648,0.8369691923211275,0.09173314631366691,0.1881704650919146,0.12035894388835583,0.4159106344823892,0.09882114386815871,0.04873373019876903,0.9352300979331589,0.7965294157354561,0.49552156756740584
0.9518419331861814,0.19375367203762986,0.30459704230196033,0.36548772067968327,0.29553921861614174,0.16396250627884426,0.47302882990615336,0.4682148040638606,0.772938540737066,0.8085995523945334,0.36915487524557883
0.9755946022837042,0.11990710654545411,0.4690098360655738,0.5536401993751939,0.4713732193732194,0.06807632573822411,0.6921933085501858,0.685977358490566,0.6527191218711551,0.8370248784199057,0.26989378907627254
4,8
0.9741968839584525,0.11983800630057337,0.4791890877236892,0.5576073238577514,0.47422848567886744,0.0676290970963976,0.6791906694287579,0.6718853521532477,0.6546707956535243,0.8326503321510325,0.27981595592871894
0.9037910589572364,0.8437167010563116,0.09150063051702373,0.18863873803527975,0.12065161808751557,0.4115861438381107,0.09861786293013025,0.048514755684566924,0.9357609187420457,0.7967607935908523,0.49438356765473135
0.9877555930589155,0.07217107008169454,0.6528440581062946,0.7442707126848397,0.6851801157850981,0.037164831552640595,0.8035031552209977,0.7994628348888738,0.5793242376938,0.8242493858256362,0.2462880092016551
0.9526264471004959,0.19869016953244695,0.28168763502351,0.3495041140747322,0.27933479096269803,0.1730202142852051,0.4789199158525691,0.47526692994003217,0.7776657823668088,0.8120843727478755,0.36441882236709244
4,9
0.9747970500690916,0.11891130565169658,0.4741034836065574,0.5576570494241436,0.474425747863248,0.06740890538788694,0.6825627323420074,0.6769162735849057,0.65532112356381,0.8333455282150037,0.27821385241114266
0.9043132889864752,0.8505412197295172,0.09224496729805515,0.18978069145700566,0.12021906322424464,0.40484568723129066,0.1003910087254658,0.04866555870564099,0.9356076229799256,0.7972844280643917,0.4908580122442424
0.9528077995298048,0.19884308791481875,0.2910287853362592,0.3535345430359398,0.28617897121834135,0.17016225122671966,0.4769780171530603,0.4774030604664983,0.7776777954048342,0.811191421961116,0.36581236354486496
0.9874435992498319,0.07397941004135594,0.6482339023153625,0.7408445110415683,0.6846516090502345,0.03750271680260332,0.7985922150257412,0.7936977241781755,0.5801332760830684,0.8243481281469343,0.24523806001381926
5,0
0.9876162907478152,0.07375250721009224,0.6453972257250947,0.7403276141654547,0.6825852210467598,0.03758191971510659,0.801284217641095,0.7967805779126533,0.5798017380649734,0.8246629242473399,0.24397555642532642
0.9037116926092993,0.841913546752094,0.09319583994359265,0.18901672288563093,0.12065373893330894,0.41125365445274664,0.09923252188511805,0.049178332318928764,0.9353520545708878,0.7965840175232264,0.4943561884675348
0.9758047585893105,0.1170940378152073,0.47750207310072085,0.5582658771940819,0.47321161328943434,0.06718507915089462,0.6900756512808645,0.6818588943543058,0.6530035493662095,0.8337847371113852,0.272675091189776
0.9522853731930544,0.19229709307845075,0.30429579992820394,0.36477555084559476,0.29402957140183417,0.1640676332898027,0.4798795213415461,0.4761878529128219,0.7728248205134375,0.8090748824986889,0.3680927870920731
5,1
0.9738317018487054,0.12095922739237164,0.4764166774235188,0.5545278443992968,0.47174551898961353,0.06796990463808252,0.6767701899716067,0.6675828257316893,0.6557305112455958,0.8335052674581036,0.2793128859082393
0.9037038168526851,0.8425484411013393,0.09142622950819657,0.1883692048728191,0.12035612535612533,0.4133593031572493,0.10063197026022341,0.04916981132075454,0.935656032006568,0.7968013624690137,0.4948051125013903
0.9530687184258598,0.19248353528943568,0.2847121616469691,0.35288103441463725,0.28227213498531334,0.16914424529295702,0.4827526584248293,0.4853298230217931,0.7773472912750166,0.8120508165996152,0.3648382935700572
0.987299809206552,0.07394336589086525,0.6493888663615828,0.7429064851663291,0.6824519545367602,0.03716971853843769,0.8000183903214366,0.79533302220148,0.5796881774063303,0.823950045737236,0.24707039817623877
5,2
0.9874219006165805,0.07430423596543057,0.652002056320329,0.74313256741665,0.6862523203986619,0.03727923943765264,0.7998134787508259,0.7936098875813554,0.580252323714399,0.8241101603733479,0.244486416389884
0.9042420695664861,0.8440816219939264,0.09267649724029975,0.18936916265414716,0.12056006528368357,0.40803652984448147,0.10050251256281417,0.04945482127619233,0.9351893855819956,0.796989181835688,0.49200452274813633
0.9753235123966202,0.11946754718776928,0.4647900202468813,0.5510607625828868,0.4693363298940989,0.06836641377679227,0.6943527007212784,0.6878298128241749,0.6530603069870723,0.8380121877168855,0.2707028401455626
0.9515069157793267,0.19147985265327716,0.30214766806455706,0.3633014430680085,0.2938006581417435,0.1659738080019136,0.4719748710411804,0.46850958022524497,0.7744379288297683,0.8086076793696151,0.36810365782951715
5,3
0.9037119537884326,0.8441242293195674,0.09102348249889192,0.18863860856084053,0.12053592053592066,0.4123091442315924,0.09836230282326963,0.04834268230494643,0.9355928866905505,0.796817045386819,0.4942464013960862
0.9753174177350167,0.12110448287261572,0.46798688524590165,0.5522913514511856,0.4663361823361824,0.06826770205374469,0.6945576208178439,0.6899169811320754,0.6524897414854349,0.8375274381532392,0.27102682683512047
0.9509888006613575,0.1951833447294778,0.30431770953590387,0.36421687768344485,0.2964969302997472,0.165263600608453,0.47039111995392424,0.46771193196917354,0.7742917290365112,0.8078645329000503,0.37262590364131004
0.9874584320224867,0.07418144826128684,0.6506274731486716,0.7434274280662715,0.6850967678553888,0.03722121709657071,0.8001922830406358,0.7956408588158752,0.5799398285059376,0.8239991042297363,0.24464115931512698
5,4
0.9874857581048729,0.07359459180581981,0.6447972389991372,0.7408101557323244,0.6841705403108911,0.03746923505760408,0.8040044348790192,0.7996557431314134,0.5792697017471888,0.825510786197795,0.24238346243996658
0.9036796620918086,0.8449303197890574,0.0925677397434807,0.18865849330967038,0.11964335798532716,0.41141481959520154,0.1001791320761985,0.04807899110372449,0.9357888744549192,0.7968193215977183,0.4946776571432514
0.9531026432082297,0.19572151829411805,0.28797415340433163,0.3553106337836021,0.28321583796036354,0.16655137643485063,0.4880471060700622,0.48673736399944906,0.7746384060814296,0.8136858013685606,0.3610524781621799
0.9750780711543461,0.11900570465597371,0.479247983346344,0.5617986987567124,0.477829783385339,0.06624225973554174,0.6872602820558211,0.679844264749925,0.6529218854824127,0.834394027062946,0.27648195332757575
5,5
0.9751818549835356,0.11729972872594324,0.4778072960539105,0.5595152938389054,0.47612130220825877,0.06691965747900636,0.6909355393273284,0.6835558207174285,0.6522325041642293,0.8347969572513854,0.2760515291638404
0.9038290848220272,0.8426539044302178,0.0921563682219419,0.18889079167176887,0.12062239754547444,0.411215034071885,0.10069583452483105,0.049288824383163954,0.93536504529529,0.7968544670815878,0.4945165244467913
0.9516357623702585,0.20205289125464315,0.3044297174747122,0.36693628032153747,0.29441716675759233,0.16288496391580376,0.4791584275883889,0.472019269369731,0.7686857751508244,0.8090498696495999,0.3681551228339858
0.9873821260441384,0.07346970284626345,0.6510791366906477,0.746171944430388,0.6908831908831908,0.03694052012910974,0.7997780214490117,0.79471969594136,0.5791769128808584,0.8228392213472191,0.24770584219713904
5,6
0.9038512636991023,0.8462940221073498,0.09234157083435302,0.18884994383636272,0.11964394551459229,0.40992378965497434,0.09989088017163233,0.04862480052567364,0.9358460059162566,0.7970090158357852,0.4931245200411256
0.9875183469287222,0.07263173838138523,0.6496214605067065,0.7453673189567184,0.6843512043512046,0.03705546318400102,0.8038256167624199,0.8000548885077188,0.5791908829783283,0.8243980110594735,0.24657861663934122
0.9757608284719208,0.11818113530210383,0.48258680779656643,0.5642605188668232,0.4799223814971847,0.06574078059518139,0.6908790211632467,0.680834942801961,0.649924555491296,0.8334449621689147,0.2743994059736603
0.9514362549380804,0.19595601545323538,0.30506162498504247,0.3674444810194293,0.29737766964044343,0.16090631919744572,0.4830271619678181,0.4805398705412477,0.7685548074244715,0.8098133953626127,0.3642511196105464
5,7
0.9751874506411548,0.1192735234784641,0.4759673458551802,0.5577296479215486,0.47383415804468443,0.0670152797088098,0.6888611290880905,0.6816897104881217,0.6526271765079206,0.8365766020684572,0.27308371163370493
0.9032016344321938,0.8426575483504861,0.09035375323554817,0.18809973194965146,0.12057279952016797,0.415522874059574,0.09798473879866959,0.04772591857000985,0.93609539338704,0.7965267522797543,0.49597870887228546
0.9530580849612976,0.1975676582674728,0.30106497546966615,0.3631679554442159,0.29363445421839574,0.16530502998540442,0.4783871055273655,0.47500344305192116,0.7727499408450645,0.8102837166537196,0.3611289938507535
0.9877785264864893,0.071604327460189,0.645834498964919,0.7405678603389576,0.6887877638730884,0.03746707602304501,0.8021365948970399,0.7981840427587095,0.5790061425044238,0.8250214871594203,0.2452933976556932
5,8
0.9877156169209774,0.07280487394081542,0.6471811275489803,0.7419858863038707,0.6873343458709313,0.03738902561849629,0.8040231597217725,0.7991585037144171,0.5786547477263291,0.8255188501075159,0.2443504265285848
0.9032867141127943,0.8436660563030796,0.09097086553979433,0.1883526458877412,0.1206028667168565,0.4144406691545462,0.0972513820135984,0.04753152800860316,0.9359262747666084,0.7965470520297642,0.4960571583866893
0.9750633080016439,0.1197140817414463,0.47720060570149453,0.5566539641949492,0.47318619206169416,0.06764049146417075,0.6891207954494559,0.6815033719784799,0.6535520415679975,0.8350289623084914,0.2753268451276539
0.9523455106116646,0.1999891158880061,0.3028035162746495,0.3645579384266441,0.29381890251455467,0.16457640125987888,0.4769408975809494,0.472409078479628,0.7721762323598177,0.809750443862785,0.36589679204353315
5,9
0.9033492862957986,0.8476671739718343,0.09234689543871566,0.1888894164148936,0.1205881050440637,0.4113119152984474,0.09946645607411836,0.04766839378238352,0.935705158597701,0.7968128919639028,0.49545191411985645
0.975433957931614,0.1182995425245125,0.4708430913348946,0.555191503188984,0.4741554741554742,0.06797905506332502,0.6920693928128872,0.6844414495357891,0.6525176511584001,0.8365406402280655,0.2733768991635747
0.9528524367042974,0.19691679316889987,0.30185792349726775,0.36149796249043736,0.29380605676901983,0.16423032821316258,0.48057276607462474,0.4765618448637316,0.7724505691575884,0.8101803138193561,0.36178920891820837
0.9875256879289865,0.07325559993559827,0.6509167761466841,0.7460512511487447,0.6884957860567618,0.0370296282952321,0.8017564084297242,0.7984484912234566,0.5796657654424617,0.8232573123062383,0.24482559349213445
6,0
0.9520097689410277,0.19862961272600518,0.3019045323047252,0.36264235618840934,0.2919599463717112,0.16553067469452273,0.47764049857861357,0.4731687014428412,0.7727648507084434,0.8094796183034461,0.36583894130217365
0.9875555063507089,0.07280870394106936,0.6461030604822917,0.7413085558261934,0.6860165494977783,0.03745940407819663,0.802339596787495,0.7992401313671195,0.5791041760907305,0.8248905522420032,0.24400939806432836
0.9042093303878175,0.8445409413737854,0.09286202185792364,0.18950959090094616,0.12103810541310561,0.4075176254214774,0.10108813506815356,0.049724842767295774,0.9351333286315165,0.797085285325741,0.4921657564547385
0.9751529131724446,0.11951654464868397,0.4724924723987956,0.5552490758287747,0.4706785278213851,0.0676230234609426,0.6910856535922919,0.6825105891413168,0.6527432105382182,0.8366016345124767,0.27154279801927306
6,1
0.9750594629624055,0.12083127842396463,0.4720262295081967,0.554309821626858,0.46948148148148156,0.06780254419127416,0.6865278810408922,0.6800905660377359,0.6532462043496122,0.8360524676313288,0.27395543457578586
0.9038601765921102,0.8421639052434178,0.0913446020555509,0.18827415704063327,0.11918574612875132,0.4129437590628574,0.09937014850626935,0.049213021800762535,0.9356772533119615,0.7969567056500001,0.49409912867263056
0.987529021597104,0.07326699143305421,0.6482288203599679,0.7416663406019429,0.6857031857031859,0.03743821188518229,0.8026490238386148,0.8011347143422615,0.5796596970940444,0.8255548340360408,0.24565875973513746
0.9526049288102156,0.19044633124537827,0.30341031470623436,0.36761877884837746,0.2961923180901283,0.1608417131618809,0.48061216183214395,0.47872193912684197,0.7714170827480263,0.8103065698430321,0.36596442621840597
6,2
0.9521082102249332,0.19586941594728785,0.2938830437974064,0.35595914731080736,0.28681379427648085,0.16837262420908633,0.4845475226099984,0.484990143621515,0.7738120027682703,0.8108210065549917,0.3644745619924885
0.9036511653053346,0.844078258050697,0.09132761403210715,0.1886700960460968,0.120927623518297,0.41216023052680106,0.0993123639655602,0.048509140678463125,0.9357237621215271,0.796765670445945,0.4942811044538867
0.9875414640559707,0.07282023136688537,0.6494412615576607,0.7430664041659706,0.68640266564142,0.037139735536477175,0.8010959467977001,0.7973232356205521,0.579208333747462,0.823960145726257,0.24630889006481843
0.9760202125212444,0.11791931349625198,0.47884590163934426,0.5622557056064194,0.4783475783475784,0.06577311740063348,0.6916133828996283,0.6824150943396226,0.6504236766516229,0.8350552156783478,0.27312152466231177
6,3
0.951118416693237,0.1980152857797035,0.30435104153827186,0.36429659486993393,0.297238823554613,0.16480959858520317,0.4709170696257372,0.46823662930912185,0.7720488644672847,0.807814961356433,0.3691040078411483
0.9874839836383537,0.07351300294312887,0.6449947680502266,0.7399572890615107,0.6886403588531249,0.037690846955035884,0.8016425426454692,0.794741067844239,0.5801100862297285,0.8255160314289585,0.24540178564887624
0.9037167854436181,0.8457157199089507,0.09265267986069836,0.18906202385108778,0.12057334337127068,0.4099316741940111,0.09927384093842123,0.048391827158079825,0.9356326048547783,0.7968363639329092,0.49437813421409993
0.9751978312787754,0.12097144638387944,0.4725995316159251,0.5552389858022738,0.4723514723514724,0.06771851439522841,0.6906029768483299,0.6829314489691847,0.6530170330949999,0.8363287622627403,0.27360116418832603
6,4
0.9753195925257239,0.11971115462344589,0.4735288354777611,0.5572461105170635,0.47253720162086704,0.06706000153875145,0.6904426902057199,0.6813500714124633,0.6513752131400558,0.8360542890272558,0.27276605233887097
0.9037357863132718,0.8454632068001298,0.09213955443463617,0.18919216862896726,0.12117758784425448,0.409729481546688,0.10004765989896097,0.048437348814707015,0.9355099796934047,0.7968348432739668,0.49405395450094325
0.9525365624695852,0.1982075299400981,0.30065813090822063,0.3641671523130774,0.2910142034229626,0.16403220718083497,0.48310856646677336,0.47883211678832116,0.7712149076434196,0.8110257114941779,0.3630862785601877
0.9873234655322741,0.07429946066738419,0.6510736550450242,0.7445771227496768,0.6814232976204809,0.0370096524276958,0.7995575684590818,0.7946850916821686,0.5796696469337174,0.8230840709933834,0.24838664103883562
6,5
0.9874820302759746,0.07358085343650986,0.6475701534332887,0.7423160960671753,0.6863967718060248,0.03739477380663647,0.8015187394991334,0.7966695763110184,0.5798592502595677,0.8243658835339353,0.24416012490934838
0.9032670958738328,0.841434022822054,0.09154168119986034,0.18838211273087752,0.12052191307510446,0.4150235793682022,0.09760341691054303,0.04825371336812495,0.9358990169287345,0.796430915342127,0.49568528888114427
0.9521067933853635,0.19487872826891786,0.3023887587822014,0.36387479624566094,0.29407814407814414,0.16411237939540788,0.4707116303770579,0.46560646900269537,0.7736411131953832,0.8089857426738797,0.36715891210426527
0.975520412600367,0.11883675629850102,0.47449485322150214,0.5581826416001207,0.47512091698138215,0.06702199682698853,0.6919541223595862,0.6849641655696943,0.651545496909724,0.83592559602969,0.2704387847493676
6,6
0.9521131957212292,0.19543751205349774,0.30211109800684044,0.3640584990097616,0.2933858041771712,0.1648115654814454,0.47661201893503785,0.47275688882855976,0.7729635741550402,0.8094612339776042,0.36704058234928816
0.9872806415607073,0.0744588060659897,0.6482468123861564,0.744184170678371,0.681238129154796,0.03714797939159663,0.801089425857084,0.7960298742138363,0.5795975242784863,0.8242100544268245,0.24519293575239853
0.9036012912417526,0.8440843390806861,0.0918715846994535,0.1883386387243437,0.11894586894586906,0.41299284126903035,0.09951982651796748,0.04775943396226373,0.9359652300471917,0.7968043688944895,0.4936191445798477
0.9752340946628711,0.1172440777594548,0.4760576414595452,0.5578116387457819,0.47141806819226184,0.06740513460910952,0.6899358436263341,0.681314668289714,0.6538591042662205,0.8344266616349145,0.2762029542468991
6,7
0.9879754686428247,0.07157241116582844,0.6464967038095795,0.7426368235614322,0.6933114335249567,0.03739581920530066,0.8075116749791637,0.8038138722889948,0.5778902360845641,0.8256067812219824,0.24138212687018198
0.9036609667604263,0.8396163049137524,0.09198360655737692,0.18844566903372323,0.12065527065527065,0.4138943241034023,0.0994237918215613,0.04886792452830174,0.9353346840377539,0.7966235203027668,0.49525964826412694
0.9520883593887733,0.19728951268555173,0.306099324975892,0.36694423522673847,0.29749036366683435,0.16169671352754852,0.4772578176251913,0.47389012208657044,0.7718608191122186,0.8095220360549569,0.3633800656270106
0.9751528735056962,0.1184376800382427,0.47914754098360657,0.5596224709405674,0.4737549857549858,0.06709808930213555,0.6852936802973977,0.6796075471698113,0.6533559704554801,0.8338475599361046,0.2767259230427935
6,8
0.9529256036018156,0.19444458300737583,0.29947680502267177,0.3630497025196624,0.29304317956800235,0.16455792058795607,0.4835613910200638,0.48216245149203796,0.7727160617780868,0.8101561630054074,0.3663139036535706
0.9874685703000209,0.07414288206613281,0.6502193488801663,0.742532293467389,0.6861081016010593,0.03735485740641861,0.802712183883973,0.796585171405793,0.5794525565374209,0.8238604797149099,0.24401727257707323
0.9752209680405768,0.1172966651186656,0.47235589635113695,0.554145696571782,0.4742555831265509,0.06827018312639874,0.6904904664827917,0.6833840535605599,0.6540572425112864,0.8361934951646605,0.27426010307950666
0.9035237942956303,0.8429682446210833,0.09192158188271071,0.1888702418990929,0.12065673921344011,0.41230503539831403,0.10019928716513982,0.04892044349348407,0.9355299950505338,0.7966911670576916,0.49496016823990185
6,9
0.9875753811410388,0.07350397503476014,0.6520055807464248,0.7464176334285146,0.6865894809157223,0.03690871774469964,0.7998365366869676,0.7957446808510639,0.5797417619035166,0.8233496366935721,0.24598217518554838
0.9033685164536304,0.8506117687805888,0.0914501891551075,0.18840776628542327,0.12003798670465327,0.41209309576020514,0.09850347917262442,0.047044025157232716,0.9361225971402445,0.7967577813478836,0.49655322317869327
0.9752158391878878,0.11844419112613827,0.4782899389263902,0.5589154692646502,0.4757611306630915,0.06716457605827654,0.6922224651942561,0.6839659637439881,0.6527014088360026,0.8340103455599679,0.27565812913352433
0.9515974323737973,0.19449973353385971,0.3005221615057681,0.3629880996256788,0.2929197003271077,0.16543118422397055,0.47944375602368167,0.47575122292103417,0.7735280931321169,0.8095653335134843,0.368866504034025
7,0
0.9873897447674931,0.07432925775036289,0.6466876263193355,0.7418225251618609,0.6839558209421226,0.037375682517065564,0.8020446096654277,0.7971181183768414,0.5794114423190444,0.8241797912834319,0.24427906167852373
0.9509446693830511,0.19589156642749966,0.3057680631451123,0.3645475428130523,0.2949245541838136,0.1641089464860794,0.47454220019275783,0.4709154437456323,0.7717263940181487,0.8089736079186155,0.3668465199962224
0.9035031889632184,0.8390803317550275,0.09195777186507603,0.18844639315508432,0.12092600050715246,0.41461500376875615,0.0990871756943501,0.04945174355428217,0.9353662558247979,0.7965833346776025,0.4955207522046794
0.9750530692808113,0.11896784593607246,0.47316234796404016,0.5548164526595333,0.4683852587078394,0.06797967061309111,0.6905953951313106,0.6816494217894096,0.6536742028141443,0.8355491051437615,0.2738042460329077
7,1
0.9521141106459423,0.18990020299162308,0.3067129352638507,0.3694411948757568,0.2998939422297087,0.16167888805274983,0.4796624426776653,0.4774824404352017,0.7708296517496408,0.8082906043496231,0.3672287631600688
0.9041690920812805,0.8448473102593248,0.09197055871528914,0.18920623668143233,0.12031222745508446,0.40856714863323484,0.10059934754570954,0.04974971120523691,0.9353148317184922,0.7971286023496195,0.49286458608322903
0.9874799720784703,0.07357510315049978,0.6478918607995399,0.743873426057772,0.6889188783925627,0.0371732373234098,0.805295767299289,0.8022906322409795,0.5782830846093504,0.8245425254970215,0.24512652844877922
0.9761997658630313,0.11674719338925119,0.4724881015335801,0.5557253383354307,0.47563413289219747,0.06761798485153118,0.6964414198345126,0.6881771150334753,0.6511728625888541,0.8379449288497777,0.2708534424330971
7,2
0.9749551812114018,0.1196299915917633,0.46667112746738043,0.5507413503837888,0.4729112157683587,0.06868153923467823,0.6935285638418937,0.6882248748556025,0.6536220930719456,0.8370016328894669,0.2722503348607605
0.9032669606318425,0.8441768692975817,0.09149907047490258,0.18790307918695215,0.11959937733133624,0.41569601322604466,0.09904955352010131,0.0476171950982297,0.9360852239317423,0.7966484754209741,0.4957188298627153
0.9517103638034734,0.19470964969959764,0.31194379391100696,0.36890774899772505,0.2981074481074482,0.1613775197419317,0.4765799256505576,0.47177897574123984,0.7708709478867485,0.8080459951299055,0.36887255359676807
0.9875992750416381,0.07382190845932271,0.6497286799565887,0.7435798591642502,0.6822418773638287,0.037209148949274656,0.8006683678095412,0.795568996121228,0.5800015798827329,0.8238850556705176,0.24413120306077418
7,3
0.9757387826357442,0.12052299930425317,0.47472570027107275,0.5594828481258902,0.4741795096125805,0.06673805602643386,0.6938793431490209,0.6860199078888723,0.650694146023091,0.8361088953540422,0.27361692833415685
0.9035134897230841,0.8466219453422534,0.0910136468972621,0.18879126191675127,0.11976253337509873,0.41146398657905536,0.10029389439265096,0.04876024893806197,0.9358746162456224,0.7968782428662519,0.4936095686426606
0.9524606695828273,0.195852530000561,0.30069930069930073,0.36361607835743737,0.29251090789552336,0.1636757158239737,0.47713624665297527,0.4745217047103839,0.7728743353486915,0.8107552280738606,0.36321976253549126
0.9875993683151801,0.07257323111085667,0.6503672366178976,0.7433979708860009,0.6870794146779811,0.03706749462475456,0.8018147659591479,0.7954825184283492,0.5788024893995367,0.8239734938692646,0.2459720716319842
7,4
0.9515094242586477,0.19244530028005696,0.30810237056256634,0.36842379655916224,0.2995962204595298,0.1622629453400598,0.47679922976117245,0.47001493145106543,0.7708561505330024,0.8083747425315005,0.371646664564271
0.9035502572481553,0.8494671246878717,0.09106688875252028,0.18859969635255242,0.12048082636317953,0.4109787128948201,0.09721090193427834,0.046978105135708215,0.9365137837132118,0.796587787259464,0.49509480667271005
0.987151471302317,0.07529441408025855,0.6529030054644811,0.7450740327718239,0.6840277777777777,0.037055204679109416,0.7975397562990499,0.79102463312369,0.5803922029590134,0.8229595770520286,0.24687437770963994
0.9756859848770548,0.11797023383846472,0.47044644592755785,0.5538601981123401,0.4733286037633864,0.06801255072975322,0.6960048194895456,0.6896263703482733,0.652529919991698,0.8376129710858634,0.27030913134679846
7,5
0.9874307309650633,0.072940301365372,0.6531862891207153,0.7459455689109478,0.6849728049728052,0.037025878484445926,0.798553565393714,0.7954854202401371,0.5800471891670105,0.8238133602783027,0.24661645092880308
0.9036536256334704,0.8413761249142748,0.09183656486643887,0.1883398701573823,0.11994735852603883,0.41404783565062747,0.1001264317928785,0.04896082750694353,0.9353513098612991,0.7967640046912006,0.4939370911263403
0.9531194848436805,0.19576166597386108,0.289592647789369,0.35266193168277465,0.2848787015453682,0.1704422571995628,0.48391911681874505,0.4820468839336764,0.7773268953382848,0.8106654771648673,0.3638964888206597
0.9747892171981887,0.11906498382768033,0.4741382534438696,0.5565212581030952,0.4719053654414872,0.06752322569591615,0.6872234865082618,0.6801061769136953,0.6535721083860843,0.8350807037982834,0.2764706557017915
7,6
0.9518622698285766,0.19948221181910514,0.30047919293820935,0.3634898711116765,0.29167214551829945,0.16438810117031225,0.4755218758936231,0.47201741654571844,0.7739074681986073,0.8103497173533876,0.3671606943481256
0.9753036576375242,0.12092603970704624,0.46690085870413744,0.5531101888471791,0.46808438475105146,0.0682476227778669,0.6902549123738715,0.6839472896076669,0.6540458441617675,0.8360976367661819,0.2719864638095163
0.9036115866593548,0.8468029692211014,0.09263140104782852,0.1890588762776944,0.12087702293887859,0.41004418600731657,0.09862798451692034,0.04753938922388662,0.9357444191565624,0.7966890377789989,0.49556653535528145
0.9874210630853022,0.07381865456385622,0.6447749422567742,0.7399508316091383,0.684485172457681,0.03762056195591519,0.7995375515783288,0.7938922388640341,0.5807956729515069,0.8247165451719585,0.24514192347010288
7,7
0.975239557613115,0.1200411108231211,0.4783632578714546,0.5626911194644506,0.4775810609143943,0.06573948718822017,0.6883519206939281,0.6782569631626234,0.6504580101087097,0.8339658923591228,0.2754202062598183
0.9038751425115967,0.8407453606505169,0.09166301393880949,0.18877966764195164,0.1208769444063561,0.41209213466078815,0.09852295091744051,0.04911714256886324,0.935451451442668,0.7967087285782072,0.4944727409702428
0.987482825224427,0.07402262780934915,0.6498540309903434,0.7427934998346648,0.6852925106349765,0.03740083294725596,0.8017899882874167,0.7976479710519513,0.5801414831844696,0.8244354380820694,0.2451200776642447
0.9527598241865056,0.19310926910429593,0.3024108003857281,0.3651301821574484,0.29428523546170604,0.16409644922135602,0.48018259348349,0.47857935627081016,0.7714791420261193,0.8097353232395631,0.3669793765154773
7,8
0.974567188838256,0.11846965912385757,0.4808870250349473,0.5584465005802354,0.47492214934075405,0.06728619993457542,0.6804270770294805,0.6750475354687728,0.6551866731557755,0.8328246658267279,0.2779866816707587
0.9035436001563143,0.8451146911532654,0.09259352669188758,0.18900526300981718,0.12044707429322798,0.4105894003819821,0.10025736345438957,0.047682631833575295,0.9355741611691577,0.7969109441706465,0.4945720919902313
0.9875463469172098,0.07278256751308312,0.6489272361230946,0.7444344753664858,0.6899685110211429,0.03716485706961806,0.8041218287354072,0.7998675935120818,0.5786462720198133,0.8245368108117923,0.24444829560121809
0.9522155034425883,0.20322531491234874,0.28087431693989073,0.3486217024913203,0.2779213321848981,0.17303793673461787,0.47623987781331945,0.4752961825362,0.777537749743142,0.8120059233844679,0.3647332833248692
7,9
0.9878114578565896,0.0716812841410302,0.6458072885953534,0.740989784940205,0.6889257824509625,0.03739337639931997,0.8025193228316976,0.7991991312610289,0.5785916609346927,0.8255009155523135,0.24401989312095584
0.9038962982862613,0.8425603434638742,0.0927723491884031,0.1890024686237476,0.12052825845929283,0.41056806782496735,0.10042668522350606,0.049205316479226324,0.9352867128485141,0.7968698441374185,0.4938103194003338
0.9530336635070392,0.19649686331704513,0.2969555035128805,0.3608821617575033,0.2920431420431422,0.16404970514822867,0.48481147105682426,0.48091644204851747,0.771457515094674,0.8116196419891355,0.3615001283488546
0.9749561974592175,0.11901631770432819,0.48453951752632274,0.5618300636328314,0.4762698909040373,0.06628140780743655,0.683365067851422,0.6751955821445005,0.6529083722823298,0.8330779735379241,0.27629870056420847
8,0
0.9035153639890992,0.8386754649067081,0.09261007638829294,0.18859897193151343,0.12077683805432482,0.4142177998702199,0.10079993771774459,0.048898547861305486,0.9348960291492227,0.7966005292657854,0.4957514612326636
0.9877225285071758,0.07292880905567278,0.6462646775199955,0.7422930156212761,0.6881869892250516,0.037359246765800116,0.8026009441607389,0.7975190964288044,0.5793302645347906,0.8247168415599015,0.2450520720326373
0.9513356684188585,0.19522749014854773,0.3016634522661524,0.3614030763130268,0.2937615217026982,0.16554335282697935,0.4778865077629565,0.4747502774694783,0.7721089846484372,0.8087887530025242,0.3669863654258327
0.9753017738757864,0.11866219725537647,0.47626229508196727,0.557055896912953,0.4760569800569801,0.06758368243588432,0.6876431226765799,0.6799396226415093,0.6526243331965552,0.8340207128185165,0.2730717058984017
8,1
0.9873148972104926,0.0748394706491533,0.6474547023295946,0.7409059985783257,0.6842605088219122,0.037563613744691804,0.80186525794039,0.7976564051638528,0.5799165280867347,0.8255103636477829,0.2448506991466769
0.904053214906017,0.8475742558969326,0.09293560926144995,0.18964172050948147,0.12077422386700748,0.4065959314849595,0.09964358257003808,0.049153861116513764,0.9355017048170626,0.7969685045729753,0.49279741244679653
0.9750135538883916,0.12064573440765836,0.4767737704918033,0.5576899396173851,0.4720569800569801,0.06716997036885657,0.6841040892193309,0.6758943396226416,0.6544917931883484,0.8339856565244161,0.2772089922817767
0.9525396526818497,0.19600919724721982,0.29247337561325837,0.3560481643258135,0.28648075363403835,0.16845086846173868,0.4803408135022929,0.4790524721112794,0.7762075095321843,0.8111867972360415,0.36430572880761897
8,2
0.9520398834333902,0.19023291867043757,0.3044666191494417,0.36608910245134896,0.29891820471530617,0.16362007128651876,0.4727115995905393,0.46869018321028155,0.7741190314772881,0.8081556589939851,0.3706392791776123
0.9873916276903731,0.07309411599480903,0.6547586520947177,0.7454027538012811,0.6807534029756251,0.03700917210188122,0.7972815985130112,0.7933569182389937,0.580061828922174,0.8225323840901376,0.24706120683074295
0.9038093487361882,0.8422189646316257,0.09100844510680556,0.18832081858327548,0.11985956430400901,0.4136970372984984,0.10048439788216745,0.049266247379455175,0.9356405147080185,0.7968413606660352,0.49360344455680405
0.9750515400885189,0.11939527875844277,0.4686492345210676,0.5528521635045586,0.4723105177650633,0.06811880239177115,0.6924636701588375,0.6849368470294713,0.6542172668604218,0.8371779326000556,0.2728924392537171
8,3
0.9751418138173228,0.11992294543130033,0.47454771079615965,0.5562375377119073,0.4710616224560448,0.06745573138120851,0.6913461396051481,0.6821168157558445,0.6524098517705972,0.8357004602303727,0.27515215255215775
0.9038250506574316,0.8446037817258705,0.09188524590163921,0.18869463322154573,0.12011396011396008,0.41122254010421977,0.0994795539033454,0.048584905660377764,0.9356947578990589,0.796967613691877,0.4942659451676394
0.9876116226507021,0.07255259223582575,0.6450848841957881,0.7409892844080184,0.6879987022335778,0.03749522298262602,0.8025374062363573,0.7986570872221848,0.5789540549973222,0.8252088471308225,0.244211023752127
0.9517347719567726,0.20086289753822767,0.30394656952034005,0.3650848575758705,0.29416482009074607,0.1630748839163062,0.47958144017623566,0.4758071278825995,0.7695394306904385,0.8095516679776219,0.3663212255325118
8,4
0.9037239033851387,0.8431385599673888,0.09169974115616913,0.18872637157954308,0.12034787824261511,0.4120781192021639,0.10001956564273146,0.049255213505461304,0.9353014383517293,0.7967877824786471,0.493895978448019
0.9753680879594752,0.11716446023430796,0.48261547092189744,0.5619845984169918,0.47845915526523897,0.06647776343337428,0.6855838410109263,0.6774517540713108,0.6517792086823719,0.8334190380499167,0.27484410351802413
0.9519091578340986,0.19331920799444033,0.29011425732737206,0.3549737941578963,0.2847492014158681,0.1698823191555898,0.4765968232510983,0.47718696397941673,0.7778200034816802,0.8098556635362272,0.3693916048690087
0.9874411216929198,0.07420710594420718,0.6532961283571679,0.746248347501139,0.6897314663272112,0.03701958996120919,0.8020512009280496,0.7988358089120833,0.5795467773713192,0.8238605839915387,0.24448054359941823
8,5
0.9520529197612291,0.20150528050255323,0.2887295081967214,0.35237231104606154,0.2818287037037037,0.16976441963829567,0.4816740241635688,0.4799233490566037,0.776334728918755,0.8119648064315269,0.36475121341702044
0.9743097982242601,0.11988508945208687,0.47259594246592546,0.5547694959560054,0.47069675039023706,0.06793793040811426,0.6814795823897222,0.6736788838285259,0.6555996553768001,0.8346451708130571,0.2776713025693113
0.9035726529751669,0.8476260225013155,0.09100104638995465,0.18852540164709747,0.1196429653876464,0.4116620859411855,0.09869097524321757,0.04809313528703285,0.9366173857812649,0.7968643436201539,0.49360860821371844
0.9872951176221049,0.07399537527698855,0.6474731486715659,0.7431601841431834,0.6838589252382358,0.03714643457366036,0.8011665171131908,0.7968770331815225,0.5794705898999636,0.8235156996676983,0.24682949033529755
8,6
0.9533686880567885,0.1978918605916118,0.29991744309470453,0.3646570903020171,0.29217651519809795,0.1619203053823417,0.48204113289294215,0.47653047373422014,0.7718141039076847,0.8117464284819612,0.3636029532717858
0.987505190907944,0.07247797970947747,0.6451627799584392,0.7402641007887474,0.6847036635769032,0.037553543648732035,0.8024503900727786,0.7987111347329258,0.5795264250666099,0.8251917418203397,0.24451347013465155
0.9036767463425018,0.8474410439747097,0.09253931080628958,0.18927107924579029,0.12099540670969228,0.40908233120570187,0.09942341248767178,0.0483827493261455,0.9356785902707436,0.7967804899358523,0.49473374030012074
0.9751380877274209,0.11766363470188343,0.47250132205182444,0.5556540505109644,0.47160187482768134,0.06794356898716862,0.691135028180837,0.6852556299452222,0.6538551745933017,0.8354406240228527,0.27483892455379977
8,7
0.9751796895956047,0.12010122413311003,0.47564036885245903,0.5591618389831574,0.47448139245014254,0.06684119798584863,0.6877468633828996,0.6797759433962263,0.6522796342839577,0.8348584566493065,0.2747073296466025
0.9035489756784021,0.8402041439564111,0.09285110697988824,0.18866332193125962,0.12086233735718294,0.41334246775914596,0.09906871574751858,0.04845360824742273,0.9354638963741995,0.7965500797242153,0.4948337282268753
0.9878066681289817,0.07296225146772106,0.6467614352860256,0.742378985233697,0.6879146494531112,0.03738216672466188,0.8055346140848001,0.7991159783612611,0.5790158497636972,0.8251193385144946,0.24217018684577635
0.9534630499909688,0.1943299704151974,0.3005381053685396,0.36314400677058145,0.29575259346251714,0.16489274992453767,0.47736882431397026,0.47645110182918043,0.7722805539284654,0.8101886257058888,0.3596520148834139
8,8
0.9760809553857814,0.11890739888076984,0.4686426229508197,0.5541915391879803,0.47337891737891746,0.06794620414836004,0.6982304832713755,0.6922113207547169,0.6517866228970065,0.8379191012830408,0.2697987336652124
0.9031470140620944,0.8455199964090502,0.0910708057202651,0.18816543615798692,0.1200218221494817,0.414361878762318,0.09827572569801452,0.046547571256523534,0.9360463466592193,0.7966638786001863,0.49638574207532643
0.9510986730851779,0.19623688035938885,0.3090866510538642,0.36873167291314013,0.2972934472934473,0.16232383701411493,0.4764737121614445,0.4699730458221024,0.770510067999299,0.8079858568438001,0.36996838513067465
0.9872267563088646,0.07521746658387413,0.6519825287877928,0.7446781633631379,0.6848056467433631,0.03707552176232651,0.7976228759599182,0.7928184370307498,0.5800634466053209,0.8235134298104393,0.2465305849294453
8,9
0.9524746738703366,0.19441543616202966,0.3056799815285154,0.36669562955365487,0.29493198507283014,0.16207868442904283,0.4831666579402062,0.4802019665160776,0.7693994289908535,0.8104170831942039,0.36307103577440664
0.903699124658714,0.8436983928291606,0.09146871863499473,0.18852452315341783,0.120326763183906,0.41243935885378974,0.09845611106896279,0.04842125529457092,0.9356950771691551,0.7967532434781383,0.4952646624680424
0.9877177098821834,0.07237805337965283,0.6482384500745156,0.7439482915370229,0.688930328930329,0.03707343693396621,0.8058533288273065,0.8009331046312179,0.5785498190771085,0.8248799900695921,0.24553097711966201
0.9754887378386032,0.11785540448586465,0.48136052665547957,0.562468402910152,0.4751104829844988,0.06590948220723451,0.6927084857887188,0.6841479720695289,0.6495640939066061,0.835556820831368,0.27175645687832045
9,0
0.9039901382080778,0.8468423542062364,0.09310143962719492,0.18935456079893614,0.12027998322414568,0.4078806237840623,0.09969241220538594,0.04840532516042573,0.9354223904317766,0.7968955498791293,0.4938706749635676
0.98753529038295,0.07256377539691267,0.6520039670964353,0.7441700896491954,0.6864880210075941,0.03710110768624371,0.799865059730913,0.7956758208554354,0.5790199504378688,0.8237433244743475,0.24504286416065402
0.9514971347762796,0.19558067652195155,0.30086095058379536,0.3628760452339711,0.29361126483428646,0.16543408779668814,0.4724131475488754,0.4677616397448079,0.7739351809483911,0.8092259155668977,0.36936463912038414
0.9752760114864337,0.11952762362090266,0.4753044966752255,0.5573450685125172,0.4749139006167119,0.06749610067941124,0.6933010853824217,0.6854133515192846,0.652358922765335,0.8354391429478015,0.2753703662800011
9,1
0.9757155553574344,0.11712870198043734,0.48296343001261033,0.5628213535689831,0.4762436993206225,0.06610947803601326,0.6939662567915356,0.6850507982583454,0.6509128105173467,0.8345938907034327,0.27199321322604175
0.9045362459746529,0.8502797193500433,0.09352712523238138,0.19001504696479515,0.12055394014156906,0.40357692299589515,0.10134902081017905,0.04917331258510005,0.9351521750166065,0.7972859549309037,0.49066489619718184
0.9513609047323546,0.19396028357182885,0.30542960120916185,0.36679960095395825,0.2947404578610253,0.16269782175950584,0.47749742940757733,0.47689013782951956,0.7723733837382925,0.8088624445338731,0.3696263699706798
0.9874520883192014,0.07354577824146655,0.6538019478555442,0.7488051608840659,0.6897425384510258,0.03656419559495483,0.8023704028861851,0.7981201698809443,0.5774406179638343,0.8237383265266602,0.2458215978665142
9,2
0.9035955613755645,0.8395290061406283,0.0909711242406594,0.18830218001537524,0.12036675488452137,0.4145607920794132,0.09956031928745268,0.04942055358682085,0.935415100116856,0.7966821248177836,0.4951133677460677
0.9529025085795075,0.19832274718774512,0.29584445291650785,0.35762898890742967,0.2870867289471941,0.16771397431967575,0.4805048845854586,0.48123445955828575,0.7740792784367639,0.8103775564954813,0.3633200682208536
0.9873908942184709,0.07364232521638345,0.6477703799026464,0.7421793302165747,0.684334373754169,0.03740269271315194,0.8007409569001611,0.7971279541502994,0.5798896702010127,0.824185112032601,0.2462017286213355
0.9743876893734813,0.12141756736732734,0.47846286586579945,0.5564783121761173,0.4696702308038341,0.06749947981065524,0.6818475986936171,0.6746467038423344,0.6555413006965842,0.8336909449953466,0.277290087589648
9,3
0.9525641873284064,0.1981317374376887,0.30016393442622963,0.3619648793249255,0.29108669108669105,0.16555698886277714,0.47817312798725436,0.4743126684636118,0.772071194091098,0.8101368100751941,0.36331320240705745
0.9875175882390075,0.07285808400259042,0.6483577178447616,0.7443535958262439,0.6853128286820043,0.03710416275265309,0.8011085794992735,0.7955636707919114,0.5794444738595417,0.8239080910433609,0.24516387974786386
0.9036350813910083,0.845570046662016,0.0913592896174864,0.18881721342061558,0.12056327160493824,0.41127719647236116,0.09901641883519235,0.04797562893081725,0.9360819740801559,0.7968807149124834,0.4944317030939821
0.9757223212341318,0.1176309831796315,0.4745133196721311,0.5584090377447752,0.47464832621082625,0.06715585925526206,0.6904623605947955,0.6842275943396227,0.6524367177882664,0.8358053351775415,0.27248421616419416
9,4
0.975271721608698,0.11818135477750302,0.4739016393442623,0.5556088184605107,0.47300284900284906,0.067541023807091,0.6877323420074349,0.6795471698113207,0.6531737792367686,0.8350515786187158,0.27510252025300475
0.903831321873593,0.8417098748865139,0.09180327868852439,0.1885987111272417,0.12010643990339442,0.4123758648035648,0.09973015303908056,0.04917153529355467,0.9355400769440692,0.7967833590669395,0.4933432594918088
0.9875207069385235,0.07321846537938734,0.6420436772287554,0.7376581301420707,0.6849083386185859,0.03783214988080026,0.8045371550172739,0.800653376891793,0.5801293297818834,0.8254039577591809,0.2442375955892453
0.952492578670293,0.19582444511405378,0.3020222567907143,0.3645940362396059,0.2947366232037766,0.16400722245135246,0.47825143136243997,0.47500344305192116,0.771387879677361,0.8091380754043113,0.3640984788220716
9,5
0.9033995235013564,0.8435508244938392,0.09059712902403783,0.188063278609657,0.12029287158820834,0.41494433770926953,0.0990041797484445,0.048372274904682544,0.9359921843938784,0.7966436166854064,0.4961164539228884
0.9756227844042693,0.118993993800039,0.46918032786885244,0.5539310047018454,0.4727749287749288,0.06786860120568097,0.6994498141263941,0.6922716981132074,0.6505051292572857,0.83737359125122,0.27069509064785
0.9871271515187025,0.07550127740969373,0.6520753400767353,0.7443034642927605,0.6827706047564204,0.037118188333489066,0.7977932452740648,0.7924394486819214,0.5803021605450271,0.8236932447449146,0.24631788095094967
0.953047964536614,0.19413717636066874,0.3029092588316785,0.36625854730080476,0.2952529994783517,0.16218760658361117,0.4835331692758783,0.4778899813978208,0.7714605235021148,0.8109880471321373,0.3645281928654556
9,6
0.9032783013602367,0.847349319316486,0.0923271928342066,0.18872760202403238,0.12008400152730059,0.4117641985634215,0.09837887556049546,0.046489009920248736,0.936173531763325,0.7966689351058209,0.49585216887499045
0.9876172681764009,0.07388229052093465,0.6503756830601094,0.7442870420603871,0.684482826843938,0.03714199249571416,0.8006376497315159,0.7960953878406705,0.5798048317603629,0.8238155129834733,0.24254483654395492
0.9514601059047395,0.1915430479434686,0.3008735192054565,0.36132076197397067,0.292490693950548,0.16584919366446924,0.4803136786693078,0.4733783225451039,0.774748104795596,0.8082996876679274,0.3730152115580322
0.9753772203096162,0.12075989119929045,0.4638154415653094,0.5511880783396037,0.4666505835860675,0.06833986286944176,0.6963664707998563,0.6898965307364576,0.6520320131838478,0.8383597162363723,0.2706511648905078
9,7
0.9876709736430224,0.07214689641294039,0.6519335123093621,0.7466715913460474,0.6894289089411043,0.036896923637236276,0.8030646477468493,0.797212543554007,0.5789355164786791,0.8239664844133642,0.24606399095226714
0.9033161959089747,0.8431098371443533,0.09138076728071653,0.1880817921620998,0.12046582665139371,0.41536268919743113,0.09828306442340856,0.04792841859560387,0.9358525565910455,0.7965664122328466,0.4957333169094734
0.9526394478792106,0.20032749457398646,0.29435615066950327,0.3575568977454265,0.2893151519105718,0.16552423490578322,0.4817957376770056,0.48048394065965716,0.7731298179779318,0.8125335209655482,0.3612373568663454
0.9749154151860556,0.1180997466629386,0.4831372549019608,0.5652884262916447,0.48151499916205803,0.0654192636490583,0.6805598075661492,0.6712541620421753,0.6512473146829536,0.833002878849135,0.2776510687439573
9,8
0.9754099755308769,0.1178010693813075,0.4714514194322271,0.554357184334819,0.47371042086489246,0.06799800174613581,0.6892283978601866,0.6844761466482588,0.6542184179535702,0.8363024955927172,0.2728517217686979
0.9517651025302997,0.19935860546585152,0.2989112751845827,0.36071383459988726,0.2940997368478285,0.16673114436739184,0.47376486279406343,0.46841423015987327,0.7724547920575631,0.8096046498242564,0.3628200908743157
0.9034415515621578,0.8426607733307622,0.0917517809630074,0.1886134580405508,0.12044868065810488,0.41332348927442464,0.1001576519589718,0.0493727155981426,0.9353957960499912,0.7966593750087277,0.4953559493488948
0.9874595358153231,0.07370347042761857,0.6441910192444762,0.7389747182303226,0.6859712812890069,0.037713199169056674,0.8023647598562742,0.7992932416230198,0.5799239497545522,0.8255812164385501,0.24414215723950933
9,9
0.9876418665606562,0.0736705923263904,0.648213977566868,0.7415755182167711,0.6881791373019444,0.03751297370841028,0.8026870149351073,0.797391592188017,0.5797189167008636,0.8244633451208707,0.24642120929374484
0.9035598548998603,0.83994049049783,0.09227921734531996,0.188566144752695,0.12059247005483575,0.4136341987560853,0.09919254906663433,0.048813146682897046,0.9354932470294458,0.7967177558562173,0.49465107838175043
0.9752666349021522,0.1194678753839094,0.473224043715847,0.5556546974336177,0.47303385675478704,0.06771960788041091,0.6890147258004092,0.6793769197016234,0.6540381569027895,0.8357718945917237,0.2744019774630245
0.9520178761695298,0.19113994985676694,0.3051318602993587,0.3682499438158461,0.295800817539948,0.16133702204788072,0.48195140348041593,0.48310090237899916,0.7709786622897029,0.8096741425713023,0.3676412688061284
