0.002116491217206251,0.2646703709024414,0.0003515908271497284,0.7573579307688717,0,0.0006702482442256054,6.423861865307146,0
0.026731787246855123,0.47999186011095335,0.0002677916652366345,1.4865407145269456,0,0.00048414433365231215,4.935359555179466,0
0.012061506260330639,0.25172652096396125,0.00039118550309525274,0.9351622862609946,0,0.0006730644482747489,5.810966794938067,0
0.05089913936954793,0.3112272804691291,0.001029867917492121,1.136466426462029,0,0.0017310832256764565,5.212114987715048,0
0.003914960517663435,0.280426249687007,0.0003435628072012819,0.777945192200713,0,0.0006678302931981184,6.427166894178524,0
0.03719358122044614,0.479100853932935,0.00028245630572713837,1.4528279469994678,0,0.00039815933065327064,4.936584571346012,0
0.011562611078044696,0.2395328747557882,0.000386317794744879,0.9428933600967004,0,0.0006881092006689948,5.814598728683582,0
0.08137028783018146,0.33478480473721345,0.0009916706441385557,1.1646637211878863,0,0.0015901151144841587,5.219543515500192,0
0.01726338717317448,0.24869089962455268,0.00040416067309590755,0.9374161425943476,0,0.0007017254055826484,5.816529126392739,0
0.001864742784145862,0.26662854791760543,0.00034717705600340515,0.7415704049063723,0,0.0006514114400612504,6.427899922647552,0
0.02260875504998393,0.48985658834292384,0.0002476892897491715,1.4961417384195754,0,0.0004730546249124545,4.9404932765153005,0
0.05414486591510405,0.32793459817554854,0.0009851548697394064,1.1439532279412188,0,0.001700225550819924,5.218819938373406,0
0.0021297186826957776,0.27498233318359616,0.0003386832194924269,0.7549014550098296,0,0.0006546176352318433,6.438978431218205,0
0.027482511971186015,0.49942733560705194,0.0002261999129412341,1.528371260586208,0,0.0004884246327470532,4.940458142145271,0
0.011934053082792252,0.25061723564364663,0.00040796703440901304,1.0020863629900616,0,0.0007102728939553287,5.836373835303424,0
0.061467904480120406,0.3027658452329122,0.0009521382711491997,1.1057850759447927,0,0.0015426252302810112,5.2343229348612965,0
0.0012517750942186712,0.27292634638068974,0.0003358488173834056,0.7662065639627219,0,0.0006346550487768367,6.4069991497435,0
0.026422506395085137,0.4641543023171204,0.00027296310596824886,1.4510058563041972,0,0.0004454022901505172,4.936660081543716,0
0.01411722713285371,0.24875166883624028,0.0004075423796892307,0.9829769604100457,0,0.0007045375758381314,5.797823229740428,0
0.05238654972499747,0.31540465389373945,0.0010269968560015067,1.1626081500857368,0,0.0017396055874367442,5.193755354763255,0
0.005830128561566228,0.2725305508853005,0.00032489208505000574,0.7541790194251903,0,0.0006160653159619536,6.394789754312781,0
0.03099195099336173,0.48970979422087235,0.000275471921442653,1.4913056722875424,0,0.0004893896161765077,4.9376682502500415,0
0.012879956334955055,0.22502404946673196,0.0004170962328856445,1.0080769156996774,0,0.0007595111608511277,5.785030073282078,0
0.056898088025472096,0.3321280573484739,0.001056245287640955,1.15784139932275,0,0.0018154623205344327,5.171817186325776,0
0.05597320469087656,0.30824215739228417,0.0009647343676327562,1.160296842351713,0,0.001612650032274012,5.195821254884131,0
0.007678570590654202,0.27690509166309324,0.0003450334627578861,0.7432419790796818,0,0.0006490680524893483,6.426572698640965,0
0.008949677201451268,0.25425901016710656,0.000414623900822758,1.0344016631825959,0,0.0007247027247291939,5.819937985370594,0
0.025467838738352958,0.47073634707160983,0.00026329718324445966,1.4820618644758856,0,0.0004687470190142736,4.937876284547481,0
0.016085115788342708,0.24702264960237066,0.0003857280352482757,0.9927088792893466,0,0.0006896389304525743,5.79767945393712,0
0.05147756993095747,0.33384770693449545,0.0009622328636068973,1.1466167991605176,0,0.001671069850557467,5.182363899385463,0
0.0006157923641206264,0.2799522366327638,0.0003488193721373392,0.7588171086881739,0,0.0006726011946940834,6.424441800115756,0
0.016886424736331243,0.4738487062902642,0.00027783092354128003,1.4883776229078256,0,0.0004206184376105935,4.940850337489719,0
0.0528984254675985,0.32222684625096193,0.0009538993412464649,1.1546773321074157,0,0.0016301012930646452,5.192468730477973,0
0.021238080550495985,0.47413219840886756,0.0002673606157659997,1.4352887646367374,0,0.0004597862612668172,4.9340948483012514,0
0.003482208776505971,0.26959347041145015,0.0003404869053133923,0.7549236678307432,0,0.000624905917780278,6.422111573456495,0
0.01497949370932488,0.24901526250847508,0.0004111680396072635,0.9543774139646133,0,0.000694804570582189,5.807027817737009,0
0.015625938936134322,0.25046510179358145,0.00038735168963634887,1.0302922619965846,0,0.0006639538068479569,5.80909704252484,0
0.03898620007544039,0.29743062498487166,0.0009959651436915653,1.0865052806780107,0,0.001417842320927726,5.215638488023255,0
0.0011142682480787258,0.27007398034543817,0.0003341188126702953,0.7718281752060937,0,0.0006496670343480026,6.43742910731156,0
0.04140617785893043,0.4711443739095413,0.0002618817693942835,1.48183163864956,0,0.00041555951639006344,4.935434338854063,0
0.018394242619900157,0.2346098926167681,0.0004048629683609299,1.0097183465858022,0,0.0007114999235064585,5.804424095277452,0
0.054057610871766346,0.32437203105349044,0.000997147532119389,1.163708688926354,0,0.001676933602456161,5.198063490843578,0
0.000783378423086456,0.2685229235692898,0.00033775603739108424,0.7438660875353595,0,0.0006408080148573512,6.42849932322093,0
0.026138482375777983,0.4680839502335809,0.00021630482458286912,1.5302319649772769,0,0.0004745505088559479,4.938580311322224,0
0.0020462033201357754,0.2689855021183139,0.0003376748634656517,0.7691415689918233,0,0.0006398279796427573,6.423640075358236,0
0.030725969018390333,0.4513086610541692,0.00026313227009410215,1.4883400236668645,0,0.0004708666046612819,4.9366877627266845,0
0.016444260040890987,0.253717884036314,0.0003940018878314874,0.9817398845884198,0,0.0006705327337940641,5.817078652440427,0
0.06547602272783026,0.3173829891135377,0.0009672500297456232,1.11582676242099,0,0.0016614161457047096,5.208149871555336,0
0.0024707847096992197,0.2793922108064056,0.0003370775480676479,0.751794571879907,0,0.0006486154817842549,6.434033193005461,0
0.02413793653157521,0.4985251727853543,0.00028990991460028226,1.485367732033849,0,0.00046448919480496275,4.940450249182219,0
0.014314078055125308,0.24655412487212708,0.0004050906595284557,0.9828312016519563,0,0.0007049264550824677,5.814638277763605,0
0.0473352673408939,0.32362019837983175,0.0009751962031573432,1.143971532558934,0,0.0016882915649301872,5.199069703448266,0
0.01966537172104619,0.24931799347802147,0.0003876352189232219,1.0353845951717489,0,0.0006954353232382846,5.823199969483382,0
0.014345396456095557,0.47893667515528526,0.0002578374720877774,1.3386372748279973,0,0.0003963453266378803,4.934986869077476,0
0.054772150076299105,0.32628047251026554,0.0009502138706823292,1.1790879107863965,0,0.0015874323054450264,5.210208729023157,0
0.0017227376429929109,0.26783524881651644,0.00035348140089429617,0.7189016346352282,0,0.0006521128634831009,6.431865420806285,0
0.00041910768886209426,0.26646442674710474,0.0003522726362983929,0.7903427686813957,0,0.0006764796001317334,6.429140839577873,0
0.04136164031424007,0.4699694529309288,0.00025741824424296476,1.4914591284528578,0,0.00043597624513667233,4.938265001220987,0
0.015893984801413942,0.2575725805743843,0.0003959917182220379,0.9681267834671442,0,0.0006896950251227284,5.818500345937731,0
0.04952000893543143,0.3053038907739518,0.0009630401833156504,1.1474579567829035,0,0.0016634136767115619,5.2179389794315405,0
0.06000257017171928,0.30448719951241016,0.0010275218838087224,1.1161378705134726,0,0.0016698520072126362,5.213786942390619,0
0.025131699803890867,0.481486076765391,0.00026009688735966066,1.486933439802621,0,0.0004663562068710114,4.937930868748531,0
0.0067568866369873415,0.2736109892255309,0.00034420832212965973,0.764395032558683,0,0.000650462426660599,6.420848645926394,0
0.013116795411717244,0.251639533068545,0.00038960720997438183,1.0162447439878382,0,0.0006763597138728215,5.810460837195794,0
0.0017435316693891756,0.2809247832504677,0.0003468070762096463,0.7951756961540541,0,0.0006653321905824216,6.418745335152386,0
0.02796761655611666,0.48328533480152897,0.0002704679080444156,1.4559427874257915,0,0.0004348114431585441,4.938593008523228,0
0.01321033026144057,0.24924208767333056,0.0003923401648782379,1.0063355439020711,0,0.0007141393106645358,5.803702047893044,0
0.05500082269168245,0.31522339316962456,0.001007437601790467,1.1393058386549837,0,0.0016546073552487256,5.223804378828869,0
0.04479750910918043,0.32903396228195025,0.0010253473505392467,1.2182736444006315,0,0.001713269028686959,5.2001054828107875,0
0.0265349196375579,0.47658982159168684,0.00023760603862858824,1.5359662320138048,0,0.00048343937919729336,4.93660404227078,0
0.00025341542103407555,0.27783814274651353,0.0003397101181219406,0.7870645290822436,0,0.0006528247497603594,6.420857189658677,0
0.018694087947660046,0.25753478385714773,0.00039060300927264244,0.9797552865250689,0,0.0006682998859519754,5.800400198349793,0
0.0017194453188747877,0.2781860938421423,0.00032326863948601274,0.7267324019993584,0,0.0006196798181547763,6.410287760957662,0
0.023507784150490416,0.4886057441716452,0.0002877546356706243,1.4700636275098988,0,0.0004364206223486369,4.938343040964472,0
0.0118222894380509,0.24107873394511997,0.0004090633277199601,0.9326021839583227,0,0.0007355729325481892,5.7958058483251405,0
0.04533764199713017,0.3210955513669701,0.000982359767624529,1.091696127496427,0,0.001540415514798596,5.176650256029714,0
0.0017058770300210913,0.2692747298764792,0.0003449645266774229,0.7702527826764093,0,0.0006475023811304599,6.430372021354991,0
0.02769798921165262,0.47984498850594487,0.00026016073435995013,1.4839220051130644,0,0.0004790253575234475,4.934662437445506,0
0.01367201948588443,0.26405425757526035,0.0004143551448787128,0.9553467730084355,0,0.0007152792927160751,5.811902950573021,0
0.07619626672913443,0.30708306731500606,0.001007422821952641,1.1397510441258392,0,0.0015818451055914235,5.211766817082193,0
0.0005388701296315801,0.2760354418248638,0.00034656667005829084,0.7838874747714503,0,0.000662670778744793,6.448599618576699,0
0.03231325730951226,0.4760578112046971,0.0002456550876179184,1.4701993574674304,0,0.0004383449999219818,4.936716947742421,0
0.01757504522506568,0.2557767031783158,0.0003909816092239779,0.9797345848138463,0,0.0006906005652110471,5.813297470006255,0
0.05073072146879012,0.31331929091843386,0.001011939478182483,1.1538633093291115,0,0.0017246391911209173,5.199031718039915,0
0.0029315583728387884,0.27256682822972167,0.00032984935846065304,0.7340419510772006,0,0.0006241367440680198,6.410999606178489,0
0.022072750572567218,0.48460405659851574,0.0002468497993995297,1.481019496203328,0,0.00044844510578206866,4.938666794343823,0
0.014655031885299936,0.23704194995048566,0.0004038470571121472,1.0074593053489214,0,0.0007254311643992112,5.79757261369622,0
0.0588021097675655,0.3351047111411597,0.0010637637370923105,1.156063849234342,0,0.0017677569572355741,5.187633293260336,0
0.01076013554854309,0.25052714774712,0.0004033764932410007,1.0249006584519864,0,0.0006770504950510311,5.822048724920164,0
0.0005767264512260839,0.269140395051839,0.00034922710660814925,0.7879408328191296,0,0.0006708872457122008,6.432984253106218,0
0.025678540878772728,0.47865012138541596,0.00025358461320533943,1.4938534141782394,0,0.000463984148105496,4.937214746899741,0
0.04225169596089012,0.3270496786476075,0.0009778424395408144,1.1627100603950336,0,0.00169842667854716,5.229885312717597,0
0.002655598052297925,0.27407511547078894,0.00033750691589729285,0.7270315128877227,0,0.0006432620470927885,6.427967358382994,0
0.026833006186181584,0.49685610668433966,0.0002756695773429457,1.4887801424276597,0,0.0005016373900206926,4.937959815348249,0
0.017359131535327935,0.23106637590538387,0.00039384026261131167,0.9855771695516929,0,0.0006969755733269753,5.80743378624692,0
0.05287929428123676,0.3220304436980174,0.000983778794931752,1.1765518367503573,0,0.0016318214382121043,5.190326414584079,0
0.00675700973450577,0.27215522839331435,0.00035108019250062555,0.7505726085724208,0,0.0006552620547147439,6.410371843784513,0
0.020661572201143674,0.46114025932586306,0.00022889109571949302,1.5413993781984638,0,0.000412477569865258,4.939496086033016,0
0.024254444653186963,0.24308973265554004,0.00039118900118918223,0.9623718444312415,0,0.0006564168399360501,5.798093644699233,0
0.06361372790072391,0.29334576617557767,0.0010537445759679284,1.0872677093015983,0,0.0016765965585658648,5.182761582091128,0
0.0030484203916505415,0.27471183246716113,0.0003331275238919745,0.7680891057875838,0,0.0006367238728140081,6.416138834066287,0
0.02111075608637755,0.4680654163218178,0.000274441551317341,1.3768839744390973,0,0.00040764672691909843,4.93589442904701,0
0.021037939009489425,0.2472627685022461,0.000409024673974173,0.9718481251196086,0,0.0007332480511937279,5.801764129526728,0
0.05199075389200607,0.3337165609387245,0.0009951097053064741,1.1710749363010622,0,0.001734886409270593,5.1929944606801985,0
0.06120613712112933,0.32165670446929795,0.0009997557354691584,1.1502855407560755,0,0.001682261781631907,5.198288892570582,0
0.042599687172213574,0.47561324671480365,0.00027755836249365197,1.5011485102138085,0,0.0004507074845708779,4.937818261901177,0
0.0029646215679964283,0.2757780400025427,0.00033101306659535256,0.7612224968033882,0,0.0006347815461012238,6.4194475601407195,0
0.01564182218767788,0.25517770831875847,0.0004035062371839022,0.9628235790180038,0,0.000705754128846294,5.811881499685418,0
0.003886714199768715,0.26459868164157635,0.00034751995702415265,0.7533423867561363,0,0.0006455550939171888,6.397601085750981,0
0.028760113195817963,0.476166751264957,0.00026328820410512243,1.4825980177168836,0,0.00048305134095695393,4.937456070191277,0
0.018238793127426954,0.24195740780301403,0.00040766399742199206,0.982300346414498,0,0.0007114586502350023,5.793371531430473,0
0.06448407485796646,0.330665992109065,0.0009736163766874407,1.1738692627805825,0,0.0016207169129014189,5.2053560970508,0
0.006949805700753986,0.24579539473930564,0.00040425297595699287,0.9897663501171138,0,0.0007160779988201573,5.828179279345458,0
0.04721284113349579,0.31254516331883864,0.0009205968137826244,1.1171969702220705,0,0.0014643555587226969,5.212045692638482,0
0.0032015407494867254,0.2789478048850055,0.00034309992405698287,0.7302276194950379,0,0.000650499558207545,6.4379016920204535,0
0.023691781807114703,0.48466711897449455,0.00025728020185860983,1.4698686080991445,0,0.00046999267339236246,4.935131770448643,0
0.016667858418261527,0.2576872861956564,0.00039250568348986873,0.9646797716706563,0,0.0006785173062016094,5.816806377770115,0
0.0614372157685837,0.3076095636460136,0.0009478727204868852,1.121859978896096,0,0.0015617276013379223,5.23165237527428,0
0.004458502139738418,0.2720637909387586,0.0003425721921809531,0.7621918575465418,0,0.0006569330314765209,6.43044232155093,0
0.024570964634308745,0.48775440817384785,0.0003046523319835508,1.4824678113336658,0,0.000468833728395249,4.939014329362022,0
0.0018642629680990785,0.2759909187386412,0.00034668567754913307,0.7846941662872458,0,0.0006623165659424964,6.437679735444546,0
0.01647950255157167,0.48350014880566117,0.0002310818692092473,1.5230448593014545,0,0.00045044670194592214,4.940133024065113,0
0.012073853913526715,0.26359052341465405,0.0003917167806787067,0.9388194057540684,0,0.0006723263230987426,5.821052900091001,0
0.053318220527028774,0.3191258627173191,0.0009869820942908414,1.141118497907346,0,0.001651677697392683,5.214383366895027,0
0.014793634367528286,0.24179823253500546,0.00040221846602608147,0.9659821792565824,0,0.0007030915127874758,5.802464236128198,0
0.001917807824802914,0.27703326899679165,0.00033721737141580426,0.769881392194398,0,0.0006498656146708712,6.423391455454166,0
0.028723379475379042,0.49690775169721263,0.00027592502060579723,1.4834465849670109,0,0.0004971793532346397,4.937363548266938,0
0.053337004957581494,0.311179947194391,0.0010150742536507418,1.1253883328388146,0,0.0017380714151134604,5.197294374703288,0
0.00454959611877398,0.26418561725127016,0.00035119830859591715,0.7444173299744863,0,0.0006709370204020745,6.433290392661689,0
0.03701837240345779,0.4801020627620795,0.00028145411841789793,1.4792289255780582,0,0.0004149776564548008,4.938317349542742,0
0.012689273500209763,0.25342579736350035,0.00040452304854451894,0.9531232327693036,0,0.0007273938650831197,5.829069318103169,0
0.05490469072549313,0.31743925807548423,0.0009598039295414191,1.1536140286768002,0,0.0016396597063295052,5.2221428475154275,0
0.054197679802177295,0.3251012652547492,0.0009918447650660795,1.1840527606678382,0,0.0016589338904206233,5.2079388070531305,0
0.029072513636432283,0.5137834945784557,0.00027031798332265107,1.5282505535561368,0,0.0004905578357429551,4.938148859358256,0
0.003091058692553522,0.2685278342010902,0.0003428699197197871,0.7714346067702949,0,0.0006415664356585692,6.428560057524451,0
0.021004450242070663,0.24534180808037026,0.00039664277491653497,0.979992922656356,0,0.0006843962816608313,5.804608769694182,0
0.023902793247321717,0.4709369355541892,0.00027483374623706665,1.5039359457539447,0,0.0004545320108404025,4.939229844822554,0
0.05366701881951032,0.32878820142765514,0.001035278989361694,1.1760044350679835,0,0.0016736392600901894,5.196912283426246,0
0.016420988402362655,0.249784294581802,0.00039766654742003137,0.9619344873843032,0,0.0006605457006274342,5.795540599342609,0
0.0026591510332022172,0.2783870315675698,0.0003326622365601796,0.7778161809431119,0,0.0006320651588363066,6.415100460483177,0
0.0009561246969267412,0.275654897247705,0.0003423299728088709,0.7397078896660394,0,0.0006728559027320226,6.4410867167815615,0
0.02798427053087843,0.46435771750196536,0.00026618412726581,1.4774071515258573,0,0.00048051814188139187,4.936134126687913,0
0.01040880187953687,0.2643406586558398,0.0003956812677574129,0.8590406477041408,0,0.000713121369170321,5.84744091042684,0
0.060234006551754454,0.31992370135112663,0.0009037354533226509,1.146754232948443,0,0.0014722842766373592,5.2296614603506795,0
0.013977187476523024,0.25721796562699256,0.00039130555866426426,0.9606536199975211,0,0.0007025527343122711,5.8196973676348245,0
0.0018563156813753423,0.27375196771867266,0.00033511073388071413,0.746971954256787,0,0.0006239514208953944,6.430828915669736,0
0.030759557551087363,0.47792741576138753,0.0002536101913155095,1.4748868036858043,0,0.0004739503987428495,4.937707438576761,0
0.049735400046440004,0.3072713444977771,0.0009551807032692386,1.1110974813980508,0,0.001500736405595631,5.226915568487986,0
0.0010850970754370803,0.26813206931650513,0.0003241315866765445,0.8026571567982236,0,0.0006232597804912669,6.404644906079617,0
0.02933169020056962,0.4538677678638246,0.0002380451839619986,1.4794823061504245,0,0.00043837430059440847,4.935252748971374,0
0.014422912504868442,0.2663094720475576,0.00043283440579310013,0.941914699891019,0,0.0007172390580697898,5.77881192622904,0
0.06452468461482191,0.30666129966731,0.001006465276542297,1.202005042029394,0,0.0017020856347118472,5.176836053994726,0
0.0019812940757950037,0.278139059148267,0.00033162105310428674,0.7561114554994519,0,0.0006449786746410511,6.401536632216329,0
0.022013944868590915,0.47806298923485296,0.0002744905703086011,1.4216466678356847,0,0.00039619142629425836,4.935784204351745,0
0.020795451102513365,0.2354929685171826,0.0004256093562131608,0.9952861503479564,0,0.0006968748531805733,5.788744496340676,0
0.057317772131542044,0.3396660217274413,0.0010466062796341512,1.1517677078644872,0,0.001796518411399475,5.178337742506786,0
0.0032010781031663327,0.26797274189250875,0.00032572162518874713,0.7532383963344382,0,0.0006308061435746523,6.3981925807677245,0
0.025927807613680194,0.4935910401459307,0.00026143774417166456,1.4562028818557604,0,0.00045877067124418247,4.937170226123529,0
0.012689054502728767,0.2259082925617378,0.0004305059791341039,1.0440690783217426,0,0.0006920383928249394,5.78760663855914,0
0.05801042777918832,0.3272982957065389,0.000972839421043134,1.1649058208702385,0,0.0016230999706459994,5.185227261973274,0
0.006138817597906979,0.2683256836542536,0.0003479068184533075,0.7806794784813772,0,0.0006641091689487599,6.415953071169279,0
0.032290827451682214,0.49463058225544276,0.00026960592797680344,1.5098971853811953,0,0.000493170913822464,4.935453611987936,0
0.013191852259023668,0.2512930224971129,0.0003865739299374913,0.9881536841055907,0,0.0006854843995248349,5.810592374907415,0
0.049585414825128446,0.31877144275569874,0.0009773480143590964,1.1267683700970326,0,0.0016533383392159059,5.1946498834193955,0
0.002131373849026369,0.28437295382542754,0.0003287145908202624,0.7423793192195908,0,0.0006174067255898702,6.415038902961708,0
0.030527985264757293,0.48507662534004253,0.0002673437338363019,1.4779300097106198,0,0.0004879515934657109,4.93692757867286,0
0.01245435056753541,0.23461536893743196,0.0004070120824434064,0.9951634650465955,0,0.0006986070019410999,5.797945699089897,0
0.049243715179022485,0.3257174477635809,0.0009829371702235802,1.1476091196436626,0,0.0017089209171091756,5.187466547876382,0
0.04241955582036238,0.32081739243059276,0.0009966057511571543,1.16557796879123,0,0.0016001478608146903,5.208625133037115,0
0.029832317694349464,0.4757547845442133,0.0002591058152742548,1.4899977029797846,0,0.00045922409338352763,4.938697697527445,0
0.003544271977415636,0.2722230190192645,0.00034837064190742676,0.7744482160906749,0,0.0006666561220987808,6.408707705236584,0
0.01209019289458585,0.2532073994530593,0.0003984274981083004,0.9828190733819222,0,0.0006931465430450006,5.799654188186557,0
0.009858598312988895,0.25380131613919465,0.00038804794584575646,0.9786515235476745,0,0.0006940008852855507,5.827320054746474,0
0.002689356052687955,0.27401508742046327,0.0003502454337661235,0.750215910915143,0,0.0006642942652149239,6.43434943958254,0
0.0365726864001876,0.4790158674161263,0.00029961942636202304,1.4904691164956687,0,0.0004485814884224357,4.938998206226043,0
0.06717663814742508,0.3113041163174037,0.0009711432547697696,1.1100577575432435,0,0.0015682083479139925,5.214569063901321,0
0.01186001440219523,0.24935530003216083,0.0003880186493499916,0.965084263189568,0,0.0007069576767051194,5.817838858226297,0
0.0020071206918377688,0.2759730035258158,0.0003433774989817677,0.7558055245629225,0,0.0006535942027276629,6.43423016168383,0
0.02357847648863646,0.4578336443743561,0.0002786030913055775,1.4524043476427653,0,0.00040586053655163756,4.939540784889581,0
0.05422047446213965,0.32553840160628444,0.0010114800345730707,1.1870971568336035,0,0.0016255000443099038,5.240171601544855,0
0.005773469899528788,0.26892681175898797,0.00034505173559875153,0.7356817811170693,0,0.0006384369442993614,6.422349040704267,0
0.028007844656422386,0.4608661393738935,0.00023076352363698383,1.4740517094978145,0,0.00043326615207320214,4.938677517632936,0
0.012592169507795285,0.23791766432124037,0.0004035080769972426,0.9249878045963469,0,0.0007046485079588531,5.816993642729935,0
0.052970117232305096,0.30517495809535305,0.0009840495174969596,1.0955889988013485,0,0.0016001373003459345,5.204732886760797,0
0.015528267290953239,0.2533309772454141,0.00042041701224229965,1.0172620051303711,0,0.0007260087641532203,5.820576162456053,0
0.059836045000241186,0.3136888686639175,0.000946669687480615,1.1404667381631828,0,0.0016403266989588258,5.218955700638113,0
0.0031069489011884277,0.2686141176614229,0.00033437934843807873,0.7444979125589904,0,0.000631681038632972,6.433048568346092,0
0.023570983808545245,0.47673412819837074,0.00024617125700133417,1.4844003262184968,0,0.0004494135980763206,4.938551502432797,0
0.004740173548203844,0.2741363750360011,0.00033976052538491064,0.7836693027833472,0,0.0006527336383257802,6.4304723601694835,0
0.027785472396658784,0.49043409291895157,0.00028621773760736176,1.4988258278862001,0,0.0005224531889615393,4.93371552167165,0
0.02119635902108747,0.2569557787383282,0.0004050744494190404,0.9954717535889236,0,0.0007086711263173911,5.796859488610206,0
0.044859035061565744,0.31594418572607114,0.0009580075928612083,1.1481422458933157,0,0.00162075983860189,5.1930942875857875,0
0.0027010668927158477,0.2728313779795692,0.00033663928302794154,0.77209217623341,0,0.0006516655751823103,6.422805163892311,0
0.02308105703578708,0.47369784081494853,0.00026554449297596305,1.4422576952777595,0,0.0004449504156023931,4.937015739618041,0
0.010932940035683548,0.232526645395046,0.0003884109848631476,0.9305063097856734,0,0.0006664907918940331,5.799074717999528,0
0.06317310806658394,0.328645921678719,0.0010156563217577866,1.1694229468881143,0,0.0017228490493986961,5.179155944901779,0
0.06891105964636181,0.3306971276013868,0.0010594707570214061,1.1764197613689293,0,0.0017461006659589494,5.199576990624811,0
0.016518990307856904,0.4867649691457552,0.00022465547768795238,1.516669815518592,0,0.0004085497209996653,4.937324179583078,0
0.001294291266959735,0.27311954751465484,0.0003405146123950122,0.7581120269127626,0,0.0006411654255633597,6.411636894781424,0
0.013572953899890564,0.2394520609960543,0.0004017387871357876,0.9602427865123333,0,0.0006987198169337789,5.805587840646926,0
0.0008930821987739174,0.271139437980598,0.0003421860113979438,0.7585684550548741,0,0.0006384327290926776,6.416675247203761,0
0.025224232063677618,0.4945759336829188,0.00029428425544013315,1.4781842905699372,0,0.0005030761242183858,4.938824747885626,0
0.019611057450026562,0.24761461551578656,0.0003763996486624592,0.952107841050732,0,0.0006641891142940421,5.811733050322595,0
0.0491332106715764,0.31909569217003303,0.0009744917606310301,1.1336217183806947,0,0.0015593759841857195,5.203171802698951,0
0.06705927553608683,0.33144874591628914,0.001021294273612707,1.1803898945122886,0,0.001703374850037561,5.191118556301429,0
0.03346414868156261,0.46812039695418833,0.00023752297922915015,1.4685166689197098,0,0.0004302195086525884,4.935714370723312,0
0.005337967055583356,0.27638757265570907,0.0003435553112279451,0.720406760925406,0,0.0006482811812072198,6.422060323319318,0
0.008677599028533017,0.2391349289391727,0.00039037959259180093,1.0052471913702274,0,0.0006877745822478129,5.79400878424582,0
0.0032383171735318322,0.2772720400697964,0.00033167282372732266,0.7737180465748905,0,0.0006403972875461197,6.42622242862639,0
0.02070849775611461,0.47278962180040374,0.00026388930353145676,1.4533451349088489,0,0.0004259993304575111,4.9364600424248435,0
0.016600369187028424,0.26062653392063945,0.00040632275313702337,0.9481249075370366,0,0.0007030359522229017,5.79775534986161,0
0.04711184198944243,0.319994239756565,0.0010346765079649388,1.1867692970032522,0,0.001808514339457412,5.188035569578893,0
0.01889642769434765,0.2591169362935293,0.0003920723640179065,0.969998786355117,0,0.000671156813088527,5.795985628414667,0
0.06256938015504063,0.31119303917410673,0.0009950881299144673,1.1313476532223918,0,0.0016571722107546541,5.191041199661585,0
0.0029842137917905076,0.2704066631097323,0.0003387625162717322,0.7610349340870248,0,0.0006417882056683645,6.425309656714621,0
0.020946536168382004,0.47308483924151984,0.000223577628549716,1.4924336484359657,0,0.00047969014581105286,4.936343001163451,0
0.0023981965967146135,0.2748843633451498,0.0003431851985601955,0.7506678541841951,0,0.0006420165258645137,6.419717745615667,0
0.03457631445435823,0.4729645376599007,0.0002899420576803611,1.498839300749188,0,0.0004385131646139338,4.937056513577156,0
0.0105274649732496,0.23237100292510027,0.0004097276594653735,0.968365857618259,0,0.0007160188185574372,5.824848764793979,0
0.054803662281593425,0.3131673203043714,0.0009835921259304721,1.1169993474492423,0,0.0015828637713937188,5.22373372473442,0
0.04173348277264875,0.30313772616441165,0.0009398540282252535,1.127583881590843,0,0.001565984289822821,5.211543138655069,0
0.024652827504635058,0.47555505380252694,0.0002755250685604058,1.4523912609032148,0,0.00046116571058679593,4.937363226212593,0
0.005425301045118208,0.2744374146453231,0.00035206170479127973,0.7381884909612587,0,0.0006610398346766966,6.434180979851343,0
0.022466000030946873,0.2452661179651853,0.00039973357403430516,0.9955867047548045,0,0.0006436420162436396,5.818781765061005,0
0.002518263540411375,0.2699564339465313,0.000347914066631884,0.7639778073717763,0,0.0006690516776249706,6.42952490719514,0
0.02293367718459322,0.4744281790523674,0.0002466228582047697,1.4901539236385115,0,0.00041795264401972343,4.937668968510179,0
0.011375445932770824,0.25285446879829376,0.00040172994966375283,0.9689168924574374,0,0.0007327929633838953,5.830151162973491,0
0.0511334648948286,0.30804876059267916,0.0009716030524399458,1.1244370027001238,0,0.0016333376258935938,5.222818290342753,0
0.05367821013119187,0.3371311378912131,0.0009901465302528548,1.1829145763473694,0,0.0016966929043592557,5.198325383157712,0
0.02679788144995137,0.5106282175794186,0.00027666912456852916,1.5031471939375927,0,0.0004931436703655163,4.938504317197917,0
0.0031065374202800256,0.27339724593745957,0.00033163738893555924,0.7473983406999554,0,0.0006383486534844542,6.427654074148876,0
0.012733141028226147,0.2483307682420948,0.0004050883788241226,1.02246367280991,0,0.0007115047307520734,5.813570150359902,0
0.0034290416853811068,0.27359733857031643,0.00034010541683607043,0.7720616153534785,0,0.0006462559083208189,6.430345425333651,0
0.03137631639384553,0.4654620997809562,0.0002557418892613715,1.4896295076846553,0,0.0004611218075924615,4.936815287127132,0
0.01401864817056915,0.2526130866490291,0.0004002449195048203,0.9729232432187094,0,0.0007264187535038586,5.809689575550925,0
0.0690704031060729,0.3291266887078041,0.0010014398042029922,1.1570383657510268,0,0.0017037061876955231,5.202211727773568,0
0.015526270875721254,0.24875215394315656,0.0004063826156968209,0.9963770331285635,0,0.0007130428980740288,5.808540483102001,0
0.04793013998924742,0.3184412092482437,0.0009790230380556787,1.1307634319842819,0,0.0015977633649973339,5.2055859233684965,0
0.003352040361679909,0.2766188956146306,0.0003414145066896297,0.7665707315835084,0,0.0006578836013822718,6.434008639083361,0
0.025938750260261264,0.48658216437000257,0.0002697029191444512,1.4928814886314046,0,0.00045217136797540597,4.940714382482933,0
0.01971920091103875,0.2558113349766894,0.0004064028946352911,0.9737263517069843,0,0.0007006131439973196,5.80287644714037,0
0.04998040808459686,0.32154869853568435,0.0009933126390169603,1.1525576959243293,0,0.0017099103608561865,5.201186406760835,0
0.0036345097186233077,0.27300975618488926,0.00033175050049675424,0.7639799553384062,0,0.0006295118094248035,6.425949761843621,0
0.019348314193379224,0.46184393193640905,0.0002758096293079362,1.442345179342801,0,0.000445335033436869,4.938308198008745,0
0.0028661734163123453,0.2760776122566785,0.00034100527557254766,0.7456003673845772,0,0.000644958103550604,6.430696855341239,0
0.021181745327108547,0.4884579751809581,0.0002651427265500849,1.4413397737850557,0,0.00046018093771209924,4.935090174563883,0
0.007884794222695023,0.24841647016513174,0.00038648244689234854,0.9258463879413203,0,0.0006850648978317077,5.799809007323005,0
0.047899371534330826,0.3185426709295996,0.0009898509635691988,1.1635024620017314,0,0.0017294818879700065,5.209487219372852,0
0.01838741058417629,0.24601275198824787,0.000413608587167801,0.9861667656722157,0,0.000717015947133084,5.824930362735969,0
0.024723360040534405,0.4849142335831485,0.00021872658545005796,1.5547671285217506,0,0.00045813297659382744,4.938911486349347,0
0.05071338489019564,0.31480663574924334,0.0009831186955809794,1.0873574799534065,0,0.0016588760218627918,5.206038524152671,0
0.007737889506834378,0.2807346164692403,0.00033436547360532183,0.745052821006152,0,0.0006317906261174972,6.419392353174412,0
0.012217937598238568,0.2436321605619372,0.0003888105860044459,0.9689148632494471,0,0.0006825009184023346,5.806291295317219,0
0.06578089606073256,0.3282170984126225,0.0010220026107437938,1.164542587790989,0,0.0017314015196782091,5.198012795722699,0
0.001407163538869341,0.2811421098576825,0.00035146182603831546,0.779005584351862,0,0.0006729741344644395,6.419359588459202,0
0.03457617574243711,0.46917062923743674,0.0002901249766224836,1.488056713960414,0,0.0004254150268679527,4.937904008276885,0
0.044918929990294953,0.3162673949017533,0.0009707197498877618,1.1196896703024315,0,0.0015669413835308317,5.202908357598473,0
0.024411595404037978,0.48740712734129804,0.00025808864025079516,1.521598928334869,0,0.0004452697022328655,4.93879347582159,0
0.002841080219331854,0.25906024622551044,0.0003498230693163932,0.7572073277470206,0,0.0006539903934451587,6.423450861394048,0
0.01908335245491125,0.2538651585956537,0.0003996241751493718,0.9617094006005844,0,0.0007014750742653122,5.806995860910973,0
0.006020474482349353,0.2804495502657828,0.000354352074428278,0.7425982355265586,0,0.000682782098866496,6.418974248586579,0
0.035831641581750194,0.46222803666161955,0.0002674115940198943,1.4816146382303235,0,0.00048510858893997523,4.935916534624924,0
0.024348270659189757,0.2519286199052971,0.0003957815417707086,0.993834274565062,0,0.0006672427964925838,5.80693186974472,0
0.05467095039504158,0.3226988282671809,0.0009516143683437075,1.1507322056079428,0,0.001592479814685055,5.184287259040909,0
0.012320336780723605,0.24622096238712748,0.000394476291569286,0.963091086843071,0,0.0007077223726621922,5.812216663843104,0
0.05772328828640136,0.32358646495027243,0.0010080276169867034,1.1632534077550718,0,0.0016932598517997058,5.204225112949256,0
0.0007652192264887558,0.27251225819429453,0.0003402405686817173,0.776581819102447,0,0.0006437578956141564,6.422513554827133,0
0.0252638634535291,0.475138713899804,0.0002792581312531718,1.4613268982639425,0,0.00047149365508497126,4.934643211724677,0
0.003603494793766815,0.2716986167210816,0.00033980194807948155,0.7315935752028064,0,0.00062869391810398,6.43632408863375,0
0.026042552524839963,0.46691725678351986,0.0002600201974263658,1.4681262356900158,0,0.0004578524504251716,4.935467436764062,0
0.014818285068561664,0.24219021134217386,0.0004032605850826398,0.9993138714300618,0,0.0007129279900652976,5.811574644557942,0
0.07255756718811834,0.32128745685658583,0.0010022356684812146,1.1673954742674504,0,0.001655069732857179,5.209607606081201,0
0.028983484087971734,0.5026706906243964,0.0002654252014604688,1.5028316900652403,0,0.0004820538563436277,4.937962386299465,0
0.05222565485772391,0.3177376681343926,0.0009633264376494082,1.1539779270346222,0,0.0015196095792510658,5.208028151304906,0
0.012765370041154411,0.24834959799698642,0.00040236849793989066,0.9743029368075786,0,0.0007085192528925339,5.815364966151197,0
0.002205594939533595,0.2708826301948069,0.00034309541829869534,0.7755234246591785,0,0.0006665479848859324,6.426562062128787,0
0.0017260827678503288,0.2765701371369935,0.00033837254979907745,0.7295415639989189,0,0.0006434511177553368,6.438389687283772,0
0.027949128068551102,0.4729473215927393,0.00024072410231324576,1.4529011148741358,0,0.00042419675134965605,4.942160640520364,0
0.014496686206227585,0.2514206221467566,0.00039387809142305057,0.9791457899675269,0,0.0006670012651491132,5.82120206517929,0
0.05379773608092663,0.3245438596264281,0.001010163803505546,1.1646952629884753,0,0.0016933017184043405,5.207365529982686,0
0.0011998896282654492,0.2700666491375932,0.00034142290643048506,0.7758297901896745,0,0.0006445055752839906,6.417420660137273,0
0.022286609772474132,0.24947706320717647,0.00039536244847269134,0.9873745997462708,0,0.000645616721118148,5.801519866925711,0
0.04879252201012438,0.32103657010059544,0.0010127721083561573,1.1352692396461914,0,0.0017557438253008532,5.1944504470496495,0
0.03174506243165404,0.4710166780798089,0.00027376501099290307,1.4757393373936372,0,0.000501426922325049,4.93638259422966,0
0.012001202936854513,0.2590578586231427,0.00041405059171484445,0.9379117790063428,0,0.0007422904275304062,5.818179849913147,0
0.019902902365787165,0.47151404530230645,0.0002695221238830504,1.4295101089428035,0,0.00043085636147783787,4.938059179919999,0
0.047351760166000456,0.3207995113938384,0.0009496908163478903,1.1595137804074458,0,0.0015337458691788077,5.2161680164995685,0
0.003115833939958998,0.2763188333825621,0.0003393357181365413,0.7491748549146058,0,0.000636780286960492,6.432219138723691,0
0.05451362027854677,0.3133626613912822,0.0009638234322039174,1.179189200635044,0,0.0016305700360875399,5.218462582296418,0
0.030590019713728534,0.4884686086885797,0.0002558159715842537,1.4812391172929655,0,0.00046252348900018713,4.936122365273916,0
0.0014222820313440215,0.274116180866603,0.0003421309837154783,0.7900849581632824,0,0.0006583340822847791,6.433749795274317,0
0.013450583794216063,0.26087762244491103,0.00041467210461029806,1.0213646124829632,0,0.0007165657616755488,5.809675986233506,0
0.050102730745368765,0.3210823741599975,0.0009327354230098863,1.1557308753764381,0,0.0015214073025254591,5.19161113264849,0
0.025644917469207888,0.48193006058208643,0.00026001469105500557,1.5710184006518595,0,0.0004691990547934515,4.938579742659283,0
0.0032643097678691224,0.2734549241068758,0.0003425666988933332,0.7504726508510862,0,0.0006576384178608545,6.422164280241889,0
0.006755984480080898,0.25087072848665787,0.0004036223384206708,0.9540972606015438,0,0.0007213857101944067,5.821924411264995,0
0.01640459731145888,0.2629458540858664,0.00039745081878342646,1.0445679232093734,0,0.0006895998916189388,5.810460248084921,0
0.03821620000807084,0.4702279034196481,0.0002179509608603058,1.519751411383758,0,0.00043198432922898723,4.938672305813953,0
0.05764069711710597,0.28508805408675036,0.0010114301782260398,1.1127429387854195,0,0.001565064683896418,5.214620359895173,0
0.003298881063096365,0.26810612879248175,0.00033661569593511044,0.7494479583476741,0,0.0006352127492518332,6.422854881073146,0
0.0005913065608539186,0.2771983038567123,0.000343900592439026,0.779499722586129,0,0.0006847156257580281,6.432082701672087,0
0.027953546153759112,0.4653142337495772,0.0002442922852443391,1.476269351205162,0,0.0004640989537750399,4.938333078899313,0
0.016011900035886047,0.25065748992801495,0.0003811352557568577,0.9300109023750867,0,0.0006719977756375927,5.80604531045273,0
0.07493442874544616,0.3363948299445623,0.001005196183475349,1.186467949440462,0,0.0016730262314558846,5.1928114157937495,0
0.004926182784305622,0.2631745989069742,0.0003457227590744578,0.7651222832953677,0,0.0006432887181724013,6.419176358065879,0
0.028345084612852723,0.4898682006204608,0.0002574510034256392,1.4442589916400475,0,0.00042432955079382785,4.938177035385813,0
0.014850928935550338,0.25637975226604465,0.0003944570058000665,0.9599384980773367,0,0.0006980614939707039,5.796981477538634,0
0.04405023587465439,0.3230325552064831,0.001073044528387891,1.1774509558360127,0,0.0019080656182323122,5.20422494973249,0
0.0029630407348295584,0.28007602776357104,0.0003370847435462289,0.7429441386216445,0,0.0006333653509587624,6.427304588192121,0
0.02508012209224498,0.4818220881021324,0.0002880631751120268,1.4556473096859288,0,0.0004937332077233745,4.934239617260037,0
0.0101218735576791,0.24462073408745424,0.000403847138043395,0.9196181989744878,0,0.0007064360635018691,5.82475935989669,0
0.058122479849976774,0.3196566066650961,0.000992430791973424,1.1593383237870616,0,0.0016642623136684347,5.217803722657243,0
0.0053517556615124695,0.2718703926135617,0.00034350484266778777,0.7506836733298694,0,0.0006495788254117257,6.426603866558811,0
0.019819573686966307,0.48242459134308113,0.000276427753914834,1.499004454619904,0,0.0004502965090740334,4.9383353640001015,0
0.00976542138923149,0.2371761995037875,0.00038476067311465754,0.9434654085627552,0,0.0006882364864379583,5.8020994369338155,0
0.0648808406594327,0.31906512167987694,0.0010343927213681797,1.1200730581684333,0,0.0017038658448768483,5.1756293402187925,0
0.0017383175938951445,0.2775459046377054,0.00034270714869720807,0.7526370401626457,0,0.0006509337382787027,6.417217149711351,0
0.02245986514725266,0.48456916600707717,0.0002696587738544614,1.4829103412137772,0,0.0004340616884194521,4.938275425163196,0
0.011133059049675195,0.234340675883522,0.00041659506695986047,1.0157246108276161,0,0.0007027896791690108,5.809978790091895,0
0.05218108508143149,0.3171970968076887,0.0009583043784013192,1.1287448471325652,0,0.0015424826958380722,5.222020693895466,0
0.00370780298293312,0.27772514616017635,0.0003403023237595195,0.7597391275139748,0,0.0006385700521102598,6.424672073377657,0
0.02632555734284472,0.47205214501156006,0.00027073247374941674,1.5111061780751456,0,0.0004907750211581575,4.937829248183035,0
0.017872553510802934,0.23555097002126624,0.00039885959745303843,0.9713479580284736,0,0.0006835334514851951,5.80574037775601,0
0.05397765937513453,0.32388346535020573,0.0009682940559478138,1.1254075319478483,0,0.001604379322516392,5.202521971576181,0
0.0018256466280917594,0.2787794169190789,0.00034074069822922625,0.7382655466659374,0,0.0006478243827262126,6.425432882290147,0
0.020533783822006758,0.48491597846315615,0.0002698533753534739,1.4222190492747397,0,0.00043277733262688233,4.940019343694938,0
0.011637062886971188,0.2457180236585213,0.0004014688612958222,0.9206520433312497,0,0.0007014531517888229,5.804372704002915,0
0.07130813758545253,0.33347986015289,0.000985552085685932,1.159344778135884,0,0.0017540600495870614,5.193901969723695,0
0.017415290667152958,0.26652153770594234,0.0004141568782108645,0.9552637767628791,0,0.0006819792686803724,5.803337128152899,0
0.0593352279628374,0.3189349753424963,0.0010026603049378545,1.1564845785863036,0,0.001686373707251494,5.190913084729889,0
0.00035227601541340525,0.27642867093215967,0.00033558160010407065,0.77764394204232,0,0.0006481598959265704,6.423565252176192,0
0.027634473088327487,0.48412906727694616,0.00023807261351352352,1.4890271981000582,0,0.00044159551106528864,4.933574403641156,0
0.0036739307417947287,0.26589133846548735,0.0003465995838175469,0.7610242213942384,0,0.0006470658753113217,6.4275244370961495,0
0.024746811002792617,0.48010648398962835,0.0002528366587538855,1.4448416781642226,0,0.00043638867913515123,4.9357188279931306,0
0.015519518998889738,0.25074511705877184,0.000402080377568384,1.0244689867616292,0,0.000710070567738123,5.806623961817194,0
0.04907059792319103,0.31522474470743517,0.0009965557899438392,1.1107311937043167,0,0.0016500424103068822,5.207840595444176,0
0.014226177834111425,0.24402631126348015,0.00038374412027036224,0.9324807192515319,0,0.0006809122052608823,5.811656980705724,0
0.05694010650310745,0.3322154559307446,0.0010306781140554848,1.1729256993009545,0,0.0017015059981346054,5.1926059846795525,0
0.0013578504870102315,0.27602541943617215,0.0003382347259806774,0.7278591259304437,0,0.0006542758520264817,6.439857784701712,0
0.026520564522473377,0.4917129374615296,0.0002343851074772202,1.5445805731502962,0,0.0004769568157436001,4.937957701587622,0
0.0018910399905359976,0.2698023537682949,0.00034090905543703736,0.7362621313932421,0,0.0006352658687863675,6.420939912024938,0
0.031941831999565434,0.44207700470081096,0.0002882082642465889,1.4806893227497517,0,0.00042624076578343686,4.938773962456698,0
0.01468715626037198,0.23895522216719162,0.0003897707010004311,0.9545989908384771,0,0.0006902428403578125,5.796818808150074,0
0.05667537014178081,0.31170910264901663,0.0010477792980775652,1.1261176507557122,0,0.0016935766360976646,5.193987988840554,0
0.01607441605507133,0.2495118223669672,0.0003996752514279043,0.9781962107083695,0,0.0006933071338002561,5.8063165836457005,0
0.0458988879340919,0.32197185413298646,0.0009568991673194891,1.140979518019204,0,0.0015650836137532356,5.199909446735547,0
0.0044353704403453376,0.2832257812456129,0.00033859141666285505,0.7752704426790219,0,0.0006401296410348189,6.413776254601076,0
0.021927067529531826,0.4875347796549828,0.00025642544300475615,1.5101204201854754,0,0.00044611080820879427,4.941528516317658,0
0.002490346765695456,0.2760424987989503,0.00034503026881535016,0.7530101344100629,0,0.0006590039456227129,6.422377866379825,0
0.028765639367695148,0.47744381733718794,0.0002662213199562312,1.471084507362825,0,0.0004747331266444993,4.93569582216369,0
0.008379012140971441,0.24259783532805168,0.00039498973845962087,1.0163617050490252,0,0.0007015050343134295,5.816847687947715,0
0.05633509367483394,0.3325063559592494,0.0009922005863513665,1.1759624194890514,0,0.0017467415254140385,5.205063814430213,0
0.05660383793220637,0.2893250428949771,0.0010051367243119728,1.100493234737375,0,0.001570545801770914,5.2185932851483745,0
0.03817779788981844,0.4850717167772528,0.0002719283864068617,1.4971164832332207,0,0.00047143893147524044,4.938221483878746,0
0.002873804288344939,0.2683017116224022,0.0003406813140818991,0.7642070553812519,0,0.0006467418931102905,6.421840371059392,0
0.01449237198717742,0.2603797183152952,0.00040478529468866275,1.048841129949703,0,0.0007095429757029805,5.814640298414268,0
0.01139180654110656,0.24932747602877453,0.0003958087728100977,0.9971572048363149,0,0.0007084034768066879,5.832450655600163,0
0.026284459189555336,0.485034064999338,0.0002790212087963134,1.4622421998952455,0,0.00045528795089623124,4.9363399923273334,0
0.05289875616462725,0.3161587560910095,0.0009604157296985049,1.1293325812147066,0,0.0015769191374600537,5.220211988622251,0
0.006114566941401972,0.2651989531329431,0.00034650173278708154,0.7700810814909762,0,0.0006631477430466033,6.434743036552993,0
0.004497083788442352,0.26834973711324733,0.000348704023855086,0.7592881950786524,0,0.0006590761577560989,6.422849360341347,0
0.021742732391014177,0.4905988489066841,0.00027531380514712916,1.4586406496373734,0,0.0004234511060063426,4.93763101153681,0
0.02378371865193542,0.25297965149879326,0.0004063489666671795,1.0266390855692695,0,0.0006734080849670701,5.808256743387812,0
0.07942163448372971,0.3095434098014441,0.0009877499444115305,1.1212925270696479,0,0.0016346538400123954,5.189974239832768,0
0.05252686839946309,0.3117788548637647,0.0009571451129035235,1.1105557596911049,0,0.0015674373249104092,5.2157928861293605,0
0.01622510907416409,0.4869312153365049,0.00020510845039015534,1.437519973493035,0,0.00039254788953968056,4.940226726700143,0
0.005595753411234722,0.2745086354448085,0.00036290830790137996,0.742790628409633,0,0.000684180218814031,6.43936504744912,0
0.012997299721339915,0.24821289782715544,0.00038568326984644516,0.9590759406470648,0,0.0006509184027864301,5.8302646645127565,0
0.05673915946475835,0.3320307155846937,0.0010423739684411518,1.209379553991354,0,0.001769083339506228,5.209687457765593,0
0.010222631175922328,0.24639112815884376,0.00039808885898052706,0.9530684501339419,0,0.0007205911901778555,5.807942931755727,0
0.025655483842349197,0.4757298048407791,0.0002619863250739679,1.4775834713023859,0,0.00047728960337821186,4.93690779398849,0
0.00035906551571715517,0.27139379785169715,0.0003305432281946395,0.7387883134328052,0,0.0006354782440584864,6.432136644832767,0
0.017228959775124196,0.24385089310735034,0.00038713144454199184,0.9855936363338017,0,0.0006718991024947428,5.813677259612522,0
0.04745892086201557,0.3178223565455089,0.000965903349765094,1.1195056492034272,0,0.0016056607762546396,5.191921851400792,0
0.0025666456292384454,0.278125037960898,0.00035670077317735764,0.7830026888189316,0,0.000671282863209871,6.41882411695823,0
0.02286538932539812,0.4859022213752678,0.0002803226929076382,1.4664617257586061,0,0.0004541852077580307,4.935819064589494,0
0.0028553696267302336,0.2734181313432828,0.0003387153765805265,0.7176208966035524,0,0.000638452354957613,6.426031904546109,0
0.025544026824138293,0.4697846301877336,0.0002759918037051324,1.4725896452891376,0,0.0004595678494948477,4.936141608817022,0
0.016983356382148332,0.24114564441926953,0.00039924701220409053,0.9635340616822601,0,0.0006868962770025388,5.80804834370627,0
0.049459330135296214,0.32887009612268714,0.0009904128163390716,1.1636949256595805,0,0.0017850782481669146,5.197719769270711,0
0.009820962500772717,0.2546183853186465,0.0003944456106087322,1.0081760680511422,0,0.0007179497427448978,5.821242311293193,0
0.0025226704497609,0.2716751361801573,0.0003454207269958738,0.7782259314900506,0,0.0006608474758369377,6.421618672026885,0
0.02974638263972766,0.4848457655107979,0.00024467563663762155,1.4848682465680212,0,0.0004599359446319904,4.93919162846413,0
0.05122348225576158,0.3152188925357159,0.0009557830829234162,1.141756611795973,0,0.0016214358510543382,5.2218396742465565,0
0.0002635151277166209,0.26993202096706465,0.00033569069286806905,0.7809762842772339,0,0.000654713258716735,6.426093461075984,0
0.02661135241418334,0.490650506227647,0.0002835165372865052,1.4925256241425582,0,0.0004633990179075537,4.937823586087047,0
0.011600138197529704,0.25100200245196813,0.00039883878953879474,0.9640240964393232,0,0.0006826026338721612,5.795169644244958,0
0.055703198771626175,0.3135085179719053,0.0009739922445384657,1.1209216950783727,0,0.0015932016243778377,5.192727530984542,0
0.002316255848147347,0.2736267717677079,0.00033701225217104693,0.7533751080851402,0,0.0006427126391553734,6.426228777461962,0
0.026294361519658763,0.46859213923650156,0.00025282443157807543,1.485142173001178,0,0.00047375337339898636,4.937471182588243,0
0.011726783962810405,0.2506217971603321,0.00040408463357942273,0.9526060248541448,0,0.000723481762921458,5.813156441349142,0
0.05210835603911954,0.32309288299001976,0.0010268573002598345,1.143919305451507,0,0.0017136221350983064,5.215610478904565,0
0.029516535888282222,0.45456106817954944,0.0002410666406281921,1.526576355248799,0,0.0004574929363968735,4.9397332774037,0
0.004383314451538042,0.27766242656822415,0.00032951488987402954,0.7425911950733878,0,0.0006099511498973166,6.416299251640282,0
0.04386555389364524,0.3138834096308941,0.00102295053602107,1.124556232747633,0,0.0016191537838094198,5.177827825354528,0
0.014130505498589095,0.2515798229815611,0.00040985762840911187,0.9615783474659114,0,0.0007053478259126219,5.798988284829942,0
0.003502699334519438,0.27647697069123905,0.000347674237237077,0.7765654656108537,0,0.0006649713242720835,6.428082475816853,0
0.049839864580308604,0.47126933005985583,0.0002898340303303566,1.4927467960246337,0,0.0004963062524916645,4.934124830261285,0
0.019043450578421398,0.25502567993742803,0.00039110885218307057,0.9761372152073967,0,0.0006949260946853775,5.806831480023569,0
0.05897782633626748,0.3212734049205408,0.000991155209159116,1.1514287079589591,0,0.0016454973014011617,5.225141792603678,0
