[10.0],2
0,0,265
[10.0],2
0,0,260
[10.0],2
0,0,230
[10.0],2
0,0,265
[10.0],2
0,0,230
[10.0],2
0,0,263
[10.0],2
0,0,255
[10.0],2
0,0,265
[9.8125],3
1,2,151
[9.808333333333334],3
1,2,149
[9.8125],3
1,2,151
[10.0],2
0,0,262
[10.0],2
0,0,258
[9.875],3
1,1,152
[9.8],3
1,2,147
[9.8],3
1,2,144
[9.8],3
1,2,145
[9.8],2
1,2,143
[10.0],2
0,0,267
[10.0],2
0,0,250
[9.8],3
1,2,147
[10.0],2
0,0,257
[10.0],2
0,0,272
[9.875],2
1,1,152
[10.0],2
0,0,248
[10.0],2
0,0,293
[9.8125],2
1,2,155
[10.0],2
0,0,247
[10.0],2
0,0,283
[10.0],2
0,0,292
[10.0],2
0,0,262
[9.875],3
0,2,151
[10.0],2
0,0,257
[10.0],2
0,0,264
[10.0],2
0,0,263
[9.8125],2
1,2,153
[9.8],3
1,2,146
[9.8125],2
1,2,150
[10.0],2
0,0,255
[9.8125],3
1,2,150
[9.8125],3
1,2,152
[10.0],2
0,0,290
[10.0],2
0,0,293
[10.0],2
0,0,247
[9.8],3
1,2,144
[9.8125],3
1,2,153
[10.0],2
0,0,284
[10.0],2
0,0,256
[9.785714285714285],3
1,2,133
[10.0],2
0,0,272
[9.875],3
0,2,158
[10.0],2
0,0,264
[10.0],2
0,0,294
[10.0],2
0,0,289
[9.8125],3
1,2,151
[10.0],2
0,0,287
[10.0],2
0,0,287
[10.0],2
0,0,246
[10.0],2
0,0,296
[10.0],2
0,0,253
[10.0],2
0,0,256
[10.0],2
0,0,284
[10.0],2
0,0,285
[10.0],2
0,0,296
[10.0],2
0,0,292
[9.8],3
1,2,147
[9.808333333333334],3
1,2,149
[9.8125],3
1,2,154
[9.8],3
1,2,142
[9.8125],2
1,2,156
[10.0],2
0,0,266
[9.95],3
1,0,195
[10.0],2
0,0,258
[9.866666666666667],3
1,1,142
[9.808333333333334],3
1,2,149
[10.0],2
0,0,254
[10.0],2
0,0,272
[10.0],2
0,0,252
[10.0],2
0,0,255
[9.8],3
1,2,142
[9.808333333333334],3
1,2,149
[10.0],2
0,0,280
[10.0],2
0,0,300
[10.0],2
0,0,261
[10.0],2
0,0,257
[10.0],2
0,0,299
[10.0],2
0,0,287
[9.8],3
1,2,144
[10.0],2
0,0,288
[10.0],2
0,0,257
[9.875],3
0,2,152
[10.0],2
0,0,263
[10.0],2
0,0,265
[10.0],2
0,0,294
[10.0],2
0,0,283
[10.0],2
0,0,269
[10.0],2
0,0,249
[10.0],2
0,0,261
[10.0],2
0,0,290
[10.0],2
0,0,256
