[10.0],2
0,0,290
[9.952380952380953],3
1,0,203
[10.0],2
0,0,314
[9.866666666666667],2
1,1,142
[9.95],2
1,0,199
[9.947368421052632],2
1,0,189
[10.0],2
0,0,288
[9.95],3
1,0,196
[10.0],2
0,0,297
[9.95],3
1,0,197
[10.0],2
0,0,197
[9.95],3
1,0,196
[9.95],3
1,0,193
[9.952380952380953],3
1,0,200
[9.95],3
1,0,198
[9.95],3
1,0,195
[9.95],3
1,0,197
[9.95],2
1,0,196
[9.95],3
1,0,193
[9.808333333333334],3
1,2,149
[10.0],2
0,0,198
[9.95],2
1,0,194
[10.0],2
0,0,282
[9.95],2
1,0,195
[9.95],3
1,0,194
[9.8125],3
1,2,153
[9.95],3
1,0,195
[9.952380952380953],3
1,0,200
[9.8125],3
1,2,152
[9.95],3
1,0,198
[9.808333333333334],2
1,2,149
[10.0],2
0,0,258
[9.952380952380953],3
1,0,201
[9.95],2
1,0,194
[10.0],2
0,0,285
[10.0],2
0,0,255
[9.95],3
1,0,194
[10.0],2
0,0,290
[9.952380952380953],2
1,0,200
[10.0],2
0,0,257
[10.0],2
0,0,190
[9.866666666666667],3
0,2,145
[9.866666666666667],2
1,1,146
[9.95],3
1,0,193
[10.0],2
0,0,262
[9.95],3
1,0,193
[10.0],2
0,0,259
[10.0],2
0,0,290
[9.95],3
1,0,192
[10.0],2
0,0,273
[9.95],2
1,0,196
[10.0],2
0,0,289
[9.952380952380953],3
1,0,201
[9.95],3
1,0,194
[9.947368421052632],3
1,0,188
[9.95],3
1,0,191
[9.95],3
1,0,199
[10.0],2
0,0,316
[10.0],2
0,0,261
[9.95],3
1,0,197
[9.8125],3
1,2,152
[10.0],2
0,0,262
[10.0],2
0,0,260
[9.95],3
1,0,193
[9.95],2
1,0,197
[10.0],2
0,0,288
[10.0],2
0,0,264
[9.95],3
1,0,192
[9.95],2
1,0,197
[9.95],3
1,0,194
[10.0],2
0,0,290
[9.875],3
0,2,150
[9.95],3
1,0,192
[10.0],2
0,0,261
[9.95],3
1,0,195
[9.95],3
1,0,197
[9.95],3
1,0,192
[9.95],3
1,0,196
[9.95],3
1,0,199
[9.95],3
1,0,198
[10.0],2
0,0,189
[10.0],2
0,0,266
[9.95],3
1,0,194
[9.95],3
1,0,195
[9.95],2
1,0,194
[9.95],3
1,0,194
[9.952380952380953],3
1,0,202
[9.95],3
1,0,199
[10.0],2
0,0,259
[10.0],2
0,0,295
[10.0],2
0,0,303
[10.0],2
0,0,194
[10.0],2
0,0,285
[9.952380952380953],3
1,0,201
[9.95],3
1,0,197
[9.95],3
1,0,190
[9.95],3
1,0,195
[9.95],2
1,0,197
[10.0],2
0,0,257
[9.95],3
1,0,195
