[10.0],2
0,0,193
[9.875],3
0,2,152
[9.875],2
1,1,151
[10.0],2
0,0,297
[9.8],3
1,2,147
[9.8125],2
1,2,153
[9.95],3
1,0,196
[9.8],3
1,2,147
[10.0],2
0,0,258
[10.0],2
0,0,290
[10.0],2
0,0,301
[9.875],3
0,2,154
[9.866666666666667],3
1,1,143
[10.0],2
0,0,287
[10.0],2
0,0,290
[10.0],2
0,0,289
[10.0],2
0,0,290
[10.0],2
0,0,264
[9.8125],3
1,2,151
[9.947368421052632],3
1,0,188
[10.0],2
0,0,256
[10.0],2
0,0,297
[9.866666666666667],2
1,1,142
[10.0],2
0,0,266
[9.808333333333334],2
1,2,149
[10.0],2
0,0,263
[10.0],2
0,0,258
[9.8125],3
1,2,152
[9.95],3
1,0,195
[9.8],3
1,2,147
[10.0],2
0,0,290
[10.0],2
0,0,291
[10.0],2
0,0,286
[9.866666666666667],2
1,1,148
[9.8],2
1,2,147
[10.0],2
0,0,296
[10.0],2
0,0,317
[10.0],2
0,0,266
[10.0],2
0,0,289
[10.0],2
0,0,290
[10.0],2
0,0,257
[9.952380952380953],3
1,0,201
[10.0],2
0,0,260
[10.0],2
0,0,301
[10.0],2
0,0,295
[10.0],2
0,0,280
[9.952380952380953],3
1,0,200
[9.8125],2
1,2,151
[10.0],2
0,0,243
[9.95],3
1,0,198
[10.0],2
0,0,282
[9.8],3
1,2,145
[10.0],2
0,0,250
[9.875],2
1,1,155
[10.0],2
0,0,266
[10.0],2
0,0,264
[9.808333333333334],3
1,2,149
[9.785714285714285],3
1,2,135
[9.8],3
1,2,146
[9.8],3
1,2,144
[10.0],2
0,0,198
[9.95],3
1,0,196
[9.875],2
1,1,152
[10.0],2
0,0,258
[9.8],3
1,2,144
[10.0],2
0,0,261
[10.0],2
0,0,291
[10.0],2
0,0,259
[10.0],2
0,0,258
[10.0],2
0,0,286
[9.8125],3
1,2,152
[10.0],2
0,0,258
[9.870833333333334],3
1,1,149
[10.0],2
0,0,290
[10.0],2
0,0,291
[9.8125],3
1,2,152
[10.0],2
0,0,273
[9.8125],2
1,2,154
[10.0],2
0,0,293
[10.0],2
0,0,257
[10.0],2
0,0,289
[9.875],3
0,2,153
[9.866666666666667],2
1,1,148
[10.0],2
0,0,281
[9.8125],3
1,2,153
[9.8],3
1,2,145
[10.0],2
0,0,260
[10.0],2
0,0,254
[9.8125],3
1,2,152
[9.808333333333334],2
1,2,149
[9.95],3
1,0,192
[9.8125],3
1,2,155
[9.95],3
1,0,195
[9.866666666666667],2
1,1,146
[9.8125],3
1,2,153
[9.8],3
1,2,144
[9.804166666666667],2
1,2,148
[9.8],3
1,2,140
[9.8125],3
1,2,152
[9.8125],3
1,2,156
