[9.8],3
1,2,147
[10.0],2
0,0,280
[9.952380952380953],3
1,0,200
[9.95],2
1,0,191
[10.0],2
0,0,318
[10.0],2
0,0,289
[9.8125],3
1,2,155
[10.0],2
0,0,286
[9.947368421052632],3
1,0,189
[10.0],2
0,0,259
[10.0],2
0,0,246
[10.0],2
0,0,283
[10.0],2
0,0,301
[10.0],2
0,0,256
[10.0],2
0,0,259
[10.0],2
0,0,266
[10.0],2
0,0,262
[10.0],2
0,0,291
[10.0],2
0,0,284
[10.0],2
0,0,308
[10.0],2
0,0,294
[9.866666666666667],3
0,2,147
[9.95],3
1,0,199
[10.0],2
0,0,282
[10.0],2
0,0,303
[9.947368421052632],3
1,0,185
[10.0],2
0,0,286
[10.0],2
0,0,295
[10.0],2
0,0,265
[10.0],2
0,0,258
[10.0],2
0,0,194
[9.95],3
1,0,195
[9.875],3
1,1,151
[10.0],2
0,0,289
[9.95],3
1,0,199
[9.95],3
1,0,190
[10.0],2
0,0,237
[9.947368421052632],2
1,0,188
[9.8125],3
1,2,151
[9.95],3
1,0,198
[10.0],2
0,0,296
[10.0],2
0,0,259
[9.95],2
1,0,196
[9.875],3
1,1,154
[9.95],3
1,0,193
[10.0],2
0,0,268
[9.8125],2
1,2,151
[9.95],3
1,0,197
[10.0],2
0,0,327
[9.8125],3
1,2,152
[10.0],2
0,0,259
[10.0],2
0,0,197
[9.875],2
1,1,150
[10.0],2
0,0,257
[10.0],2
0,0,289
[9.8125],3
1,2,152
[10.0],2
0,0,259
[9.95],3
1,0,197
[9.95],3
1,0,192
[10.0],2
0,0,301
[10.0],2
0,0,289
[9.875],3
0,2,153
[9.95],3
1,0,198
[9.866666666666667],3
1,1,148
[10.0],2
0,0,261
[9.95],3
1,0,198
[9.95],3
1,0,190
[10.0],2
0,0,289
[10.0],2
0,0,298
[10.0],2
0,0,259
[10.0],2
0,0,187
[10.0],2
0,0,292
[10.0],2
0,0,296
[9.952380952380953],2
1,0,202
[10.0],2
0,0,259
[10.0],2
0,0,291
[9.8125],3
1,2,157
[10.0],2
0,0,292
[9.804166666666667],3
1,2,148
[10.0],2
0,0,298
[10.0],2
0,0,268
[9.95],3
1,0,196
[10.0],2
0,0,253
[9.875],3
1,1,158
[10.0],2
0,0,290
[10.0],2
0,0,256
[9.8],3
1,2,145
[10.0],2
0,0,297
[9.95],3
1,0,196
[9.95],3
1,0,194
[10.0],2
0,0,248
[10.0],2
0,0,283
[9.875],3
1,1,150
[10.0],2
0,0,254
[10.0],2
0,0,261
[10.0],2
0,0,291
[10.0],2
0,0,302
[10.0],2
0,0,296
[9.95],3
1,0,196
[10.0],2
0,0,288
