0,0
0.9437713476267924,0.18081255840823496,0.3137704918032787,0.3748904659611101,0.3052801519468186,0.1598753448452028,0.44748451053283766,0.4425911949685535,0.7778952947613209,0.8048132600726603,0.4009869879939244
0.9874763307228195,0.07313218894258286,0.6493612210288299,0.7426267237138869,0.6869240593378525,0.03733603337291201,0.8010126906806818,0.7961223162003901,0.579546467533572,0.8250300944812822,0.2446602342689902
0.9033962597117644,0.8461887160383903,0.09231291939182856,0.18896982063574863,0.1207652451175768,0.41115137136023205,0.09879230309917747,0.04776615504936932,0.9358555813760681,0.7967457949929695,0.49549265844605256
0.973965125777367,0.12275018065421112,0.47597896690380453,0.5531226594736194,0.46753749395258837,0.06857045638129908,0.6830328961212037,0.677066571733713,0.6556750876812681,0.833855674243114,0.2785600836084391
0,1
0.9877880821698145,0.07117899967693272,0.6467330210772835,0.743221571316511,0.686813186813187,0.03722950634223239,0.8052575677110994,0.801711590296496,0.5783547174512006,0.8251180918294874,0.24268890479046684
0.9036022356865443,0.8416086770716493,0.09159434265509458,0.18840715314353307,0.11988157086196294,0.4136779456341646,0.09982506013557818,0.04957454679985207,0.9355046183430313,0.7967346488468123,0.49459435119010586
0.9458347341534483,0.1820240704055197,0.31709601873536297,0.3749816621736342,0.3085618085618087,0.1571649842953613,0.4576835803601603,0.4530262190639549,0.7740708716806404,0.8056611159753694,0.39069087642900346
0.9743831436304942,0.11904786703116407,0.48192938209331654,0.564186040823381,0.4787201402586019,0.06541467881255357,0.6825278810408921,0.6744847605224962,0.6517964237240007,0.8341435608190623,0.27762531621552405
0,2
0.9033207787285923,0.8467778407115505,0.09097137264497179,0.1883155202634913,0.12019673711215983,0.4134345768856748,0.09844827905084247,0.04747958321599549,0.9362923278560038,0.7966959361274417,0.4953587555297909
0.9861628435261857,0.07881352546411649,0.6482405763809126,0.7371212413394236,0.6732447783403198,0.037950422014384116,0.7849667321762603,0.7779954332411969,0.5847542791727343,0.8232492625478143,0.24860288878733666
0.9448654384247636,0.17871159332945216,0.3105110896817743,0.3746582875830801,0.30702195408077765,0.1595183286352244,0.4479432417328766,0.44363053397459606,0.7776765336144057,0.8052734404458313,0.39632437303378487
0.9746764903454375,0.12146661140640577,0.4457733428367784,0.5320116832602173,0.45405673231760196,0.07328993429616039,0.6956198480685307,0.6901558654634946,0.6587774972792656,0.8400944429168161,0.2760153240397588
0,3
0.9037807805713294,0.8431307617842564,0.09166666666666673,0.188796130605226,0.12105294396961086,0.41127187478713256,0.09903578066914481,0.048761792452830244,0.9356157993947504,0.796788442611653,0.49448011125781677
0.9443197456486143,0.18522798945428132,0.31188524590163935,0.3729511092599438,0.3045861031972144,0.16024525518545005,0.44467678645187936,0.43757861635220113,0.7777318281812817,0.8047596551573944,0.3952426127118114
0.987555603012276,0.07359659696913279,0.6472925981122702,0.7433113849443586,0.6881828733680585,0.03726615977561111,0.8036498817167961,0.7988437837494442,0.5791389134126124,0.8247176131974427,0.2440848959250167
0.974118030741851,0.12203030873031559,0.47214351995051035,0.5549123358328029,0.4672257162823201,0.06803456067058535,0.6826821912043207,0.6763118547525809,0.6543492230626913,0.8339571965334999,0.27692994273497656
0,4
0.9860704213500171,0.07920558085448726,0.6465408805031447,0.7363049583244458,0.6713433317206902,0.03806258044781513,0.7837670384138785,0.7786638186780588,0.5849171124926789,0.8229586747769356,0.2484241675810994
0.904052477416657,0.8436346663123977,0.09155737704918027,0.18890526651763767,0.12021367521367538,0.4104106850924696,0.09994423791821533,0.04930188679245273,0.9353739228559732,0.7969416089198884,0.4930388101256906
0.9430370175637506,0.18022178185923882,0.3100546448087432,0.3676482702457111,0.3043304843304844,0.163582558495964,0.433903345724907,0.4295849056603773,0.781748734783206,0.8032963771940091,0.40320660528375923
0.9738703506373066,0.12207990319335293,0.44595866001425516,0.5334869265919624,0.45395763656633226,0.07316088111558808,0.6871989655729757,0.6829696472518457,0.6600299281011958,0.8370040594358211,0.2787512398232219
0,5
0.9874681968935831,0.07406612321725425,0.6463327471779454,0.7389380626931807,0.6856830213231598,0.0377037826111398,0.8012760319522518,0.7973232356205523,0.5807089520980632,0.8251571780037569,0.24339535736459522
0.9033150333673293,0.8455652409401788,0.0924935289042279,0.18879996055438147,0.12037786774628889,0.4120293165477298,0.09876736450792445,0.0470109235352531,0.9359609528540294,0.7967444484679023,0.49582354051701905
0.9445730271574085,0.18466870159515633,0.3116855821773855,0.3706852966788621,0.3040945284535028,0.16093619414031696,0.4466209131636641,0.4438074504112239,0.777783148153996,0.8044785319879478,0.3966209793244519
0.9742182412578094,0.11972033897705639,0.47153275571900516,0.5542355491537354,0.4723820047013964,0.06791896482530374,0.6832657215146931,0.676332592008035,0.654311072486744,0.8358142225486416,0.2763396064762922
0,6
0.9443585087387621,0.17881982081769215,0.311662170574808,0.37198529539778147,0.3048433048433048,0.1613568373442942,0.44974354148040097,0.44597563888225455,0.7790358164998492,0.8043301802631427,0.39894895858627516
0.9877019231477697,0.0715979419066749,0.6453665755919855,0.7391116886334975,0.685096153846154,0.03776476270960345,0.8022253201156547,0.7991090146750525,0.5801220264555711,0.825816063745953,0.24626858654855233
0.9039279408318839,0.8505729081667108,0.09308479653823709,0.18934358197292894,0.12048245043168904,0.4075269613322138,0.0997867642896233,0.047983909587204,0.9358251803311495,0.7969565824814238,0.4925311669805853
0.9744486365709757,0.11993127700685571,0.4718611378977821,0.5520612633621524,0.4679068208479974,0.06873864289764127,0.6808222173627816,0.6743618201997781,0.656152694972123,0.8341140581691819,0.2786236930072856
0,7
0.9873648463266403,0.07411237943601673,0.6451794107531814,0.7425601469911626,0.68539437770207,0.03736269605534956,0.8026880183014011,0.7982451510753398,0.5799627895698902,0.8243942408353369,0.24620367905782697
0.9037108631140918,0.8453534182863964,0.09296829491553615,0.1893451266848355,0.12130678120525851,0.4097055998348581,0.10078689638254079,0.049592950866775065,0.9352005565634733,0.7967464521137292,0.4936128382492804
0.9434800355079238,0.17941490907131594,0.31221857923497276,0.37036390387488677,0.3044634377967712,0.1632846292701202,0.4461462205700124,0.44241509433962256,0.7815398030365229,0.8029743156888999,0.40249254042829957
0.9746034854371639,0.1206731546839381,0.4684812867305908,0.5533284247251438,0.470730527334301,0.06818541538544581,0.6852633793925791,0.6795728017087931,0.6537950697191898,0.8357297787296127,0.27476324545226605
0,8
0.9032698250697749,0.8407700096213917,0.09142364106988798,0.18790233608049428,0.1197630829209777,0.4162769624582556,0.09861083936607301,0.0483416087388282,0.9359018314148138,0.7965853651960892,0.49556363008285165
0.9875485897132334,0.07258550337821212,0.6431859579400563,0.7385459586882884,0.6800867171237543,0.03766506039929969,0.8008711651834328,0.7944984435550475,0.5808246602255648,0.823961898252261,0.2475486708496174
0.973920837297144,0.12191671597334025,0.47065700851442366,0.5509633625240847,0.47070385830075756,0.06876137107997242,0.6795481398230598,0.6752084247476964,0.6565125265210456,0.8352002903415677,0.2799077018872563
0.9452772309432997,0.1756362559766198,0.3130083031722376,0.3736703348269599,0.30813630813630816,0.1618375621517544,0.4508038429971515,0.44454790492526347,0.7778915022195719,0.8036060501801,0.39438450186525087
0,9
0.9744958304288099,0.11873886131456923,0.47603012848914494,0.5568461660854811,0.4727364727364728,0.06759360478579841,0.6838282786238177,0.677394915130764,0.6542605314148215,0.8338845717869752,0.2798506503055437
0.904005778052258,0.8486644319363175,0.09269746646795862,0.18944459546651876,0.12040634262856492,0.4070540905117384,0.10009012053621719,0.049285305889079256,0.935688698640076,0.7969073504937695,0.49224520400794014
0.987147955160445,0.07493395635376052,0.65167891464104,0.7434400497593725,0.6814323607427056,0.03722170155343296,0.7993334187924626,0.7936109303838647,0.5805622373466548,0.8232170450535607,0.24719734136724414
0.9456164149586025,0.1825799986706218,0.3131147540983607,0.37593188892103313,0.30538686459739095,0.15724185009115205,0.454583251809822,0.45225918570009926,0.7772289322506125,0.80581344350346,0.394035256720282
1,0
0.9736987782933859,0.12209828240943638,0.4639077702252432,0.546451179860101,0.46386630532972006,0.0702749042408172,0.6797836008099858,0.6720816076085288,0.6565528555367643,0.8357269118675585,0.27815796489620115
0.9038207475863155,0.8449370439616072,0.09145377382042119,0.18866432861709187,0.1203233690543335,0.41150302198243915,0.09965467137169065,0.04917153529355445,0.9357087956608072,0.7968708273211412,0.49391376964090183
0.9871918387628247,0.07447012795529595,0.6457382495506779,0.73803822934985,0.67757049152398,0.03779706248067213,0.7951191196630808,0.7916504732652165,0.5814016539043039,0.8249468186141377,0.24636780243117118
0.9438726482386699,0.18221224781195394,0.3139237811368959,0.3742370456024423,0.3063233063233064,0.16038901325506003,0.4389272437599575,0.4355060034305317,0.7781826042238459,0.8038414582713844,0.3979987788252321
1,1
0.9871494532097206,0.07561398390305693,0.6497596014597696,0.7423104437757561,0.6857640461880745,0.03734627061714879,0.7987047959331119,0.7924261617441162,0.5802460521031059,0.8241478442496005,0.24629188601859273
0.9034146945276857,0.8445929479828864,0.0920529250228842,0.18881701414652036,0.12033783099772916,0.4119869333556012,0.09969241220538566,0.048137151613829865,0.9359295880555507,0.7967518270488732,0.4945854423386812
0.9456545396859279,0.1804479556815979,0.31403951240016814,0.37418783992452653,0.30842282124333414,0.15772598986620134,0.4527690401296349,0.44900822447992256,0.7760464342455545,0.8057674085435934,0.39164177857296817
0.9741073855856119,0.12058856418655275,0.4680140157677387,0.5492946360147296,0.46699723798960446,0.06922501768586932,0.6828371974233093,0.6764655048250034,0.6565212437391759,0.8354872452822261,0.27764538293885926
1,2
0.9876219386784909,0.0727694533617104,0.6460323511791298,0.7408221401716859,0.6810725880493322,0.03748853910553934,0.8035544467635762,0.8002632733655112,0.5797366049701669,0.8242776362934094,0.2459649696292328
0.9036450806137585,0.844011635857356,0.09161737366908929,0.1886667738862321,0.12062736805004859,0.41191693641575855,0.09883876901851069,0.04923166699085768,0.9356725037967106,0.7967412949276862,0.4947556252274532
0.945639955596317,0.1840702209364849,0.2890672696438666,0.35512873483233176,0.2865900383141763,0.16922826902682303,0.45883861043455965,0.4568379960962914,0.7838835198732212,0.8079749871477042,0.3925560248628045
0.9721930329652585,0.1241208451611023,0.4744058965561062,0.5523508616366605,0.47026215243269515,0.06897869385349817,0.6652690124203913,0.6572034518063476,0.660048930728786,0.8305009372748821,0.287749273189178
1,3
0.9744762888494991,0.12052071847383711,0.470952868852459,0.553875254037098,0.4699407941595442,0.06829785964480942,0.6850313661710037,0.6786998820754715,0.6549298173343271,0.8351061032228274,0.2797026428997972
0.9039281055591878,0.8500970974856188,0.09260256096566322,0.18949639484881614,0.12028178197332445,0.4069658858054672,0.1000758290332725,0.04841828592884656,0.935739848153572,0.7971049264773221,0.492738966549676
0.9874058868386647,0.0738222506458793,0.6455246472839437,0.7402379275325768,0.6860835641323448,0.0376730812294913,0.8025076745722316,0.7985799750180789,0.5801693977429857,0.8252702630000603,0.24421411613669677
0.9460297191883151,0.17984763296965883,0.30860123483074303,0.3688095311231967,0.3025493025493027,0.16383613831759328,0.4499348235407715,0.44704729233031115,0.7795838240544871,0.8047255711328127,0.39084347575626704
1,4
0.9743686372267218,0.12220699698029996,0.4688018229001836,0.5513765920558504,0.46880946880946883,0.06878332813246475,0.6853784214379011,0.6806294164784731,0.6554046132421205,0.8352369362507513,0.27844325785651775
0.9034007617312788,0.8441805746069502,0.09228107751874098,0.18851554236124551,0.12037394951967822,0.41352042217832796,0.09841026694812344,0.04788091400398253,0.9356847842000344,0.7965889731763032,0.494749285169226
0.9872623024474311,0.0744475286785597,0.6488750706613906,0.7413859850825152,0.6827782689851656,0.037461067284892346,0.799205230098705,0.7934157449577095,0.5801018422877213,0.8242225658454311,0.24547190731280513
0.9436345377771392,0.18499828795557877,0.30786885245901635,0.36679028353039655,0.3016144349477684,0.16411753686863523,0.44961586121437425,0.44387421383647796,0.7790302284229268,0.8052108624811968,0.3960271142389072
1,5
0.9743422937306471,0.12038531971703961,0.47759151978306424,0.5580764750644864,0.4731486836749995,0.06737752857672945,0.6836794588702237,0.676705915732728,0.6545568630233791,0.833418827631371,0.27883730955147285
0.9036879571005489,0.8473299838433697,0.09250585480093687,0.18915647380403822,0.1204285132856564,0.40937693535573,0.09923374554282666,0.04840200231035807,0.9357625949436017,0.7967008746939533,0.49451357716785094
0.9875887721446271,0.07254605180864596,0.6487038402632024,0.7426155038763844,0.688946066108696,0.03735031959279361,0.8040030357211769,0.7985636874061501,0.5794942587815033,0.8247136330046086,0.24455744773793994
0.9431943486169156,0.18222314906789705,0.3133712501394,0.3742691255244994,0.3056960676008296,0.1586394801100168,0.44632425460890673,0.4391220639199075,0.7790787016489016,0.803770820963585,0.40307055910753287
1,6
0.9744611037381816,0.12077070587030786,0.4765486171943436,0.556144657749882,0.4708249059394098,0.06766853444006188,0.6832202956951106,0.678049834365548,0.6540102569483838,0.8337919702456187,0.27756938429287864
0.9040886297219017,0.8463600497802315,0.09286305679748308,0.18939535568047822,0.12067973179084301,0.40768501661139844,0.09997746986594552,0.04917095483133227,0.9354353444166765,0.7970394420920357,0.4922132494065005
0.9876151643452051,0.07266059229027158,0.6463538722442059,0.7417521992013609,0.685548678652127,0.03734761629607182,0.8019356492757337,0.7967989590110607,0.5788591470575768,0.8247394313210852,0.24383378174920145
0.944013299582813,0.17700696423093565,0.31557377049180335,0.37468303570526573,0.30902055902055914,0.16058403798198934,0.4419019391138351,0.4353901070882203,0.7783394930630286,0.8027260547546574,0.40137837302271984
1,7
0.9872939807284674,0.07382282747040714,0.6487409160047323,0.7422427363352877,0.6803927903584261,0.037361697630316076,0.7967781908302356,0.7912987097192503,0.5812777526309054,0.8237188894178229,0.2469807085688311
0.9037407940861493,0.8414930334503814,0.09152034617625021,0.18831749051308538,0.12061260792225265,0.4138034163209352,0.09963580095484292,0.04880758548031805,0.9356327680909192,0.7967743640637553,0.49453725644849544
0.9745140868952847,0.11853666758838771,0.4729632389468455,0.5555483228693621,0.4700530950530951,0.06753765237436178,0.6848034245803762,0.6799599771297885,0.6548169166013873,0.8350364428518574,0.2784087366211158
0.9451667757284258,0.18303420631922301,0.3174039973051876,0.37823869516493414,0.31003395386957044,0.1564817776166595,0.44770076895656163,0.4421814422331351,0.7750184793789828,0.8045570567624825,0.3965200652417158
1,8
0.9875213162419999,0.072648474971441,0.645162779958439,0.7410829387837945,0.6854259459893264,0.03745878767033588,0.8025420179066967,0.7974887058198246,0.5800812517699567,0.8247342433372414,0.24314234025771098
0.9030213496227826,0.8457526637842128,0.09153287138752747,0.1881366402483745,0.11977560431168666,0.4145599596140049,0.097248304142874,0.046294495234390054,0.9365294070367091,0.7965157771785522,0.4968733697238099
0.9442168563407526,0.17641743448465505,0.3117308920587609,0.3742658608713409,0.30517630517630523,0.16064752275414376,0.4498624052527398,0.4481009556481254,0.7797450292833986,0.804381450462227,0.40071970181434624
0.9745095922554051,0.12056062421111824,0.47327316264505437,0.5548378304761714,0.4700214475495375,0.06806547820639548,0.6850869498628573,0.6791039502508657,0.6544763239631237,0.8346711505303258,0.2775489495594141
1,9
0.9873048356041465,0.07421396115248952,0.6424952097083243,0.7365903249585395,0.6789044289044289,0.0379897415601666,0.7982788586877806,0.7939230580740012,0.5818437947977358,0.825869790620145,0.24438129815036852
0.9435338070514294,0.18114776300324353,0.31520707506471096,0.3719345654067602,0.30437471884840317,0.1613612545912139,0.4406427313637253,0.43604766633565045,0.7798782611277912,0.8040716046637177,0.4007755370575218
0.9036456748188855,0.8434205899630816,0.09228901032179737,0.18905902837460464,0.12099971359230627,0.41124544058282675,0.101433882103027,0.049715483677747474,0.9350950839461327,0.796754756911464,0.49379964008150534
0.9734905113425638,0.12376489509352406,0.4599081967213115,0.5447225042599426,0.4648774928774929,0.07076192908960857,0.6838661710037175,0.678188679245283,0.6570162084530181,0.8364302239182532,0.2774634919052716
2,0
0.9873542876790343,0.07354505815898219,0.6474294635887143,0.7411636053448488,0.6847975657499469,0.03755567568807436,0.8002427736894014,0.7950712360415864,0.5804234393798571,0.8244633437797065,0.2446299751624692
0.9033656956043816,0.8464085396315505,0.09178671965557217,0.18874045288589264,0.12014734236956465,0.4117224663101847,0.09903871428035,0.04779874213836438,0.9360143287615617,0.7967775900927472,0.4945559739422289
0.974634900179592,0.12157507328688344,0.4666239754098361,0.5507494945929691,0.4649327813390314,0.06926344616902527,0.6861640334572491,0.6804540094339622,0.6547701291290543,0.8358400241328979,0.2780924308719868
0.9437975411505959,0.18029827740801463,0.321224043715847,0.37900279209442833,0.3120987654320988,0.1564922005381288,0.44218091697645595,0.4359245283018867,0.7764423471481355,0.8030959997575877,0.3991653049675595
2,1
0.9456615586913264,0.18444672965848874,0.31101331279568717,0.3721938551989013,0.30411671351268676,0.15997088659590208,0.4549038197649759,0.45105736355578063,0.7772855832757319,0.805482132991832,0.39295393987810173
0.9038176361291632,0.8462300904256681,0.09190416141235813,0.1888353059011263,0.1201840894148587,0.40998570840963827,0.09979982842436375,0.04839864537977767,0.9359387329945419,0.7969404978551495,0.4943923743800409
0.9874843972274139,0.07351095225755216,0.6459678754760723,0.7408058097177244,0.6852379444972037,0.037581891597422326,0.8020727723329955,0.7990597801918553,0.5798820512607974,0.825139775420309,0.2438001894911322
0.9745648449326793,0.1199131318446438,0.4738023856605218,0.5546562635859307,0.4725797332801225,0.06791338387020979,0.6847091837472696,0.6778944277219,0.6530801888524695,0.8346738092471545,0.2771098274034849
2,2
0.9036941718234017,0.8401845796211815,0.09281967213114761,0.18877654549775852,0.12031339031339033,0.4126108613466842,0.10081784386617088,0.04960377358490581,0.9351459273697196,0.7967435959068623,0.4939369293402821
0.9873009077061038,0.07449116084307619,0.6456109754679688,0.7404235579116913,0.6874381200622337,0.03759985746035946,0.8016293601202248,0.7953030911280611,0.5796771914660817,0.8248287911374411,0.24794951294252202
0.9454827102116139,0.17639614320703947,0.30327868852459017,0.3664315630688608,0.29465416270971834,0.16450074077858381,0.45668112350268486,0.45327568134171903,0.7805899643231684,0.8057804336747154,0.39618767711365
0.9741029639269894,0.12003729544628333,0.47307135969141756,0.5537878845358162,0.4710805262275851,0.06837138400879915,0.6806117428383993,0.674902885682575,0.6552686523932532,0.8343455087893479,0.2789427882042551
2,3
0.9877741818161965,0.07149143683315753,0.646401581211487,0.7423009962748439,0.6889434442625934,0.03725990367885615,0.80402857971473,0.800441589723003,0.5781751557693613,0.8251099540104435,0.24332340874797342
0.9031328401128766,0.8467554912062129,0.09232184677149535,0.18846548557231807,0.12051572765858498,0.41372392678334236,0.09752674303922348,0.04743935309973052,0.9359156875717075,0.7965156478454012,0.49618863139069525
0.974413258207466,0.11997660680752628,0.4755330950326636,0.5585325467883031,0.4758477390056338,0.06726935031970444,0.6826033485199989,0.6753156476095898,0.6540861668944643,0.8331498190466666,0.2780646182731127
0.9449804989406825,0.17897206207060876,0.3104534809452842,0.3731521917952315,0.3060458060458061,0.1592829044359135,0.45456959397479846,0.45131095319774556,0.778240225101122,0.8051653112505914,0.3975790126706611
2,4
0.9871754741166531,0.07521993653190884,0.6430882432505546,0.7380168734570793,0.675570975901009,0.037663073296192395,0.7980786926276271,0.7918052182576749,0.5811247056178759,0.8246729231655117,0.2454699319398385
0.9039456230644652,0.8458272242916842,0.09284573350147157,0.18940250270012643,0.12094382350792632,0.40845804088626203,0.10086741016109024,0.048979196903725375,0.9353303241690629,0.796960225909069,0.49270313775275665
0.9442345941733401,0.18397041726313398,0.314732528041415,0.3752769723954483,0.306436497225971,0.15975340543040445,0.44120524359225205,0.43684210526315786,0.7768823699328362,0.8042669064214161,0.3963505144636164
0.9737170158353995,0.12124150676285353,0.46409307244844,0.5464788633782236,0.4664208252917931,0.06991432636117031,0.6860085142103369,0.6787127206329884,0.6567980859597358,0.8365320375007335,0.2786352915971417
2,5
0.9038968238130779,0.8513140081340609,0.09189141547682,0.18891689037016024,0.12004105014857708,0.40853932031848256,0.0985729703801414,0.047677013593021234,0.9362871788423127,0.7969417524798771,0.4927462647346672
0.9446104626418544,0.18312451868344187,0.30977301387137457,0.3709852100162865,0.3049894075535101,0.1621164620519632,0.44550090553808025,0.4411223996129656,0.779250904853595,0.8052242205278802,0.39465646540568244
0.9742961589162815,0.12054996083136699,0.4743751168734028,0.5542995603336668,0.4678430990218063,0.06841896851608462,0.6834070702644635,0.6780543797976899,0.6557277616467316,0.8346085595091775,0.27878497837163074
0.9877049995152777,0.07293163070962438,0.6475130084484979,0.7410253079167742,0.6847816574779031,0.037448942335221475,0.8020985320425797,0.7992658896258613,0.5797669531581537,0.8247123644890737,0.2432829433513482
2,6
0.9875166909442472,0.07257230022126651,0.6456494325346784,0.7404729901097791,0.6849361464746081,0.03756311890827066,0.8000233966776716,0.7960548885077185,0.5802108232350351,0.8250934999483944,0.24504201254812374
0.9039385351335992,0.8459902298884994,0.0919872867179658,0.18919976481835876,0.12085004942147787,0.4091211034837967,0.1003907139063806,0.04907585675779741,0.9356343635115131,0.7968867292965293,0.49319773972325764
0.9741346050615654,0.12256820089966083,0.4759435760579489,0.5581399289477543,0.4725700655933215,0.06714085604777101,0.6822137690556468,0.675647213690215,0.6531820878383342,0.8342155426244119,0.2761766910836138
0.9453290243232054,0.18044840325592754,0.3130732517119734,0.37414451546503147,0.3057989830141729,0.15849654605114247,0.45343748529480965,0.4501791258657749,0.7783362247627581,0.8050263180617448,0.39626776220349597
2,7
0.9870383933012007,0.07581836940715705,0.6509252570158377,0.7422618138912711,0.6790284417403062,0.037365287401308914,0.7946947262302315,0.7882571154461147,0.5815063324593328,0.823429929984898,0.2469277792255215
0.9036477732810797,0.8405303628360286,0.09232525895114585,0.18867685827234598,0.12067865799209071,0.4129794218851587,0.09953947733451712,0.049263118370411974,0.9352881672883047,0.7966480705099311,0.4949549260297587
0.9438065608951286,0.18427828085603357,0.30978318350079326,0.36835560530524464,0.30282143185369,0.1639872015873591,0.44604868689291277,0.44180158247108936,0.7801094020940631,0.8044354551318552,0.4011284815671395
0.974063243202237,0.12045735647228842,0.46484369814827103,0.5456821407990801,0.4655985789589029,0.07015482406844742,0.6810047710067275,0.6772591857000992,0.6577535265201313,0.8350009756242261,0.2801381281582518
2,8
0.9742662796796627,0.12038258540242336,0.472415712960099,0.5548636626993096,0.4694941676073752,0.06773959873609771,0.6825980220242688,0.6763403346386614,0.6544442594900958,0.8347656522437887,0.2778092011343863
0.9437540198232567,0.1809451639537854,0.31134849286092015,0.37199765189006695,0.30357503905891003,0.15997356598779813,0.44811128432665787,0.44143639683505775,0.7785911419381336,0.8051245667095014,0.39786904673926615
0.9033368175418675,0.8443009409618536,0.09131816661090647,0.1884252445094894,0.12007965579394148,0.41388422897512955,0.09866474470829223,0.04836349634193304,0.9358264489628457,0.796593703294647,0.4954805298745084
0.9874510159428729,0.07324435001822091,0.64738457973701,0.7428434398736896,0.6872741183695248,0.03729292589397985,0.8022515007815888,0.7959997333155542,0.5794636138100648,0.824420123561426,0.2454674835614788
2,9
0.974369551142006,0.12118957749159864,0.47424069132037106,0.5562021595845121,0.4723712979526934,0.06733892174637608,0.6839140082418373,0.6764662863829164,0.6548117204721801,0.8347693805709188,0.2772037500533429
0.9036494097201164,0.8453295573880646,0.0915231897190874,0.18881451193478782,0.12064596486707035,0.4111711361548727,0.09889596682296253,0.04852564710344137,0.9358672723486148,0.7968604396055881,0.49435735813038495
0.944175038308451,0.1747112349299441,0.31580327868852454,0.373357811812431,0.3095916429249763,0.16155912605156497,0.4448574969021066,0.44150943396226416,0.7788428395568348,0.80250207901593,0.39918314730805016
0.987174036723023,0.07433671025771044,0.6523018189984282,0.7432665138096591,0.6825020489404052,0.03735394379740528,0.8001986046748485,0.7963168777461878,0.5809890402527266,0.8242923244652403,0.24589856608728122
3,0
0.9038892939158626,0.8404128814395104,0.09165117458171362,0.18853653311381574,0.12017211501747582,0.4127031413436084,0.10039090943931334,0.04983466251702001,0.9354086378807839,0.7967700938074898,0.4942793959445438
0.9447121577263813,0.1825057889304768,0.31402070750647115,0.3730874946274072,0.3073361823361823,0.15877138645249067,0.4446536881236549,0.4405908639523336,0.7789013400859581,0.8047684515087733,0.3982676175682799
0.9875485416424709,0.07344962715241643,0.6457207461842849,0.7412274725404897,0.6841241772276255,0.03752453113384045,0.8015254454557109,0.7979570592062459,0.5802803050670005,0.8248644791811146,0.2454171981677394
0.9743791606882815,0.12098308785541062,0.47264422475284695,0.5531158563615803,0.4690524347012897,0.06847249077097914,0.6827520644740203,0.6784531182485956,0.6554760107377694,0.8353478282201181,0.27802084001110067
3,1
0.9039004058176248,0.8453840700669646,0.09213783874205411,0.18916160839541368,0.12031222745508474,0.40959458142100186,0.09995447993323703,0.049152868694647744,0.9356134277674987,0.7969185242698463,0.4924868130424722
0.9744794142417018,0.11923180581148274,0.4749015122633118,0.5561204204888577,0.4736301596766713,0.0676507972528025,0.6865220022477738,0.6803861342694164,0.6535665833261783,0.8350038039082527,0.27585815408467895
0.9875844739114236,0.0737379394833304,0.6450002816742718,0.7407980498306422,0.6857677132591221,0.03746075778339805,0.8016198469576767,0.7972249238150813,0.5791342166231668,0.8255709879893575,0.2436959053669014
0.9454789981888889,0.18362952580542286,0.31449694631951136,0.37326126615399813,0.30638884233655483,0.15871878195098071,0.45540248317418663,0.44974719447527434,0.7760009762351143,0.8045483329870532,0.39428657520042354
3,2
0.9446589842896499,0.17962806082299326,0.3090967534554806,0.37091539266295925,0.3032419045490941,0.1623648250213201,0.44842918580071434,0.44429646072265383,0.7797185144061751,0.8049792238496015,0.3939954473020033
0.903707053109476,0.8431367977977888,0.09324784937510144,0.18908910254541844,0.12064539787312051,0.4107679843032836,0.10051897383046854,0.04911264711376767,0.9351699967904079,0.7967605360975344,0.49445793113987346
0.9872421658970879,0.07422433511444532,0.6518170354235926,0.7430748371684488,0.6855238778315704,0.03737194015752307,0.7979306938414747,0.7917931125478297,0.5807569277255384,0.8234164200955996,0.24675849952363715
0.9739443843939072,0.12119433936276383,0.4685845506155515,0.5518027824201984,0.46909885042180766,0.0688403758817681,0.684231842969349,0.67915718376037,0.6554883452097947,0.8355185054482936,0.27752655804486676
3,3
0.9874738039707128,0.07329428023419743,0.6500085087072437,0.7434030312991121,0.6879503938327469,0.03726940051470018,0.8024465854568377,0.7984331135339817,0.5793442856879186,0.8249418440198931,0.24616313468817075
0.9037517714113623,0.8464039054037442,0.09235813366960938,0.1889795240855321,0.12089999269486451,0.41038838805008204,0.09859879897054608,0.047972907595549175,0.9357667055964168,0.7966984106097059,0.4933222121845854
0.944145796663671,0.17641540432820368,0.3138360655737705,0.37309505332188464,0.305868945868946,0.15952556111849048,0.44879801734820324,0.4458867924528302,0.7778812747914127,0.8039624190253146,0.3991322830113684
0.9745944086914295,0.11950707879065389,0.4825012419274714,0.5617338103612612,0.47457480790814127,0.06618981464280077,0.6836628365438775,0.6755145797598627,0.6527741510302056,0.8331250843499854,0.27830436701861777
3,4
0.9036046508933995,0.8402769688988803,0.09137704918032796,0.18815652201341088,0.11971509971509953,0.4147486461632778,0.09918215613382891,0.049226415094339504,0.9356485945835069,0.7966565124828692,0.49485776759248556
0.9874000170075813,0.07350120371767813,0.6441299971239576,0.7388670042402578,0.6845504073574249,0.03770244810964782,0.8018261266549271,0.7960940086064214,0.5798184422895583,0.8250863777538763,0.24385092100769723
0.9453376309539749,0.17978219027508613,0.30924590163934423,0.37390492236225836,0.30417853751187085,0.15982144681720648,0.45462205700123914,0.45074213836477983,0.7776248119272354,0.8054914998314991,0.39693439265462555
0.9739332322720266,0.12041806885871331,0.4746743127843919,0.5572021416886017,0.4739527477170063,0.06746422176387472,0.6779227387733756,0.6718272472917711,0.6549507669312318,0.83395679470557,0.2786446659948111
3,5
0.9032891916553438,0.8422705586882177,0.09149429233542178,0.18855265757778633,0.12083650303545584,0.41372269925325655,0.0983670371163316,0.04796996937666692,0.9356433968466104,0.7965698235888088,0.4960414250570564
0.9741510554541489,0.12124597069604837,0.46788813886210223,0.5487671560572496,0.4652477515222614,0.06952409859417348,0.6835192069392813,0.6780170181280059,0.6560919484740984,0.8353876517083302,0.2782171491054614
0.9874079364172242,0.0733377448621961,0.6460345591493134,0.7404616077771102,0.682923307923308,0.037513436536055864,0.7985908771224757,0.7943013768485466,0.5805518664951387,0.8241923698706097,0.24459757740878985
0.9449000632702373,0.1805772023323004,0.3128835645229087,0.37227983715362956,0.3048798305208561,0.1602256263541642,0.4500285959393766,0.4447024673439767,0.7775556195616745,0.8048352685929354,0.3955216591120546
3,6
0.9739665927618173,0.12095243367243741,0.44043715846994536,0.5286250981480662,0.45229422866553676,0.07500067902008994,0.690336141044343,0.6878592468752487,0.6620174386090688,0.8389148203181228,0.2783444170656334
0.903795467309822,0.8435727155225428,0.09247583018074818,0.18892098704240007,0.1205785667324128,0.4107537995195091,0.09993327614145436,0.048766328011611015,0.9352895531496298,0.7968398438408197,0.49457870268996607
0.9865758445837322,0.07755977421154076,0.6484770129802969,0.7384190422921522,0.6742520244097531,0.03781963552372154,0.789300247440573,0.7819296470448188,0.584294731977701,0.822645277505522,0.2470189165081602
0.9424902828311965,0.18525207455920464,0.31378589503795795,0.3727381884676193,0.30675538729230006,0.1612453480613579,0.43624161073825507,0.430112701025706,0.7777028087675211,0.8036138484683588,0.4000395926934088
3,7
0.9028915778527619,0.8515239925012263,0.09114407147194065,0.18801744437545265,0.11950737876663792,0.4140157578647412,0.09647725261108142,0.0458820005989819,0.9371533002021334,0.7966120227617304,0.49671130016337217
0.987163460368357,0.07450333192994354,0.6478688524590163,0.7411549202258345,0.6827684448374103,0.037426362556945716,0.8034739136008203,0.7991281717631752,0.579796386172939,0.8244187671274102,0.24634546413809288
0.9743884780555926,0.12209823022508312,0.47199556267718473,0.5518422908530428,0.46826467879099465,0.06866534439193926,0.6827570785700311,0.6750602922400339,0.6555105963513647,0.8342658706809427,0.2770104206456114
0.9447615242848938,0.18110181174016943,0.31138969248901754,0.37446290837907076,0.3050667560471483,0.1598250246592285,0.4498870180042277,0.445011715377975,0.7783155116786173,0.8050449741983601,0.39923938986823787
3,8
0.9438980309477615,0.18290332816174015,0.31351926761762827,0.373523832058323,0.30745180745180745,0.16079937738770883,0.4432482016125138,0.4391080617495711,0.7783980996434858,0.8037139446755621,0.3999648071363936
0.9039090924620702,0.8502244990241804,0.09240681836718029,0.18949281534938012,0.12107553401085736,0.4068003575664133,0.10042723187038755,0.04873744485121556,0.9357411240882199,0.7970166421493672,0.49298418051697174
0.9875780460617071,0.07190446435460982,0.6473311021612116,0.7426898753439632,0.686343516793344,0.03732826682383211,0.8017262448386309,0.7970229157145652,0.5792459601330714,0.8253468482650677,0.24452416903946406
0.9743153192482108,0.12255655864316375,0.4712696882031501,0.5567573657861836,0.4709010669794984,0.06739682692326954,0.683898243312195,0.6764335923048463,0.652697587036458,0.834545051947484,0.27891543571506927
3,9
0.9036300864024013,0.8492112508717027,0.09236345662739909,0.18927703778553584,0.12064596486707047,0.4091934588647744,0.10012889727447605,0.048411870674125224,0.9358283518536492,0.796995163283769,0.4930570122074683
0.9744841808325474,0.11974225195946331,0.4765707724692224,0.5564602173752256,0.4715376855454677,0.06751347475548247,0.6810785008606599,0.67368034652375,0.6538529703389243,0.8343766512747768,0.276993103511608
0.9874020577475737,0.07411364107436641,0.6437083097795366,0.7386841210794028,0.680263287159839,0.03768123090799545,0.8002691962568901,0.7962394274560831,0.5808689315580227,0.8248890034671162,0.24662630329687518
0.9450660164670959,0.17586979981620396,0.3133183327975999,0.3717727693433661,0.30428467683369653,0.16236966671141054,0.45236533275020047,0.4495498828462202,0.7807835895950526,0.8041172717672045,0.39641077354542237
4,0
0.9875786031116691,0.0736520506729641,0.6450819672131146,0.7390180105430069,0.6829136829136829,0.03759162216011869,0.8046820054254998,0.7993880673125957,0.5791132484556796,0.8251954642363527,0.24353067742027446
0.9032501737181957,0.8423636888950718,0.09097497842968089,0.18813250760303663,0.12057279952016797,0.4152598371631542,0.0966347094502058,0.04744786494538217,0.9362006781418076,0.7964336241593932,0.496673540918365
0.9743432824818968,0.11963734737140239,0.4736237800599605,0.5552827525545249,0.47154877115966615,0.06826563387706787,0.6858085140236935,0.6783642904338889,0.6547277382250636,0.8342974777717633,0.27936602540195477
0.9438987370917227,0.1783653152981604,0.31380222104706507,0.37132931804476377,0.3050454921422664,0.16206892289640304,0.44470560019186955,0.43985392574558735,0.7799846453201345,0.8028515468291878,0.4018146687503527
4,1
0.9744041674912541,0.12004466169550373,0.4709665168681562,0.553468466611425,0.4685124685124686,0.0682202239753072,0.6849334730375622,0.6806294164784731,0.6546473051397158,0.8350324482337913,0.276911028035499
0.9452295313128752,0.1822715020386913,0.3080405932864949,0.37040428429256445,0.30296335058239826,0.16009453745736568,0.4489290139847761,0.44538570145039136,0.7791170838462614,0.8054003814011916,0.39158977729890493
0.9034512628695447,0.8441465873528435,0.0921928258399608,0.18860293311205978,0.11978505542862017,0.41293562788382643,0.0997276307556405,0.04832804035120508,0.9358355306191295,0.7966689858873328,0.4940998784968097
0.9874321127783167,0.07364769713258856,0.6462747314867159,0.7397719093773165,0.6844778465468122,0.037620805924819256,0.8016664530188439,0.7982433311646064,0.5798796923860616,0.8252286077401435,0.24544404190510705
4,2
0.9032633443298022,0.8444237382721518,0.09120412748606155,0.18808453191258973,0.12030890711093756,0.41518396412105774,0.0978242409374821,0.04702614692079299,0.9359478138428525,0.7964728054735153,0.4960653830037932
0.9434202025602668,0.1789650519102966,0.31227292866637135,0.37017031783128757,0.30318780318780314,0.16265293660371313,0.44755350145684725,0.44349821519632837,0.7790683327973054,0.8046198811890006,0.39934025568761433
0.9742207510926801,0.12096994902456945,0.47384615384615386,0.5552490763313714,0.46980056980056983,0.06791849077661889,0.6845010008578781,0.6799564586357038,0.6541347732079185,0.834398656395948,0.27836541701336803
0.987167784501538,0.07495194705522382,0.64905723717339,0.7441780339140006,0.683449529865912,0.03717153178399567,0.8001319512287957,0.7941657543950027,0.580201101897512,0.8236621507523759,0.2468348295319142
4,3
0.9448822041571922,0.17776776736031477,0.31158049600672544,0.3727849435134851,0.30621301775147935,0.15931185206435536,0.4554618244209322,0.45198355104015475,0.7780557221468202,0.805029393601635,0.39426130527293723
0.9032084617927576,0.8428394758105033,0.09241169511576786,0.18856179184760485,0.12059799688665657,0.41356176508075615,0.09866630897175499,0.04736432600661333,0.9357774684947295,0.7965693773441617,0.4965166193284869
0.987187066973632,0.07394920210805261,0.647524644627199,0.7396554370518241,0.6786779112360509,0.037650926529089634,0.797700354456644,0.7928665454773397,0.5815579173238723,0.8242408278907112,0.2456564457602398
0.9738632691223419,0.12286448985684689,0.46183049047587443,0.5452095177154722,0.4649757200364488,0.06999276905785533,0.6839396174164322,0.6775952944771215,0.6570566120487313,0.8360677398587518,0.27890520852840284
4,4
0.9047265697060947,0.852434764407311,0.0925806996788916,0.19010718646959762,0.12042176990630593,0.4021085328844596,0.1010615873989193,0.04993191985994955,0.9356175096980005,0.7974516554794666,0.4888991036969543
0.9741664573025699,0.12222117893059747,0.46777624827931424,0.553040679399298,0.4670842304430092,0.06837947908777572,0.6837027157410824,0.6776897594699697,0.6550374788173442,0.8353426461723791,0.2769163056240267
0.9874018222402329,0.0742496456712391,0.6500694637399276,0.7422880955256314,0.6832488290115408,0.037424298576631376,0.7986516287568521,0.7921969939238886,0.580905600801209,0.8245691469742334,0.24478838905964279
0.945972175959674,0.18166804481991972,0.31513326642132267,0.3747280101655408,0.30848692753454654,0.15920622872629175,0.4488025693548795,0.44302400205365167,0.7758828603250928,0.8056957861850103,0.3889863321648175
4,5
0.9740827604032537,0.12207308238137726,0.4757890873501346,0.5569348301104465,0.47260492409746147,0.06758041431750009,0.6814903179270932,0.6749084764854969,0.6534668037530873,0.8339123620244212,0.2784444178183673
0.903687516553883,0.8462885644479231,0.09263140104782847,0.18932040734001304,0.12109730666431684,0.40906857297551236,0.10012263825547074,0.049290021396615535,0.935353114992663,0.7969094150366907,0.4943410350189781
0.9874376132745831,0.07368597748586839,0.6491100702576112,0.7425455496854009,0.6870065120065121,0.037276397991504756,0.7987387148167816,0.7955929919137467,0.5793704935811027,0.8240464828930905,0.24593693896593025
0.9449765509413867,0.1792333951237764,0.31242118537200503,0.37251227759288397,0.3045693622616701,0.159463069796931,0.454699266037556,0.45009675858732456,0.7793699299264568,0.8051432658512699,0.39825412193239496
4,6
0.9432567123271742,0.18128489367329498,0.3103044496487119,0.3704900046405286,0.3026048026048026,0.16336266038038796,0.4406894221020615,0.43584905660377354,0.7805300721027049,0.8032347631411504,0.40513069881681385
0.973965541722076,0.12278825209963462,0.4776631432369137,0.5566125424705923,0.46998646998647003,0.0675444891241356,0.6768813423088516,0.6698186056676623,0.6562035099170943,0.8331390803887401,0.28012689439949334
0.9036132009565413,0.8428883952541442,0.09204795693662804,0.18889820914985167,0.12091961843205634,0.41197996174232543,0.0999833546024525,0.049544729184267444,0.9352414680802009,0.7966681498252245,0.4947226058406176
0.987625873828058,0.07251435386669297,0.6407988917109214,0.7371267438152777,0.6815537097227238,0.037969264704400846,0.8000680663909105,0.7963592878022854,0.5810574361226878,0.8251830125598919,0.2454922798507316
4,7
0.9038511792437081,0.8435794154795948,0.09223381354528881,0.1888693913398129,0.12006100894989763,0.41085293519645205,0.0997897187488267,0.04930436439870428,0.9355003668196143,0.7967830767799862,0.49336560785497213
0.9875254017091865,0.07292632464679794,0.6497343131712832,0.744430768411899,0.6911091462815602,0.037224123837744025,0.8022689398795028,0.7966818477553677,0.5785335276555422,0.8248528634070631,0.2439818327028309
0.945707142868735,0.1873754134711953,0.3068554396423248,0.3700513530739076,0.2996262996262996,0.16175595376320825,0.4557524260126491,0.4518255329576084,0.7776526919940978,0.8067646992496399,0.39233725517828266
0.9744434468189775,0.11974021127879639,0.47790727459016397,0.5553269605886364,0.47104255698005704,0.06766150250332077,0.6836227927509294,0.6757222877358491,0.6533890365331371,0.8352869110260417,0.27595070208825234
4,8
0.9865547058282956,0.07750534947730184,0.6422519677144433,0.7340645977528397,0.6710839279646619,0.038215871144053296,0.7884678785398407,0.7832208181870637,0.5844092224987124,0.8244032852888094,0.24789025485813518
0.9037271311084583,0.8477050404923151,0.09244882357937645,0.18884227400147136,0.12038144162496489,0.4103070267156758,0.10033322418475615,0.04839182715808055,0.9358600993747116,0.7970396747588109,0.49395232945992473
0.9735729589091687,0.12464840803515043,0.43435202050866895,0.522373263016086,0.44753965741620066,0.07755810912350763,0.6849327642388362,0.6801925615342804,0.6663259826643789,0.8379608476009742,0.2801830974502445
0.9406437998070414,0.17942861013301692,0.321215043394407,0.3776671577254771,0.3160088821853528,0.1607158956358675,0.4174229171222392,0.4146781354051054,0.7807253825822517,0.7996566997081372,0.4140666815143724
4,9
0.9450733816201266,0.18189006878018993,0.31521946060285566,0.3763324818259228,0.30892381214961867,0.15880628351631687,0.4475596594315865,0.4427267194157029,0.7755652110606666,0.8042725067655627,0.3952623019528374
0.9876394935413226,0.0718822065142958,0.6499969975379813,0.7449611173062837,0.6895734844452792,0.03709633321618609,0.8040905810422538,0.7994332711313842,0.5793343915009916,0.8241163124061358,0.24415552572718946
0.9036324782356536,0.8457888575944279,0.09200098854930394,0.18882364573401728,0.12030236653352222,0.4111048370492493,0.09994208963030748,0.04852564710344187,0.9358886657332647,0.7968644858599262,0.49401302688745796
0.9745882429431034,0.11790114261311888,0.475301350048216,0.5573809996901351,0.4731544327132563,0.06731135126728736,0.6842745462497266,0.6777469478357381,0.6543286028506623,0.8342016302179912,0.27810596344797606
5,0
0.9742470952312128,0.11737016636164238,0.4820684853471739,0.5599706015463789,0.4736714736714737,0.06660566988042206,0.684474171463019,0.6776717418226852,0.6530689197903006,0.8332055035287406,0.2774696067982285
0.9035998041449321,0.8439524604245765,0.09255221769160349,0.1889512887987025,0.12075722735621247,0.4113625294924014,0.10012643179287845,0.048692653960349,0.935509093105656,0.7966584619480565,0.49454623388890384
0.9873552205714768,0.07445130649345871,0.6499244273921639,0.7429336106141202,0.6867410236204562,0.0372861271320256,0.8018666455746262,0.7982068780944733,0.5793537936132397,0.8244892540682682,0.24550031776455256
0.9471847835335189,0.1820460643121232,0.3125,0.3746799942423496,0.3069622507122507,0.15721867975375498,0.46085037174721183,0.4565094339622641,0.775142657468201,0.8073488134817476,0.38649016082103743
5,1
0.9034528357725096,0.8433582448148021,0.09140384455354916,0.1882571593149771,0.12051137431848102,0.4139763251676962,0.09927726303474077,0.04848194617373858,0.9359368783704713,0.7965889457659013,0.49520809651995973
0.9875096590970428,0.07276452772455183,0.6471268931873617,0.7403932826411451,0.684825363026055,0.03759214875463285,0.8016362022613548,0.7968139975190967,0.5800405513046434,0.8245633303864781,0.2447979347055465
0.9447616760271135,0.17625339430492246,0.31229508196721306,0.37026250077930895,0.30332255332255337,0.1622256771945134,0.44355973073445193,0.43959714431412544,0.7820405294502569,0.8032422270574212,0.4003757314543533
0.9745141092896314,0.12143032196437636,0.468939393939394,0.5530854227392807,0.47061426228092906,0.06813527762554532,0.6812690098006083,0.6744568324757003,0.654852277390236,0.8353623406445673,0.27609350751279205
5,2
0.9460267819891937,0.18702526494760663,0.31000862812769625,0.36984135861622097,0.30259409206777643,0.16224647491570449,0.4488603013108981,0.44389275074478646,0.77879841748915,0.8061695418908814,0.3910136946568602
0.9035841651597478,0.8431893808617326,0.09290699561759419,0.18876849208365215,0.12063129389862076,0.4123594316364301,0.09891788435349119,0.0484961703717543,0.9355554528575576,0.7966625542163241,0.493699001227742
0.9736390999552667,0.12406562506638302,0.46249180327868855,0.5453511315808801,0.46366951566951575,0.07005343823439257,0.6811449814126393,0.674732075471698,0.6573389413212988,0.8350456428120182,0.27826698599287486
0.987095046218543,0.07590597477809158,0.6436043269766925,0.7385898217975625,0.6768029148981531,0.037730009751933954,0.7970943024049767,0.7926581953536131,0.5821659911399948,0.8248518039548444,0.24267233730663956
5,3
0.9745273726994713,0.11833396298338439,0.47405753651846655,0.5551639937760094,0.472202822397375,0.06821285601204484,0.6854613570942966,0.6795829968431097,0.6544159911481414,0.8344052153378151,0.27830768598590844
0.9038623574048165,0.85204519654395,0.0926439680538041,0.18976861826163882,0.12116297757323419,0.40616575362922547,0.10042893909064926,0.04814707305273325,0.935633870984715,0.7970175976866944,0.493080560539812
0.9440499490418133,0.17937087417552722,0.3157982666805889,0.37645147403933404,0.3079100658718493,0.15802574128295754,0.44652286126962326,0.44230260785963216,0.7774229043226922,0.8042272154806617,0.39942508302115043
0.9876967477161707,0.07360031219686403,0.6456407056554541,0.7407737458661989,0.6855055747789311,0.037586933871391434,0.8024465854568376,0.795612717895149,0.5802430593517205,0.82454722829411,0.2437870212288359
5,4
0.9873970445457503,0.07271355310791716,0.6470815134153949,0.7410992922100584,0.681877778763592,0.037460362467972616,0.8010702203470499,0.7984853430828491,0.5804989897670447,0.8244781320733876,0.24567184695527133
0.903820811812867,0.8428095086413838,0.09154306531355699,0.18886977184803022,0.12074345407678733,0.4113090304977502,0.09964398811982478,0.049236298292902436,0.9355198081603525,0.7968799384443342,0.4935320752809088
0.9744066759134912,0.12120269120968197,0.4723283618883274,0.5544723098675817,0.47306299937878893,0.06805195014715698,0.6827011767336558,0.675187969924812,0.6555100178637011,0.8344809027796479,0.27822124157795897
0.9436844200378959,0.17789458469242136,0.3159463487332339,0.37627438448173883,0.3088948088948089,0.1585158353447921,0.4486312943562014,0.44498897329086007,0.7763613848195325,0.8038127756142394,0.3987016748106526
5,5
0.9441902731019078,0.1796778706665651,0.308725542041248,0.36997244533696916,0.3032993291057808,0.1619796833851356,0.44818323539992805,0.44457699330492995,0.779380716639975,0.804800478228231,0.3977864065253974
0.9032303827723804,0.845487027414698,0.09040300546448105,0.18784991711564808,0.11937618708452041,0.41557172993086067,0.09758364312267653,0.047759433962264286,0.9364720113527586,0.7965824779354812,0.49617066144619015
0.9744416770510257,0.12214640324391476,0.47159711872826626,0.5537784859667612,0.46749546749546755,0.06822787494852477,0.686422777965529,0.6795168667810176,0.6533090315340542,0.8353897687013722,0.2775482525675946
0.9875314043508595,0.07244275665558661,0.6449077511852401,0.740573830088812,0.6872052969613947,0.03750967026230127,0.80215794723003,0.7988692393662482,0.579100117383144,0.8253212334872199,0.245253854941485
5,6
0.9744006167347057,0.11738844971512347,0.4783214127476422,0.5605890634958186,0.47698247698247703,0.06648677644641679,0.683239798481434,0.6776863116485756,0.6521424848261143,0.8349262445575731,0.278119703706407
0.9036251972349523,0.8453960430318619,0.09265573770491775,0.18899307023451029,0.1206267806267809,0.4107683662000612,0.09868029739776962,0.048245283018868323,0.935622691834225,0.796770209258395,0.49446202082570034
0.9442338117297464,0.17604518042953826,0.3064926660914581,0.36791565757161815,0.3021817363922627,0.16424034231768242,0.4516239483467032,0.4483366434955312,0.7819910426970199,0.8045907531220288,0.3992929660431532
0.9872047281158141,0.07467246944144981,0.6535785685725711,0.7474518343771961,0.6853092706751244,0.03674610670700568,0.8012771524422626,0.7960949312997174,0.578701214865483,0.823594910881783,0.24639687955551703
5,7
0.9035588311227125,0.8506219408181406,0.09225037257824159,0.18885505142266928,0.11970128636795313,0.40933377145316435,0.09825015958844929,0.04652182199352012,0.9365023853636929,0.7969666772797257,0.4939869374958372
0.9864010894680626,0.07716989895912732,0.6446980701390331,0.7366147593723789,0.6739875220887879,0.03809472459591841,0.7858689002870454,0.7788273226653929,0.5851046043849324,0.8229290675127399,0.2503718177049691
0.9405413573017917,0.1877524706839171,0.31259206462342604,0.3681633394688285,0.304285891242413,0.1648818197164828,0.4170303324174344,0.4131802023516543,0.7817917313399132,0.8009842447844192,0.40987744926941116
0.9729186740827668,0.12627896291066998,0.43735838997734244,0.5250325637698287,0.4446876520047252,0.0766736985598118,0.6821863571795569,0.6781714986961189,0.6660426070305041,0.8374000944410372,0.2816843038680184
5,8
0.9041010906803735,0.8446595481992989,0.09239785950904622,0.18926314426785829,0.12057334337127074,0.4084054479586169,0.10048731629331414,0.04979958940267859,0.9352140255686858,0.797025375990173,0.49321817595089645
0.9746317715799234,0.11999213219691107,0.4777338106902833,0.5578869431856603,0.4704893517154054,0.06724036146158383,0.6848409748038,0.6788693703462734,0.6541015585081232,0.834541692236921,0.27900453640110756
0.9458506771367615,0.18268694637720964,0.3157002970623831,0.377357796717274,0.30822769077802636,0.15772454968685343,0.4547790723784336,0.4506774724578953,0.774856243097881,0.8056787996085104,0.38980801227973877
0.9876140469562182,0.0733038152075624,0.6489366415595923,0.7399573063293925,0.686975436975437,0.0376169936540198,0.8019315784185673,0.7968128505864354,0.5797977270458823,0.8254082434904699,0.2441541958221553
5,9
0.987187020474876,0.0741762663422777,0.6461739556669026,0.7396354765113441,0.6807791691512624,0.03757013592171052,0.7991330015190999,0.794571553939698,0.5802941773898267,0.8244109959107746,0.24692328881525963
0.90337265890401,0.8424565791045997,0.09167080642490472,0.18839729621172624,0.11974445307778642,0.413806115719368,0.10016522098306518,0.04858014103297137,0.9356594256060838,0.7967447380564037,0.49539171930873804
0.9436316702227109,0.18238124592354205,0.3104940336790454,0.37119202495459763,0.3034284939046844,0.16212077453848606,0.44756341198189314,0.440251572327044,0.7789391300221385,0.8036608057405112,0.40403146314625427
0.9740722542122598,0.12201636144277697,0.4662476511371736,0.5484616917698015,0.4696688174949045,0.06955145589192081,0.6817961414696505,0.6759937355507495,0.6563695644064437,0.8350772939214239,0.2778459115090045
6,0
0.9874388184406784,0.07404772114711819,0.6493164671847526,0.7436701245063057,0.6858013190193122,0.037101728760310884,0.8019320564438328,0.7968792844551804,0.5781485830471143,0.8244106223156147,0.24603854396882321
0.944340003759038,0.17801935846756303,0.3179270227392914,0.37631138794350405,0.310357503905891,0.1583066905737367,0.4435303993284566,0.43922093730979916,0.7772198101843911,0.8034334699574006,0.39986681276983843
0.9036851063932931,0.8435264368434956,0.09226693161119387,0.18891575965988366,0.12016173127284269,0.41130440761967263,0.1005031729938789,0.04964741757194591,0.9353115168923567,0.7967504448715828,0.4941358441194545
0.9740017639662906,0.12371909808608594,0.47656250000000006,0.556624111859764,0.4695401531339032,0.06765312084908555,0.680428090148699,0.6727004716981131,0.6545126644568138,0.8335979197634038,0.2801429299295375
6,1
0.9457371330786145,0.18152784121471283,0.30546800634584875,0.36832178218706535,0.29982538369635153,0.16171855687432635,0.45545029380021584,0.452635423006695,0.7788883079407546,0.8061727413993285,0.39372405913941777
0.9743065070311367,0.12082047991239578,0.4721561756976599,0.5548701877947141,0.46948739696831304,0.06783193861306905,0.6832486733448737,0.6768543857122281,0.6543787020708125,0.8350462460176784,0.27765570953588387
0.9036138606789914,0.8467798653353058,0.09246900224681687,0.1890771297205418,0.12068491763923239,0.4101185842195102,0.09903194761572276,0.04802222009386109,0.9358418439081113,0.7967658745425001,0.49428793884011224
0.9874572832633742,0.07313597652408477,0.6485569152620642,0.7432957816270228,0.6869006059146903,0.0372998116932924,0.8016126498769569,0.7956550624501726,0.5797633823044976,0.8241704047148056,0.2466389397950799
6,2
0.9033321635003237,0.8438756318436824,0.09106186671060207,0.18835184160303747,0.12015920056121066,0.4139662242961,0.09742018643402883,0.04793780221864036,0.9359987256759821,0.7965458930555545,0.49546010238957083
0.9743164808295379,0.11904113816302736,0.47235813366960905,0.554194355631449,0.4709182555336402,0.06810044328819234,0.6825135830712039,0.6780986937590712,0.6558635301915996,0.8350948262676442,0.27886151384863433
0.9446136891331078,0.18483748839698566,0.3095167127954013,0.37106280376258627,0.3031598031598033,0.16138655969554097,0.44812436633997976,0.44557706444498896,0.7787634759577746,0.8050743510587179,0.39198613829070295
0.9875451714364014,0.07311011541043311,0.6502962323842394,0.7417296016887741,0.6873594242015297,0.03749688541369765,0.8022696145568383,0.7969414101290963,0.580264417712317,0.8244425088574292,0.2438629771768858
6,3
0.9470691117415896,0.18244847320382623,0.31020765027322406,0.374475759844081,0.3033428300094967,0.15976116276693572,0.457992565055762,0.45300628930817605,0.7763678019422812,0.8061368188583,0.3896185056589798
0.9034011010310328,0.8425656924097122,0.0920736859895217,0.18840574824716994,0.12020148618086768,0.41378619755429813,0.09895374238301502,0.04788951565843236,0.9360349889377281,0.7966689885028202,0.49563514535035574
0.9742389756581054,0.11925067534177583,0.472601347058076,0.5551301074103465,0.47168665385719655,0.06785742715182219,0.6827324860955015,0.677241480181366,0.6544713604539851,0.834382770950932,0.2795612921449462
0.9873992969591847,0.07425465696597985,0.645070890562694,0.7392812127103201,0.6836066836066834,0.037613584898886845,0.8011780367728323,0.7959459459459458,0.5802569342013348,0.824839499907232,0.2444133737919893
6,4
0.9747586172688002,0.11992002246382938,0.46792286916650966,0.5520500737174691,0.4691139710296799,0.06857251996255885,0.6872765599851871,0.6823971661967756,0.655026397005302,0.8350819447929027,0.27561579616057397
0.9035039374335551,0.8415734516879946,0.09188607385328718,0.18858483163755307,0.12024806469250932,0.41342114823518716,0.09928279073260476,0.049361539927577636,0.9354459656060012,0.7966252118452899,0.4949334074555658
0.9432739217353263,0.18025874711666737,0.3087766254042602,0.3706914733880623,0.3042231137469233,0.162846608961353,0.44369420630705814,0.4390707226286741,0.779694561451994,0.8041428074904565,0.4030794062492466
0.987544310025822,0.07285655686071701,0.6491466427127779,0.7423506506925568,0.6810873043749756,0.03734799517391675,0.7993583541274126,0.7944300852933575,0.580355787769604,0.8242928277218029,0.24557165555356286
6,5
0.9035830919988531,0.8483327222655643,0.09244583573605747,0.18905515422590086,0.1208893470200002,0.410023064130297,0.09990472810147422,0.048051578647956616,0.935459509282154,0.7967936395676589,0.49411772980397495
0.9871838574160846,0.0744688075481236,0.6489754098360656,0.7411831921746987,0.6836419753086422,0.03751184961910917,0.7976559273027672,0.7935796645702304,0.5806342397870806,0.8250778296568388,0.24490063870684425
0.9744510578088998,0.1199838031216943,0.47059858049117526,0.5538181273562683,0.47058759319295723,0.06819160963777504,0.6836160606190089,0.6773512614761802,0.6541988375255698,0.8349200240116251,0.27782488191125276
0.9438115791408254,0.17792004858488464,0.31584699453551923,0.3747344861450629,0.3090978157644825,0.1603405878546371,0.4480297397769517,0.4420377358490566,0.778160648338123,0.8028706030116276,0.3981899166380617
6,6
0.9036525973057266,0.8521073243865569,0.09178611278001908,0.18852433341298114,0.11970286839396788,0.4099261922937629,0.09762743533350204,0.046152326385458964,0.9367984196516641,0.7970041209646129,0.49416924089693537
0.9738682571211664,0.1222417096504278,0.4724788872329856,0.5509671284916438,0.4676573426573427,0.06920730692538958,0.6815506364762871,0.6753430531732418,0.6573123779858516,0.8340548363332932,0.2790780929118423
0.9873103195685073,0.07335903877464589,0.6476029519463693,0.7413807838025197,0.6825564660616207,0.037480420587377106,0.7999335709449532,0.7941386241327886,0.580427988047951,0.8240489867266676,0.24821838254439998
0.943672714440047,0.18249760642039892,0.30962036238136337,0.3721784326882156,0.3033250862198231,0.16131134278554257,0.4422568968890627,0.43659384309831173,0.7807961282206362,0.8048342939285132,0.4015244378577025
6,7
0.987615047974083,0.07241495243658314,0.6433490271711385,0.7390842802917081,0.6859590492808485,0.037735602237697535,0.8018162874159064,0.7982633675001631,0.5804125555699138,0.8255802130006711,0.24483367339226628
0.9037355922291619,0.8439253775184432,0.09241484753248952,0.18903441091737766,0.12092762351829717,0.4109192907372632,0.09996725542693169,0.049271678560953935,0.9355169972424288,0.7968652303609906,0.4933530943555108
0.9744527922050634,0.11985944521858363,0.4705107918222673,0.5542379305053002,0.4701404701404702,0.06806104189112257,0.6848042944697219,0.6790704451081808,0.6536673991536549,0.8352223627091734,0.2771512413418799
0.9443180310179238,0.17625019180056634,0.31425289756708785,0.37436857813662383,0.3076923076923078,0.15866523836702656,0.44806194208320504,0.4462444417738252,0.7780642248352783,0.8045513253151082,0.39849215166409563
6,8
0.9873483089410575,0.0746848825395498,0.6453515238200023,0.7407800108954656,0.682431786458632,0.03746216388950417,0.8008158479079863,0.7974294035709762,0.5799584082640958,0.8244254133380193,0.24415383921403477
0.9038143656718226,0.8437822164093385,0.09157145222719004,0.18869758915282892,0.1206365650810095,0.4114105187978694,0.0999774698659458,0.04926624737945473,0.9355944032031461,0.7968253855592626,0.49465906266057214
0.9741898539975508,0.12127582252095132,0.47599440843817514,0.5544529517900514,0.47210627443185593,0.06795341550213342,0.6827757125154895,0.674959777680269,0.6542465081288809,0.835183459850227,0.2751513128246778
0.9440587263906617,0.18225976927867255,0.3146184284906728,0.3698074608368434,0.3040573730228903,0.16191103258016437,0.45414690424304577,0.4473910214703968,0.7790896098934554,0.8040299363808677,0.3980881231152334
6,9
0.9743786355763114,0.12083317412104999,0.4701689980378505,0.5537729513603734,0.46931546931546936,0.06822905098679076,0.6848186476439264,0.6775988926932321,0.6542623137822174,0.8351243092682339,0.2776731380420889
0.9040931136009058,0.8460416687384624,0.09277847835224862,0.18959372226824284,0.12079772079772083,0.4074815362084187,0.10147745686779142,0.049540396710208545,0.9352329998000931,0.7970225618131662,0.49182182878084857
0.9872624854905182,0.07438561350220041,0.6456035767511178,0.7411791944967339,0.686191301575917,0.03755552713353878,0.8018951308914134,0.7974271012006859,0.5801871497398804,0.824795239048338,0.24411815406301737
0.944857011867037,0.18144127705231447,0.3148572017733786,0.372676181930222,0.3063842749377342,0.1604870856154326,0.44682144443665106,0.4427910288358846,0.7771757083536592,0.8045498099830851,0.39625215788174917
7,0
0.9037009073557871,0.8445723075749416,0.09350398877881999,0.18934306721836125,0.12165394518335704,0.410109872366978,0.09790668548595499,0.04847139541923129,0.9352890706773279,0.7965617613480291,0.4937086821642315
0.9876812553478511,0.07308267717503006,0.6420463538722442,0.7372373320142181,0.6829354553492486,0.03795182208630021,0.8050762722727854,0.8000910865322056,0.5798747399997187,0.8259107188822973,0.24228997685546816
0.9442028553753318,0.18286340467601062,0.30881015335801165,0.3705368826050224,0.301259075452624,0.162692610671826,0.4444417795898789,0.4410955569080949,0.7801309118826715,0.8048232594815823,0.3993563228993245
0.973994035035731,0.1221683635675812,0.4737088623197338,0.5535253594386387,0.4674399674399675,0.06846742571663653,0.678955753696509,0.6732586182437225,0.6558767790423968,0.834172413045629,0.2797332342294975
7,1
0.9875736003140634,0.07282064361030055,0.6467213114754099,0.7407810262468322,0.6861120867970185,0.037586946130665336,0.8014335183582015,0.7962910312742307,0.5804404556466818,0.8244842497195731,0.2466169525039585
0.9462026553555614,0.17944930552793117,0.31667385677308013,0.37585861043187263,0.30996026390763237,0.15470004517270491,0.4496429270201526,0.44359483614697115,0.7765924994060885,0.8059620645920954,0.3930564129387852
0.9745689267381904,0.12038925619608482,0.4721565637310967,0.5558435645518623,0.47217253031206524,0.06773371653427308,0.6838995994351748,0.6781044317683194,0.654245116469928,0.8355350320703938,0.2760472475646192
0.9033402050714796,0.8426117527581111,0.09123452659752418,0.18817677315018821,0.12010872725158445,0.41473532935193075,0.09885441165313702,0.048536773199846395,0.9361302789478558,0.7964587480599249,0.49583960894827767
7,2
0.9872545172251309,0.07462381414419378,0.6478511298183429,0.7394128774202184,0.6799395549395548,0.03767123169455343,0.7979503667236009,0.7943906170321265,0.5811736156550497,0.8238660781372392,0.24724853798615462
0.9040748251631218,0.8478228690402507,0.09275460800135898,0.18951262496962024,0.1206766750808202,0.40709290530792935,0.10173931467534708,0.04962361912210356,0.9354120202151233,0.7970833006096574,0.49214122017066264
0.9449619504530817,0.1764009466088105,0.31108457279339913,0.37017928891134866,0.30356031018282675,0.16314620624602036,0.44843546123735195,0.4456828689241534,0.7792812653707899,0.8038793106739567,0.3979096136417587
0.9739973715152642,0.12122149327417436,0.4688397509213369,0.5492655931667692,0.46687205989531577,0.06917472988610902,0.6840725051151264,0.6775486324411291,0.6559230595502816,0.8357201798503161,0.2782394246835929
7,3
0.9037459180445742,0.8446023704990995,0.09170637163853679,0.18875499214691122,0.12027563751701675,0.41127430526369313,0.0994561136850588,0.04881494562691702,0.9356429814578638,0.7968606689926795,0.49440895739468693
0.9737317167570594,0.12221026649057817,0.47568620061553923,0.5566212481739947,0.4696597570160789,0.06748993014817137,0.6808101525445457,0.6743873346345695,0.6526620255731819,0.8340925628489996,0.2787164267504523
0.9875720086119367,0.07293095514662545,0.6457659694742793,0.7396938920151258,0.6856763925729447,0.03765467386364042,0.8031662607358032,0.7984385165907613,0.5802654479079724,0.8256198293617261,0.24339054029127238
0.9463419742392736,0.1800015030999802,0.31174863387978136,0.3721479282069149,0.3041112693890472,0.16244009556327554,0.4569650970673275,0.45387840670859536,0.7782301497743151,0.8055768015129445,0.39080496273215326
7,4
0.9748256767566373,0.1194142010467665,0.47810620925375025,0.5603345910428489,0.4761574761574762,0.06646907311053621,0.6845172309856324,0.6772492168718584,0.6523809259755116,0.8346742791995456,0.27669957785274163
0.9032903446391305,0.844188703494501,0.09170291067246578,0.1885782921445056,0.12050119192976327,0.41326309056370075,0.09849404445793186,0.048055448594532035,0.9358246170852444,0.7966247669127451,0.4958790007597118
0.9875467152547577,0.07296163564692157,0.6460143090530112,0.7421196605545601,0.6855523247275828,0.037355772455009914,0.8026162827833774,0.7981326590157554,0.5792256971912135,0.8250235343817937,0.24289151304589662
0.9435905828201581,0.18240770054230726,0.313718723037101,0.37506415925869163,0.3070175438596492,0.1589872508106887,0.4518929759342594,0.44677259185700097,0.7773949582100538,0.8041416058093835,0.39852037125884077
7,5
0.9871928565550304,0.07487951930287201,0.6480423638104895,0.7423123652840105,0.6872656425921033,0.03743446756111356,0.7981067719311692,0.7936977241781754,0.5800296333585759,0.8240849531290074,0.24630670909295127
0.903659312429322,0.8400229543211635,0.09274714356681568,0.18884633481374768,0.12069412069412078,0.4126814662410349,0.1010101010101011,0.04983800266819188,0.9350408060912807,0.7967502388761434,0.4940649953264728
0.9453039447212874,0.18503968634836998,0.3060179799048122,0.36829592699521285,0.30026651962135836,0.16316418751668604,0.4565535435903586,0.4509312233718807,0.7789405932730642,0.8060962018393693,0.39330690980038063
0.9747093550197737,0.1204783364296487,0.47311217245385306,0.555165530606363,0.4708369787109945,0.06800590772429115,0.6840295056054796,0.6765859456247213,0.6540297787715006,0.8338001831152793,0.2739746348461382
7,6
0.9441378609570893,0.17740794571490265,0.3133606557377049,0.372545393948604,0.3068910256410257,0.16045727112496166,0.4480483271375465,0.44606132075471694,0.7790742331760386,0.8040054121570073,0.39738090004022486
0.9037202491547701,0.8473709974265022,0.09119170984455965,0.18861488010959937,0.12011573151469535,0.41142289311558994,0.09925457942485105,0.04854824518525758,0.9362412058485252,0.7968086792529043,0.4938209167895983
0.9874425690541992,0.072828209447453,0.6536119618086831,0.7460972915213596,0.6881333291589704,0.03703462505955607,0.8011901357626267,0.795217361255097,0.5793110937756011,0.823352872623971,0.24694414027714753
0.9745126851108842,0.12065727456466677,0.4708052073288332,0.5541464830230418,0.47034732696497406,0.06796169250626577,0.6851902471025584,0.6787874583795781,0.6542131945617825,0.8351883119691478,0.276164963682941
7,7
0.9874499703034267,0.07322873519575948,0.6443296653941164,0.7403455086665001,0.683448464270382,0.03745677625197531,0.7994983958853188,0.7955544068234686,0.5805086115311344,0.8247424822463584,0.24415787732627647
0.9036926172706758,0.845649965274341,0.09228592826828658,0.18886341563132308,0.12006305407320628,0.4105989946261459,0.09967354178853849,0.048290393640455564,0.9356647934028923,0.7969293814967856,0.49382156232872454
0.9433422063320931,0.1786401420888692,0.3120810274616269,0.37258432327389235,0.30536955377719704,0.16078751287780033,0.4458361944451022,0.44124504266314146,0.7791407154562515,0.80350206703758,0.40242869289528793
0.9743628550921327,0.118931112489746,0.474199843871975,0.5544190085259222,0.46976891421335876,0.06833606411809642,0.6821708857024842,0.6783318358790056,0.6555888957279007,0.8336592528684684,0.28005198083454513
7,8
0.9427013364598434,0.1843330720609061,0.3159048963196179,0.3756757387422365,0.3070696779306052,0.15908528816100825,0.4344272384844531,0.42816443833562406,0.777493838097544,0.8028879593232598,0.4046434849234378
0.9036571858120102,0.8469911598280462,0.09206557377049207,0.1887998641425801,0.12066951566951556,0.41087437416981704,0.09873605947955388,0.04796226415094329,0.9356914238818246,0.7968808861631452,0.49439397160246074
0.9873090220358257,0.07405223892877633,0.649281038437867,0.7423245927236286,0.6810867049774901,0.037299906088420626,0.8003476407374045,0.7947968317341747,0.5801652146025246,0.8246431451864252,0.24667265774690364
0.9738897931865921,0.1209344720111317,0.46247508839601414,0.5455760128469394,0.46410815038266023,0.07088720130946015,0.6862161965157808,0.6801923788383277,0.658218478199653,0.8352566033583609,0.28132517059394546
7,9
0.9872474059658752,0.07414748157406023,0.6456925954450434,0.7404127135424334,0.6815235472953597,0.03751123768483457,0.7991567076669742,0.7948334810687603,0.5805997375472667,0.8249763867034459,0.24517227632183977
0.903534537013613,0.8485391497778112,0.09162204464947704,0.18878416176148255,0.11972970264427568,0.41027458997244304,0.09900805140946328,0.04708447899876744,0.9362515800174472,0.7968849830347147,0.49446368232666477
0.9736683150834884,0.1228211981254333,0.46982203227658353,0.5510678647642059,0.46974181604531806,0.06890140339424287,0.6800225652004109,0.6729902356655163,0.6567756490805677,0.834882295041069,0.28022444545437125
0.9450101528984711,0.18228015676975456,0.31237987563595243,0.37301400447880195,0.30615974064249935,0.16031681717126517,0.4495321112677862,0.4441899804814573,0.7777078941038329,0.8050840996017693,0.39386524489637076
8,0
0.9742577502124911,0.1197026746652321,0.47367262050403725,0.5546318833147069,0.4697452906408131,0.06835688790643696,0.6832935693280807,0.6780484370599831,0.6557579358031367,0.833308009767737,0.27947975710456857
0.9035463316646013,0.8446216699477963,0.09162980310521307,0.1887614634082737,0.1199897496193793,0.4116069097166471,0.10007670974213745,0.04817809723470129,0.935767315178479,0.7967954974630584,0.49434680663107317
0.9874412308365142,0.07342603755155672,0.6479323841397697,0.7428071383327626,0.6838789814568362,0.03730497662494875,0.8012503055016013,0.7978194163347914,0.58021963160219,0.8241286818447632,0.2442625871266146
0.9431140461919462,0.1829369957196209,0.3182484900776532,0.3758561450506894,0.30990403358824425,0.1595944270864143,0.4464390530228918,0.43987090367428006,0.7767861963587697,0.802836173454566,0.40300440372692653
8,1
0.9034685605879399,0.8481046142077939,0.09148705999833584,0.18819678076751722,0.11964365771472368,0.41294516086033517,0.09723925801520955,0.046911215400823714,0.9364313179431342,0.7967052888200793,0.49470734122634785
0.9751528310353718,0.11861997834666199,0.47703685443115984,0.562381557991368,0.4767795557269242,0.06610450144468145,0.6873550046119015,0.6802241452688325,0.6511042558180453,0.8350390464476095,0.27561882881482797
0.9460619753661793,0.18058741473059858,0.3088736118455844,0.371426970967144,0.30412645896516877,0.1591792272171445,0.4605108526202182,0.4573097991479001,0.7768739989675326,0.8067474966646718,0.38746716105792367
0.9876288039502902,0.0719824501871632,0.6504332552693208,0.7455864807187693,0.6881766381766382,0.036964851333401466,0.8063329792883696,0.8026145552560646,0.578437884694298,0.8249677750731907,0.24506036215473892
8,2
0.9737784712021443,0.12444304056404218,0.4658459145985875,0.5460459966319078,0.46444376879159494,0.07000428292592696,0.6796655744449506,0.6735177865612647,0.6568352523108034,0.8358930246059495,0.2790051126342419
0.9041701095519513,0.8478700766564049,0.09319882303488841,0.18971684184425203,0.12123602892833674,0.40623884902264384,0.10039081117148047,0.049056603773584895,0.9353416348389703,0.7970686539851274,0.49189248058246554
0.9455221977755186,0.1795615736792172,0.3062732240437158,0.36939323734619617,0.2991263057929725,0.1623395831204659,0.4501363073110285,0.4495345911949685,0.7790179182054463,0.8054790573546236,0.39542880389402335
0.987137594854537,0.07489635109771875,0.6453661202185792,0.7374296009424359,0.6799240265906933,0.03790214910936272,0.795625774473358,0.7897735849056604,0.5825663383942024,0.8242340931538349,0.2466769212925385
8,3
0.944789725711228,0.18029640517890283,0.31377049180327876,0.37337130841655225,0.30641025641025643,0.1599714544804332,0.44955855018587354,0.44518867924528294,0.7778509053139129,0.8043076207998325,0.39553628456307416
0.9036088492192195,0.8416065275772661,0.09171963867514238,0.18827340314272245,0.12006512006512016,0.41401709733653347,0.10075108110158582,0.04978821717366183,0.9355409377538486,0.7967667008877478,0.4947127330526597
0.9874248665868995,0.07400871871402406,0.6484335803045329,0.7408897373876964,0.6856769169936431,0.03753985696037339,0.8013070684888012,0.7956086752165445,0.5795710261581188,0.8248848760232351,0.24373903265995314
0.9744554798037691,0.11929792131289194,0.4721060234909868,0.553518262313186,0.47008547008547014,0.06818490553776277,0.6840718426412569,0.6778717559459263,0.6556375843674408,0.834446032018981,0.2786481080549122
8,4
0.9871788779757475,0.07509173440355216,0.6448501978518936,0.7374570511351228,0.6793987621573827,0.037802521289676955,0.8008588642481733,0.7954326610279765,0.5809488772232696,0.8260352337525808,0.24576477859239895
0.9039107924938592,0.8525017412380093,0.0921899957965534,0.1898004894295901,0.12127985974139827,0.4057045845745141,0.09951386903059734,0.048379293662312584,0.9359873951790267,0.7969895595892633,0.49286452325204194
0.9434987081062839,0.1813355839589062,0.31561580496006736,0.3736202107095363,0.3065782745269925,0.16026549805733925,0.44588218472976837,0.4407353652636671,0.7774770367097024,0.803749279684944,0.39668809410757105
0.9744191969489331,0.12200928378643255,0.4768259233271672,0.5583988646734201,0.47181482590042906,0.06695244903208776,0.681092965732718,0.6748109536744731,0.6529790007807669,0.8340852720326557,0.2777314728896984
8,5
0.9741175937276592,0.12052389620051787,0.475,0.5545220144296134,0.46919515669515677,0.06789918226984777,0.6828676812267658,0.6763413915094338,0.6547801472096861,0.8351304503678727,0.27714619851163375
0.9032300831150697,0.8436694267011224,0.09128205128205102,0.18832290642147353,0.12000876616261225,0.41433429483904605,0.09875131064722098,0.04777939042089979,0.935835358732366,0.7966209733817609,0.4962797508786574
0.9438984877788955,0.17784691158661325,0.3111874169251218,0.37011396725308565,0.3038615538615539,0.16263274296571015,0.4502411333266351,0.4426313105558388,0.7807897531302357,0.8037544357979379,0.4012130392648413
0.9872443445889487,0.07453778321515281,0.6496847414880202,0.7435519713929837,0.6851708925287522,0.037246528310539595,0.7994802998843731,0.7925664163564079,0.580214035843732,0.8240571280413556,0.24637204097909587
8,6
0.9450001394987801,0.18527055142476,0.3103234381922907,0.3702252367181804,0.3043620543620544,0.16302332589563098,0.4447905154224857,0.4386282508924018,0.7790114950814607,0.8051013650105545,0.3954379671300182
0.903805709524883,0.8448669365460133,0.09307922151336523,0.18923942989244957,0.12075281040798291,0.4096501793622887,0.10002380647169762,0.048666232921275754,0.9355229618908844,0.7968932212927495,0.4932422135800199
0.9741606103055531,0.11877580414940009,0.46936948297604036,0.5527082792087641,0.47135656366425605,0.06836408776163044,0.6856305404632543,0.6797387518142233,0.6552533458539841,0.8355067782340877,0.28034075792224195
0.9873054379301345,0.07469376856359547,0.6472382475581195,0.7399032469813221,0.6839294400270012,0.03765087478269723,0.7986218152144346,0.7941752678982316,0.5807834788588833,0.8247054918756893,0.24515214947303857
8,7
0.9874207711827299,0.07287578703772657,0.644047027653585,0.7390186423091893,0.6813817184187556,0.03768462699953458,0.8005957968783246,0.7962899434597546,0.5803804699988551,0.8244213311757416,0.2455710648221958
0.9036817113180329,0.8440662873981299,0.09191803278688548,0.18873820165908078,0.12054131054131073,0.41158488300807194,0.09949814126394052,0.048886792452829786,0.9355385720147749,0.7967997545328643,0.49441278208852657
0.9737274226095157,0.12360228025741604,0.4650316251452175,0.5477954015204294,0.46471274424030334,0.06970836092229048,0.6805315692415771,0.6740751745654434,0.6574774878109482,0.8345957404389802,0.27822813630156223
0.9457647884966282,0.1765237049098743,0.31000334560053533,0.37164572188939765,0.30432001860573293,0.16219610353592748,0.44756341198189314,0.444153510460788,0.7785758948634875,0.8055302422605083,0.3967881990651513
8,8
0.9035209035659355,0.840962810262834,0.09180327868852473,0.18851112313382712,0.12054029820527301,0.41405820888477873,0.0990130771988752,0.049401398333492774,0.9355273188929579,0.7965358049308073,0.4945482218894608
0.9741414316023379,0.12107056597733162,0.4711310842458384,0.5526393879296146,0.4713394713394714,0.06846175862472996,0.683627334184955,0.6769286807022655,0.6554200604262176,0.835052341237129,0.2766564985013541
0.9445506862126033,0.17826804940764054,0.31331570597567415,0.3737258579066709,0.3062034739454095,0.15975017880862366,0.44935843626334093,0.4459646987218502,0.7787976359087745,0.8046133584798572,0.3982938590347735
0.9875625551926914,0.07271340506331275,0.6488501821493623,0.745474048180688,0.6852544317822096,0.036991654888003336,0.8010248864105742,0.7963181341719077,0.5786115670450938,0.8235849546459315,0.2458400984987526
8,9
0.9034577879140195,0.8441321709070158,0.09239176124422022,0.1886751529537306,0.1203448023960847,0.4122978414589734,0.09892288628348078,0.04812772133526827,0.9357198846837773,0.7966788532600086,0.49563787076873245
0.9876725188019554,0.07268672005407273,0.6442678521811616,0.7398201623691446,0.6876333961079724,0.037687878940067546,0.8023312960746015,0.7999104573073232,0.5797540390727711,0.8252547494547542,0.24379693874382619
0.9437551464954324,0.18358863744844311,0.3138265746333046,0.3752939950408034,0.3073549257759784,0.157925658634171,0.44044707493641166,0.43723932472691157,0.7781090048161051,0.8039964695061119,0.3996353757350347
0.9742414925032096,0.12119053625386267,0.4710339988518211,0.5527558000966794,0.46864434023967105,0.06880369973827744,0.6839136157840684,0.6777035459951545,0.6548638531459732,0.8346078966006296,0.2785624824173829
9,0
0.9739506264709071,0.12053151263477277,0.45850079323109466,0.5422763580995541,0.4643989523021782,0.0711279280942132,0.6853639525122917,0.6809342665855143,0.6599430652441548,0.8366852561176641,0.2796232583981479
0.9872733418865918,0.07417740103405382,0.6467781204349943,0.7381520220639614,0.6807612385170141,0.03772495237671307,0.7973057528801206,0.7907092596052058,0.5812117167810358,0.824577173426751,0.2441620872555447
0.9039708616336523,0.8490504955357904,0.0932132846343326,0.1895537974714842,0.12072096009919825,0.407006346581142,0.10168153013463793,0.049076156026981954,0.9353710924627052,0.7970624262458843,0.4917796392806473
0.9448426474177148,0.1820408685685764,0.31469022780498185,0.37593086621182314,0.3070263070263071,0.15663900827893878,0.4454448896828079,0.4408723352119578,0.7768932954612093,0.8047428559655292,0.39629114743028826
9,1
0.98736088603381,0.07381738723560277,0.6485083705033887,0.7449401068128458,0.6870526411162454,0.037087941348605144,0.8015684316996599,0.7975998399893326,0.5789655502406238,0.8236384286828455,0.24589759553095292
0.9033583357968967,0.8429162809846886,0.09160047321277681,0.18806066579382952,0.11958469174964009,0.41501099712536826,0.09883876901851069,0.04804512740711947,0.9359948009425167,0.7966712126398083,0.49588447654625345
0.945463956132964,0.18179042620040864,0.3083419796638308,0.3710861413808271,0.3006960222150096,0.16244949383902435,0.45440214578137494,0.450370193455935,0.7788290230258228,0.805052377368868,0.3964165980757526
0.9743461766321267,0.1198970685899177,0.47254254191859385,0.5542433938352339,0.4720570233878219,0.06801779034110977,0.6827003265156121,0.67649042255542,0.6534940968684637,0.8352298849666877,0.275277961393386
9,2
0.9449596851653826,0.18136108311548993,0.31117342536669534,0.37205859810008785,0.305649272754536,0.16042939949879806,0.4517706906671885,0.4495283018867925,0.7787366639310652,0.8056966657161566,0.3934340692890783
0.987396036534303,0.07306181782593613,0.6545757837215993,0.7452760243744008,0.6880291897835757,0.03716799406301584,0.7988782364834017,0.7953790135716651,0.5800437696621548,0.8238790366667751,0.24619217348555605
0.9036194415327119,0.839086948858733,0.0916192706590831,0.1883452625938017,0.12026862026862062,0.4145767214109511,0.09966997951596995,0.04967269926838652,0.935377900647336,0.7967149890374325,0.4947625826793891
0.9746986151291953,0.11870899295163378,0.4722177544076709,0.5580235434820326,0.4752459280761168,0.0672111734665353,0.6862453531598514,0.6790316838732645,0.652734571581207,0.8351307790722163,0.2766714857043933
9,3
0.97379238130666,0.1217260248017801,0.4744159029301665,0.5554852564934638,0.47091549453754183,0.06779059317799845,0.6811169979217281,0.6754419848462337,0.6536541717420756,0.8347004918443807,0.2785330453069546
0.9039481298590135,0.8476144379408115,0.09232267489043966,0.1894607035879432,0.121068517108121,0.4080954655953998,0.09987485737421331,0.04885111152624644,0.9355356468145816,0.7969217511078192,0.4918395130283811
0.9446911363775634,0.17644604630684144,0.3076428887904298,0.3707743400980532,0.30278355278355273,0.1612744187684159,0.45468702903647146,0.4504079551249362,0.77994897082146,0.8058476904626484,0.4006898218059015
0.9873874654367035,0.07338554716642398,0.6470614475298315,0.7428356289003247,0.6848363276934706,0.03734867299325982,0.8008117745239358,0.7967141573610574,0.5801880867242278,0.8244684179486855,0.2463606290000066
9,4
0.9746081962795279,0.1215827153436658,0.48210539538973685,0.5625139188952546,0.4764165875276987,0.06583822585829122,0.6852540272614621,0.6767151015687124,0.650833966138257,0.8334703892071603,0.2760971428248992
0.9042091283435508,0.8505564243647601,0.09243252194071866,0.18932450252682775,0.12053584275806534,0.4062544186113718,0.09937666629116448,0.04837049742710148,0.9358513841741196,0.797174424430374,0.49223897568807656
0.9444879075876332,0.18066395868215543,0.310760823875578,0.370879596337901,0.3037292716779897,0.16192561823245383,0.44840815937470213,0.44179970972423793,0.7791746235914295,0.8036854842028691,0.3982939153735644
0.9875943847495388,0.07356713255050967,0.6450674853733419,0.7418818780071378,0.6851600173154945,0.03740534696454982,0.8040511250935937,0.7981732115474364,0.5797479885336649,0.8250011156604492,0.2442857218983463
9,5
0.9875973180989756,0.07295672615595661,0.6443918652470285,0.7392372740642484,0.6831634701050511,0.03757232663990426,0.8028845539672199,0.7995461323996627,0.5794759908455995,0.8251032863408552,0.24539168268677056
0.903729736781618,0.8438390928300535,0.09221526049266165,0.1887786234164064,0.12038901567697369,0.4110953358900603,0.09906771248953838,0.0478711844314928,0.9357712254574465,0.7968212964592746,0.49456692466028535
0.943628883584391,0.17859720793076383,0.31901416304226615,0.37926785921473816,0.3114328352423591,0.156436954060259,0.4489795918367347,0.44613015017327673,0.7763012262763151,0.8035982806413677,0.39971999962327054
0.9744038823891312,0.12108151069253328,0.47427631178012075,0.5541713740820472,0.4678931147332635,0.06837848781271566,0.6803803153632482,0.6742231886091041,0.6557803106690098,0.83370573274663,0.2768691976263839
9,6
0.9870621221802972,0.07559470201692656,0.644327434589078,0.7394065169259485,0.6781475821210923,0.03761176807726431,0.7970531032275535,0.7924903161314505,0.5810716479114769,0.8247431569139632,0.24568828437847107
0.9033010988116408,0.8419745570227604,0.09150217464034771,0.1882875402766323,0.12006512006511999,0.41472223148991877,0.09934754570973375,0.04880631497882171,0.9357654736084037,0.7965672976166415,0.49698333891315205
0.9451797764559507,0.181663303327559,0.3086526978612528,0.368716809442277,0.302503726344786,0.16238081398692816,0.44850931829931806,0.44600774709483937,0.7787700380719996,0.8051941514553954,0.3959250085435664
0.9747415550679539,0.11908885313012518,0.46345381526104423,0.546524717634962,0.46509685465508765,0.06977244833015521,0.6884191039249936,0.682821853451542,0.6553903344193373,0.8366754962748952,0.27848476969998864
9,7
0.9873417889213271,0.07367021992212616,0.6466880815241473,0.7387279727248641,0.6799491799491801,0.037785662309903725,0.7994951270973576,0.7953850076491586,0.5811909442269534,0.8251140593111089,0.24382269433772352
0.9033887280037172,0.8500126014638769,0.09223381354528892,0.18888144530354434,0.1199602866269534,0.41020614079901896,0.09977094363711458,0.047341337907375824,0.9361220949751957,0.7968853212325839,0.494172147007309
0.9427480533948889,0.18757696361901188,0.31484580992777716,0.3692872088377886,0.3062578447193832,0.16447231628083775,0.4283411755530714,0.42116374191845884,0.781664375837542,0.8024939434670482,0.40169143296949983
0.9736731476668057,0.12410864627445486,0.462584008542177,0.5443911654422032,0.4627610221479954,0.07114846028843486,0.6819923371647509,0.6753271163160557,0.6598647998528455,0.8352755803485049,0.27984755371071063
9,8
0.9032702058900058,0.8458610789486551,0.09153698926520765,0.1887287546297048,0.12048245043168881,0.41255130212614993,0.09750344385107435,0.04739009673402944,0.9360433690419929,0.7964733565988872,0.49576192527968654
0.974103836929319,0.11974414328376662,0.47660904509791424,0.557813414037753,0.4704180385114238,0.06730773053590108,0.6768836879637801,0.6709199030908156,0.6546411196390302,0.8331868401309923,0.27959092122369184
0.9454472123813507,0.18093763883744163,0.3123426758328927,0.3741895748681432,0.30589100266519625,0.1597814085175529,0.45571411440220655,0.45139379184418743,0.7767753848597586,0.805043326746997,0.3940976325682236
0.9874661275423465,0.07372133750798221,0.6439005087620125,0.7355509904094224,0.6805973081835153,0.0380820088576332,0.801153698243815,0.7964866623292126,0.5807720062824576,0.8258574597504038,0.24484475498547767
9,9
0.98740243556047,0.07335858973397172,0.6485086520947176,0.7432743863296758,0.6882320354542577,0.03725862609697665,0.8012572284180093,0.7961084905660378,0.579859686317423,0.824041218786492,0.24522361576273977
0.9033931408019428,0.8428907641782247,0.09183673469387738,0.18853221407977067,0.12073376359090643,0.41368489385127705,0.09841817767999406,0.048479014247208685,0.935790334804421,0.7965929421615093,0.4953913304165023
0.9440713737157282,0.1812455113728315,0.3113929271058872,0.37148138383668206,0.304216165851386,0.1610969306608111,0.4487152509878189,0.44421502313990746,0.7784902821543164,0.8046094924066106,0.39610346988119666
0.9738879190323609,0.12171034860682287,0.47590932377049183,0.5558436804592102,0.47157674501424507,0.06777056378997648,0.6810234665427509,0.6735996462264152,0.6547404756103837,0.8336219864498476,0.2810134457899158
