0.007643888569058975,0.2936596355468512,0.0012032997359897031,1.3366415115480994,0,0.0007433829826656501,5.1685289006693225,0
1.1102230246251565e-16,0.27073481144286893,0.0003352267934375329,0.7691106777077549,0,0.00020484231217038283,6.4203002838308665,0
0.03583087601925222,0.7561563789439296,0.000654835090037089,1.4856684602584262,0,0.0001985196157267209,4.9376627673214255,0
1.6653345369377348e-16,0.24532884660021928,0.0004018478760067117,1.080334407830452,0,0.0002560441813396324,5.789366617029407,0
0.015774701278065656,0.47450707656059654,0.0005112926634443089,1.4313217078046439,0,0.00019452456456752718,4.935063026406231,0
0.0066064922289284025,0.29538421238152496,0.0011211261384869366,1.2828572511351604,0,0.0007061846518564394,5.173284930773646,0
5.551115123125783e-16,0.27430506898046575,0.00034711489740483874,0.7462226070347134,0,0.00021301550840014758,6.417933738572977,0
2.7755575615628914e-16,0.24395133730831234,0.000403410108247176,1.064775902809885,0,0.0002550284082007373,5.8002851989524595,0
2.220446049250313e-16,0.2877685364016267,0.0011379282066356787,1.3511377361716992,0,0.0006926917767482036,5.174840447495881,0
2.7755575615628914e-16,0.265544126389633,0.0003275875162371017,0.8150276754443214,0,0.00020130970183116593,6.385847754423311,0
0.02275410451224856,0.46091057277549263,0.0005581349908585824,1.4276753079590776,0,0.0013987263420045504,4.937373437147483,0
6.661338147750939e-16,0.258607704277566,0.0004464181033959436,1.0060710566728304,0,0.00028538053505006194,5.761750978775993,0
-2.220446049250313e-16,0.2720601151238827,0.0003287493173348764,0.7471407257201803,0,0.00020112429885554964,6.416218955892568,0
0.00952699909762299,0.47031404222980616,0.0003943532755392087,1.415127893961889,0,0.001465180849001501,4.934436047025473,0
0.0071172996538041225,0.2764579023721354,0.0012088397869230464,1.1925266803503654,0,0.0007213232781157869,5.141235785310995,0
-3.3306690738754696e-16,0.24991065263645834,0.0003978031951346685,1.0608784737464854,0,0.00025599190542711475,5.778149231626748,0
0.009380161440442625,0.4844468228608578,0.00037701030906591907,1.432446989618337,0,0.001405007163070073,4.933417189402865,0
0.007840501297535156,0.2916983259413901,0.0011572304538803868,1.3089566684208906,0,0.001755630386052671,5.134987330838058,0
-6.106226635438361e-16,0.2821012010350396,0.000320246314323419,0.8189830332668209,0,0.00020252557753135456,6.3736503688225365,0
3.3306690738754696e-16,0.26506081556611394,0.0004614638054886608,1.039966052459423,0,0.00030057087348103257,5.7512087891815815,0
0.029375583922787767,0.7544650787318032,0.0006610364545515351,1.5002832653237175,0,0.0014864126160863743,4.936970396106116,0
0.006720880353394361,0.28313038173644195,0.0011104198753420264,1.30247498612477,0,0.0006865395419625602,5.164066855600782,0
3.885780586188048e-16,0.27175316164298735,0.00033608261324184643,0.7558781503425072,0,0.00020677262624925892,6.412282429602966,0
-2.7755575615628914e-16,0.26706849436538876,0.00040360914687832464,1.084433722158356,0,0.0002658966247370089,5.784592769499963,0
0.006836861226421687,0.29290773749889454,0.00112932536663409,1.270544856040063,0,0.0006931179182382733,5.164432878180501,0
0.0,0.27375177396812606,0.000338767385032033,0.7430625030363963,0,0.00020629130233380756,6.408040695227283,0
0.02490007716399132,0.45021441264214035,0.0006141427184946008,1.3656422483262687,0,0.0014008856516761986,4.938113141122148,0
-8.881784197001252e-16,0.24196168466210602,0.00041431273820166225,1.0953510281787262,0,0.00027114070717506537,5.775083019275642,0
0.02464929030137481,0.4792189392554382,0.0006328188348220185,1.498765197653587,0,0.001426116655682575,4.9384238306032024,0
0.006979920328286655,0.2920343584432171,0.00119651690893125,1.2765923436472526,0,0.0007527864517251784,5.16170193090686,0
5.551115123125783e-16,0.2806562731948966,0.00034810724815840984,0.7547911576992363,0,0.00021273477671877744,6.419595690409546,0
-2.7755575615628914e-16,0.259641375176142,0.0003937403371338098,1.059733306527467,0,0.00025468495143154344,5.784953410518108,0
1.6653345369377348e-16,0.2362345367986081,0.0004182567691587292,1.1369621201256312,0,0.00026873495902373675,5.780255031364851,0
5.551115123125783e-17,0.2752201763388254,0.0003285104655603845,0.7554098344397404,0,0.00020472022712043412,6.398894006306822,0
0.0063751010410818265,0.29368539690423023,0.0010964911038466205,1.3007814524874066,0,0.0006821426772085527,5.16896444979762,0
0.023365459400046005,0.45975021165396185,0.0006170670207561391,1.408772883141224,0,0.0014868585319144677,4.934251172932278,0
0.0067269839158952335,0.29248298137028184,0.0011531423957333341,1.2874097121313883,0,0.0007204241991140957,5.177900171291469,0
0.0,0.274393323826632,0.00034074837899388595,0.7406824258431743,0,0.0002071071848661732,6.412566181908297,0
0.025699703224088197,0.47857517947292705,0.0006761602946569853,1.4435841675555288,0,0.0014030350408230073,4.936564177631358,0
3.885780586188048e-16,0.25390493033286016,0.0004071978258501379,1.0818658503949845,0,0.00026542261926418303,5.7937787886599885,0
0.006489848865664269,0.29431294848224665,0.00109142811881604,1.302022223135351,0,0.000681660822334255,5.155248718369966,0
8.881784197001252e-16,0.26977670258104036,0.0003333521926745745,0.7656551555364877,0,0.00020421567273312287,6.390836869123732,0
0.029158434347581134,0.46509057523788894,0.0005981585519588159,1.3805434144455768,0,0.0001831593796703656,4.936235996262969,0
4.996003610813204e-16,0.2423093036629706,0.00043369164688379435,1.0581807081065866,0,0.000280527683228532,5.762011104492595,0
0.016621093488018414,0.4688999549312961,0.0005438257529220922,1.4668836524153788,0,0.00020149839100371824,4.936371988800812,0
0.006377592125054669,0.2858076906428314,0.0011152336291027638,1.2590722443273665,0,0.0006702419848036593,5.1685588014454655,0
-5.551115123125783e-16,0.27537286092980345,0.00034821802407885736,0.7705686882733476,0,0.00021637611194138726,6.411305840506565,0
0.0,0.25078595032221646,0.0004078223537369275,1.0530057698036355,0,0.0002633103589097918,5.774279671476352,0
0.02395525068688177,0.4751269127294386,0.0006296117165883077,1.3990460553138606,0,0.001449260925313694,4.935793417598392,0
0.0,0.30974640070648707,0.0010669403324302103,1.1524083627179902,0,0.000704879092588663,5.167892492962955,0
-2.220446049250313e-16,0.271387392863646,0.0003300146244494117,0.7289220595222049,0,0.00020256795426484687,6.410704858509227,0
3.885780586188048e-16,0.24241770329631282,0.0004056209225976588,1.065927564069375,0,0.00026153586424199196,5.779294277177029,0
0.006839595591257276,0.2913773121661429,0.0010948607345253984,1.2606389568223957,0,0.0006935939934314054,5.157513253181332,0
2.7755575615628914e-16,0.2761668798017858,0.0003439824977473485,0.7763253644044819,0,0.0002147085196279757,6.412803943947563,0
0.009679308756470308,0.4839994519841101,0.0004063777441616247,1.4420223344265086,0,0.001386802462496016,4.937532999486701,0
-3.885780586188048e-16,0.2533993925538914,0.0004135459378675089,1.0994370961911542,0,0.0002729502992949494,5.790161350093002,0
0.007381413762384596,0.2818445594754461,0.0011565606988643894,1.3030458434234826,0,0.0007174993963086772,5.154843719652934,0
0.0,0.27305288928918925,0.00034432368400770855,0.7626711289733681,0,0.00021078601709851504,6.407065747108335,0
0.02272636614423215,0.47651963260490804,0.0005790860243569204,1.4236600997703848,0,0.0014170319496687959,4.935651798935451,0
-2.7755575615628914e-16,0.25354323470440693,0.0004072098575170345,1.0624747639339984,0,0.00026229330426423835,5.781763080676384,0
0.007969553884173343,0.3012185631402326,0.0012133001313973212,1.3116403787234456,0,0.0007610480752077384,5.161803856134265,0
3.3306690738754696e-16,0.27083780156731974,0.00033769206232045414,0.7520656604065351,0,0.00020566559276386084,6.42268498463916,0
0.024390008825206644,0.507038592835951,0.000676845975112028,1.4409946087435528,0,0.0014269761307698456,4.937180356584012,0
0.0,0.2479380824734053,0.00040726942922658524,1.1310719620055556,0,0.0002623209294678862,5.793659013365918,0
0.006370147889613105,0.28296677980576446,0.001186216695842967,1.3150709776506655,0,0.0007187570246915745,5.16187672876608,0
-2.220446049250313e-16,0.2837662834710408,0.00033360817177347283,0.7447262277919988,0,0.0002064132554001021,6.410608530821882,0
0.024636847906227187,0.4635873797036544,0.000638721734447605,1.3703087443494124,0,0.0014024164497544586,4.9349669604892625,0
-1.1102230246251565e-16,0.24846521840726432,0.00040808310478601846,1.048778198320469,0,0.000257761697511956,5.79409780192981,0
0.022980341869258254,0.4673822818539657,0.0005733669345311034,1.4091342549870696,0,0.0014301356615084649,4.934934087024997,0
-3.3306690738754696e-16,0.2531481012464451,0.000396291071087506,1.0770202135714046,0,0.00025451139219096115,5.791751894148739,0
0.0073775040312712495,0.2810321525479648,0.0012096479247223478,1.2685353825115981,0,0.0007288425107509839,5.179599674039453,0
0.0,0.270473910804277,0.0003419293402345722,0.7722221647395675,0,0.00020648691077647174,6.405600990429627,0
0.028909202115805055,0.755314021345491,0.0006388079133337014,1.4770412199221101,0,0.0014516190751039644,4.936095245615455,0
0.006726983915895622,0.2917137680019617,0.0011901404446397895,1.310344011926024,0,0.0007200852113511895,5.168154219595432,0
3.3306690738754696e-16,0.27667740298163984,0.0003333284119561595,0.7396465622865784,0,0.00020358020281699586,6.41097587556135,0
-2.220446049250313e-16,0.24943034756046856,0.0004025050042316097,1.0963520214592044,0,0.00026172895117887625,5.786064772735753,0
0.006972274720738553,0.29725070043977947,0.0011281765520660802,1.2660230674807549,0,0.0007122641251510297,5.153753729001952,0
3.3306690738754696e-16,0.2745118296985396,0.0003240841953963758,0.7810040330043815,0,0.0002007261445597183,6.39315918995279,0
0.02548716274061305,0.4720322260187623,0.0006486169653644121,1.4940297841510826,0,0.0014888508422206555,4.937547059815446,0
0.0,0.25022333500819915,0.00042989453742066337,1.0864488426420849,0,0.0002775108110418334,5.767613995378296,0
0.028967861822867917,0.4765405062970662,0.0006006971641351899,1.453924718121538,0,0.0001948446121797132,4.9363565656724,0
4.440892098500626e-16,0.2547775544399487,0.00041142397278621227,1.087557281838809,0,0.0002701832454865526,5.779292484003782,0
0.006485607271029155,0.28759608136204223,0.0011559795737427605,1.266244899421876,0,0.0007041294400912863,5.170343655515534,0
2.220446049250313e-16,0.2768157263334805,0.0003381650769375658,0.7909257745056577,0,0.00021085439328912304,6.413009922901783,0
0.006974590679384315,0.2884116065846167,0.0011780342074757726,1.3323575242728272,0,0.00071251245706637,5.17275505611167,0
3.3306690738754696e-16,0.27208386619060576,0.0003284550876184282,0.7729271183137811,0,0.00020188377473323707,6.413217279664326,0
0.01705403989531067,0.4680531093001209,0.0006101331008360809,1.3981162275816492,0,0.0001847124495121294,4.936502380573181,0
3.885780586188048e-16,0.2484546370157483,0.0004092101225394696,1.0940033616446352,0,0.0002632470284731061,5.792047653404985,0
0.007954634613762938,0.30174584745460914,0.001212701580410644,1.3340888972069025,0,0.0007688230974782979,5.158016011738906,0
0.0,0.27923193321447587,0.00034899828945134066,0.7556979170077298,0,0.00021439410701178856,6.413408778674906,0
0.008890504779307404,0.4843945011596483,0.00037854182443591193,1.4651360376274063,0,0.0014209580941701772,4.934702721309195,0
-3.3306690738754696e-16,0.24264882046726696,0.00039124879160387264,1.0632413774935392,0,0.0002505255162167791,5.788899305222584,0
0.023129651357412854,0.44573017777091867,0.0005827657387725798,1.4223780941248416,0,0.0014393340431873313,4.938597687345521,0
1.6653345369377348e-16,0.25279307909728455,0.0004066147622128342,1.1063594696764487,0,0.00026622802996963975,5.791476077904386,0
-4.996003610813204e-16,0.285724418403574,0.0011334289589848084,1.2693817849628413,0,0.0007035497021001336,5.174675903215333,0
0.0,0.2772160400240636,0.0003417599787326567,0.7632597313525241,0,0.00021271543136408227,6.419172964197837,0
0.02485126504390425,0.4843068180760194,0.0006551836130118078,1.4104088774381331,0,0.0014314695555230183,4.936336854995904,0
0.00660432381450015,0.29332213942322555,0.0010781486077938419,1.2723101111105577,0,0.0006803510508310997,5.164858530792154,0
-7.216449660063518e-16,0.27029684681818317,0.00032371247309614243,0.7517631367245787,0,0.00019784938671657,6.390077244198699,0
6.661338147750939e-16,0.23904961530106916,0.00042467385373399916,1.002205016269091,0,0.0002666699051239467,5.778470567239728,0
-6.106226635438361e-16,0.24666032420256206,0.00041164397902503834,1.0880022595452388,0,0.00026610405404009556,5.786291363036666,0
0.02572000003076591,0.44311282807113694,0.0006167941642038112,1.3419214643643227,0,0.00147973316690701,4.936908003701537,0
-7.216449660063518e-16,0.28442976012314447,0.000326187677102911,0.7467405530422091,0,0.00020331296759735658,6.413632001887903,0
0.006489848865663991,0.2962650898971233,0.001103222532026517,1.3021527209111954,0,0.0006975795075204912,5.158044941802469,0
0.024661707709584986,0.4857553010602949,0.0006592139495583625,1.4141308702346023,0,0.0014250923615798654,4.936345699485146,0
5.551115123125783e-16,0.2428361220924032,0.0004067167273384684,1.0822157735837823,0,0.0002598366792342955,5.788638689333426,0
0.006490095260537725,0.2831878685369138,0.0011444944594285386,1.2585457410385397,0,0.0006906796112470202,5.167586646273539,0
5.551115123125783e-16,0.27332852240682076,0.00034487657090317633,0.7633166555868225,0,0.0002114474068558835,6.406131257072143,0
0.02275410451224856,0.4615274361938277,0.0005810866767148843,1.4168952558362484,0,0.0014072291076439316,4.9345860869438445,0
0.007616802308119265,0.30301442304036297,0.0011282196939592644,1.2959058481756012,0,0.0007164883558005982,5.160500302395483,0
-6.661338147750939e-16,0.26923912189480764,0.00033433487620947286,0.7259221034873463,0,0.00020287620095754507,6.400042860867884,0
3.885780586188048e-16,0.2582598652723108,0.0004330299736718399,1.046796273575933,0,0.0002802224192575006,5.769828862140187,0
-5.551115123125783e-16,0.2718333448558352,0.00034631407049738665,0.7294886934113801,0,0.00021107514942441676,6.414918585495012,0
3.3306690738754696e-16,0.2550443839920991,0.00040827277335431645,1.0900177988708175,0,0.0002650196335499053,5.780770877030796,0
0.023868645159611197,0.47984362069593145,0.0006010464161375607,1.4694436459320812,0,0.0014410780816042311,4.936347320946912,0
0.006969704263923945,0.28032234793720745,0.0011345045993690836,1.257998797325924,0,0.0006795073382413835,5.15363987818459,0
-4.996003610813204e-16,0.26629106085136633,0.00033910089958638575,0.7542942178063835,0,0.00020605677162505946,6.41994738146093,0
0.005694572217988435,0.29286948731651313,0.0011836694200180013,1.272768129005031,0,0.0007432127689467752,5.15797911045465,0
-4.440892098500626e-16,0.2578500799936147,0.00040517211062841455,1.1235199402650884,0,0.00026271554636383515,5.791772371198305,0
0.023564207005770523,0.4736082452895314,0.000618845252141843,1.4110101234979464,0,0.0014099665089036587,4.935706248548848,0
-3.3306690738754696e-16,0.27862751448353656,0.00033791589835140525,0.7705943058784397,0,0.00020968735017625696,6.410161141131443,0
0.02944963381421669,0.46581242330485356,0.0006292023720811723,1.4011461970215842,0,0.00019880386560175726,4.934256056086181,0
0.006726296949114197,0.2875338045084634,0.0011402419770396236,1.2758103010891126,0,0.0007120253112186141,5.164852794605653,0
-3.3306690738754696e-16,0.24412990602179402,0.0004127136705905159,1.0781763366876655,0,0.00026452163191010636,5.784979540362529,0
2.7755575615628914e-16,0.2701503197929965,0.0003339667683352262,0.7373004195366333,0,0.00020130757377672653,6.412784756007167,0
0.006606034449829844,0.28872856770423627,0.0011505604020435936,1.2886923266051216,0,0.000695570679641068,5.173734499613138,0
-2.220446049250313e-16,0.25396645658462974,0.0004010825727590427,1.0821333796185237,0,0.00025878402227576535,5.794026425916065,0
0.016580550520585553,0.48729058342874887,0.0005546004208150038,1.4020906886762896,0,0.00019084669144180512,4.934673105142605,0
0.006606492228928736,0.2944088423303471,0.0011475236168674314,1.2803740947019726,0,0.0007161441419636256,5.151708684542374,0
2.220446049250313e-16,0.27199177586221907,0.00034413751774032224,0.7582764065542036,0,0.00021076434809744993,6.415805239246087,0
0.009284573628018416,0.4831769364793174,0.0003908264914925789,1.4789297099297172,0,0.0013999896749534884,4.936688815970601,0
-2.7755575615628914e-16,0.2630217267424176,0.00041201523277380794,1.0731399718582095,0,0.00026852427268515193,5.784440962645691,0
0.02391192930552935,0.4721342727363585,0.000601291191220714,1.3722231920965045,0,0.0014323133827214883,4.935202730372845,0
-8.881784197001252e-16,0.29038551184527406,0.0011354257528082238,1.242665479357925,0,0.0007056365344912358,5.160307574548467,0
0.0,0.2683150409377009,0.00034364810676980166,0.7586354818216887,0,0.00020989364938303102,6.428653641860264,0
0.0,0.25190878660430005,0.0003958783623575414,1.1059545734412937,0,0.00025668205708553914,5.801591300631109,0
0.006978422931249076,0.28985114775262527,0.0012216531308912612,1.3263632230999212,0,0.0007477659733671482,5.1719019946873654,0
-2.220446049250313e-16,0.2759643852216754,0.0003439850536580668,0.7340097947206481,0,0.0002104986560436665,6.403420523387086,0
0.02279268059184683,0.46044959635850585,0.0005843284382578136,1.4133580184716885,0,0.0014129793043861283,4.933493723278812,0
1.1102230246251565e-16,0.2538325324127901,0.00040550163663232835,1.1127590043773494,0,0.0002698523324970063,5.782965895035566,0
-2.7755575615628914e-16,0.27230664229532203,0.00033195495768662393,0.7619365196033916,0,0.000204637052966952,6.39916088195071,0
0.006606034449830121,0.28727778210641447,0.0011196361144999766,1.2945057496467556,0,0.0006864764991072349,5.161449746495055,0
-4.996003610813204e-16,0.24741121284378936,0.0004199253407292105,1.0688625929279025,0,0.00027157311072865297,5.770862406505713,0
0.031195907088297795,0.7671543894532684,0.0006455002891958848,1.478828798517623,0,0.0014845316782057304,4.9348167913985845,0
0.00907564953487297,0.30135304492800385,0.0011238887013932924,1.3070475823240844,0,0.0006920133975783712,5.145690944053609,0
0.0,0.269507837830256,0.0003230599758325595,0.8078225777019336,0,0.0002002791268382816,6.387051920592064,0
0.023804135255743274,0.4826735303097817,0.0006176906298351331,1.3889633968610928,0,0.0014378728868148622,4.9355708255771935,0
3.885780586188048e-16,0.2604464597390172,0.0004449262633553699,1.0250511500410893,0,0.0002869472997380514,5.749033016812406,0
-3.3306690738754696e-16,0.24065730318781245,0.0003964956033791472,1.0861595738586534,0,0.00025450161293973214,5.776479792262204,0
3.3306690738754696e-16,0.27636092057287615,0.00033343118489592976,0.7649619215371265,0,0.00020759267330465076,6.413028368936146,0
0.0068481362721851124,0.2848791819481659,0.0011711183742461738,1.263166385310844,0,0.0007106657809080998,5.17452101918585,0
0.024396405111578732,0.44565700114311324,0.0006188529789097093,1.431199076393236,0,0.001474410745315729,4.9398066986364295,0
0.007354295035438087,0.2833630429214217,0.0011477025881263564,1.3122383275632938,0,0.0007052371771571894,5.161116518782202,0
-1.6653345369377348e-16,0.28335103273037165,0.0003432055539671724,0.7688830980490275,0,0.00021139931392028137,6.415523135263292,0
0.025273356374590925,0.4812686262233276,0.0006670917209559949,1.438466337569726,0,0.0013780018458630276,4.938912786183039,0
5.551115123125783e-16,0.24815305167552457,0.00042777302760265795,1.1024317742491894,0,0.0002745916374741841,5.787690064109081,0
-3.3306690738754696e-16,0.272630305754583,0.00033476184248870823,0.731413981087637,0,0.00020435221855775323,6.4004428793999075,0
0.006606492228929013,0.30437448227445874,0.0011163130653299694,1.2985661671059152,0,0.0007110012557069755,5.170700054797753,0
5.551115123125783e-17,0.24333929414461342,0.000409709249187022,1.0895100458337823,0,0.00026308035724610163,5.784993161223058,0
0.024418172567815373,0.48232637591659555,0.0006248997268884781,1.4876475880346587,0,0.001404171674694556,4.938839838835948,0
0.0381605211504979,0.7721443666284372,0.0006462506056599479,1.4724719792872358,0,0.00021117080840041464,4.93415545300455,0
-1.1102230246251565e-16,0.2439755342925166,0.0004199319881676401,1.1165014064792669,0,0.00027444129121930106,5.788476876201192,0
0.006966887965117838,0.29801008363195614,0.0011288462817182563,1.2832566387205542,0,0.0007063124294435383,5.160123525645291,0
6.106226635438361e-16,0.2737799528597162,0.0003220090083897823,0.7395529965110923,0,0.00019768468621060985,6.407194924002571,0
-4.440892098500626e-16,0.2699174809548906,0.00034454782269447717,0.7711207530606026,0,0.00020952806729679797,6.4102323832496175,0
-6.106226635438361e-16,0.2564095787234524,0.00040485504313167144,1.0417293859409418,0,0.0002615248604497449,5.7848544451494055,0
0.01573042713715339,0.483599167849533,0.0005147035000318941,1.450775164582104,0,0.00019642568371229838,4.935840505477541,0
0.005916489332622246,0.2897705473300132,0.0011405083728734814,1.2793247053277401,0,0.0007260913203174403,5.155732224037368,0
-1.6653345369377348e-16,0.2553451755868629,0.00040424358772530005,1.1301101961852598,0,0.0002639106791608519,5.794859923614933,0
0.02294426652641581,0.45865480968549055,0.0005821517041670062,1.407959917234002,0,0.001432018852463537,4.935873160671251,0
-1.1102230246251565e-16,0.2716198249704928,0.0003365894602289019,0.7639400805685159,0,0.00020581298863943672,6.41845409885259,0
-8.326672684688674e-16,0.2766473736549774,0.0012070793431202035,1.292193389455123,0,0.0007281952862111059,5.161976646913881,0
0.006377382457189711,0.28652979397353606,0.0010773473506171707,1.157412939878843,0,0.0006716047105693459,5.173437731534767,0
-9.43689570931383e-16,0.26555426386577446,0.0003313360795672402,0.7745740903401915,0,0.00020377332315797686,6.4002738266136765,0
0.00907342996593584,0.4819943526838096,0.00038812400926036943,1.4683265853644847,0,0.001463357547219303,4.935929234281801,0
5.551115123125783e-17,0.24383949002618113,0.0004399723144897537,1.0922110384761923,0,0.000284088305082757,5.769134674598438,0
3.3306690738754696e-16,0.2739280758791839,0.000335024806214406,0.7536311263855924,0,0.00020627722650676537,6.408332877398754,0
0.006604437616434096,0.28141408205873186,0.0011494381035450564,1.261425266262276,0,0.0007043756670402124,5.169394218974568,0
0.0,0.2644893248463372,0.00039260472272088223,1.038068182637074,0,0.0002578801947861587,5.777953278123573,0
0.028539449557018773,0.4711802263357952,0.0007811690556675046,1.3658619716917586,0,0.0014041841854859777,4.935405691151011,0
0.00660530875743158,0.29676456502581183,0.0011542059414508632,1.3324153179954996,0,0.0007177298436843736,5.1744414183568335,0
-1.1102230246251565e-16,0.27782438853951125,0.0003487948172017393,0.744345540778121,0,0.0002140826773377969,6.414793026467477,0
0.024935774085648163,0.4790899865477173,0.000645855724966961,1.4339415056160423,0,0.0014434199906360418,4.938203226263122,0
6.106226635438361e-16,0.2559976682186681,0.00040548008220533667,1.1051593202512398,0,0.0002621584280853186,5.787828176616981,0
0.007930682198206376,0.29276201471188823,0.0011552861707554629,1.240774868329508,0,0.0007179224427164279,5.14041344925226,0
0.0,0.2808332389334235,0.0003495640841244433,0.7659545680735532,0,0.00021494128268078147,6.395253348108534,0
0.02358292860616993,0.46985669666770336,0.0005829963273646884,1.475601175319676,0,0.0014015808777101929,4.93658149904415,0
-3.3306690738754696e-16,0.2369448586221013,0.0004062686546574298,1.1245075650001795,0,0.00026476116704487904,5.779957073335809,0
0.006373759634588916,0.2854839746916773,0.001122566088469677,1.302198663035246,0,0.0007028983290417934,5.16418532675084,0
1.6653345369377348e-16,0.2740074917375044,0.00033450324432495495,0.7731603478578433,0,0.0002073137287926133,6.429160454442917,0
0.023746563046733143,0.47396539731536236,0.0006155570058976475,1.3936525822938937,0,0.0014183741458773142,4.934242217212131,0
-3.3306690738754696e-16,0.2449817879027331,0.00041445961809413756,1.089128367008256,0,0.00026243099628967556,5.788214316290814,0
0.009682491703938315,0.45706979203153464,0.0003690944114206769,1.4218433716625136,0,0.0014498571625036587,4.9390918162482675,0
1.1102230246251565e-16,0.2509910943802771,0.0004659603853908821,1.0314049227700306,0,0.00029867172401710026,5.73059833432529,0
0.008752725599127167,0.2984466376601607,0.0012545156798535026,1.320253337026957,0,0.001928163375179639,5.137280293595986,0
-3.3306690738754696e-16,0.2725132170119535,0.00030673135406888687,0.7720018601742068,0,0.0001891134221317127,6.373005680938062,0
0.006839595591257887,0.28821251378343965,0.0011263899758147868,1.3301710842784513,0,0.0006711805035103593,5.169467238441154,0
-1.6653345369377348e-16,0.27657944199620654,0.00035112810425573965,0.7316498207188531,0,0.00021535749173882214,6.427026880426116,0
0.02381073683058095,0.4518839197016821,0.000608521180073716,1.4164206707845137,0,0.0014082981903843438,4.936965539858495,0
6.661338147750939e-16,0.24697777419405795,0.0003944245515395839,1.0781373222202122,0,0.0002514973706864245,5.792208843444365,0
0.005562511586673702,0.29520376206132304,0.0010738244310406436,1.1719211030070866,0,0.0006921984708525466,5.177539040354597,0
2.220446049250313e-16,0.2655077335900359,0.0003456629307445071,0.7613799746814065,0,0.00021023169027690794,6.423857304620082,0
0.01644106882656969,0.48372667595778157,0.0005679848047501079,1.450784688759812,0,0.00019818245416596372,4.936785825497236,0
3.3306690738754696e-16,0.2581282175983143,0.0003953300733227177,1.0194572987050423,0,0.0002535695437306073,5.796113920113175,0
0.0069811254083588375,0.3131654683288531,0.0011613344915876673,1.276098011409009,0,0.0007520084163434972,5.15243116835725,0
-6.106226635438361e-16,0.2730906270774517,0.0003379035551770423,0.7684717626087891,0,0.0002098978771905505,6.408783080458819,0
0.03531422922787784,0.755746490946151,0.0005997845520297157,1.5319390621541804,0,0.00019773160620054696,4.9366692248895765,0
3.3306690738754696e-16,0.24431712727378982,0.0004058391682105397,1.10703788246169,0,0.00026509743380938636,5.77645336708712,0
0.007098800738728969,0.28421443363318805,0.0011643136245758602,1.2669151412649142,0,0.0007207413907463354,5.156545489131189,0
-2.7755575615628914e-16,0.24748552665968587,0.0004192104962665683,1.0491328033176435,0,0.0002674099236872836,5.763056016396565,0
-5.551115123125783e-16,0.2741872945456415,0.0003363355001277643,0.7550664452642887,0,0.00020599833034582019,6.392615176304103,0
0.008970011860717244,0.46832246528045707,0.00036004758345419187,1.455503095260835,0,0.0014010994371641539,4.934826933802092,0
6.106226635438361e-16,0.277449786847684,0.0003434826666522151,0.772898716146777,0,0.00021176555873658162,6.4102221773899535,0
6.661338147750939e-16,0.2822358984299342,0.0011523820342853866,1.273754145212657,0,0.0006926807399822535,5.165642267814197,0
0.0,0.25804582332344084,0.00041087249331228556,1.0825879142546608,0,0.00027009728393064507,5.790591833037834,0
0.025858779495609437,0.47561499778245875,0.0006539764992336041,1.442474817868083,0,0.0014158230178991063,4.940068801342321,0
0.024324298693153612,0.48368075764798846,0.000643548026566057,1.4097119746622218,0,0.0014899269504971137,4.933958532092426,0
-6.106226635438361e-16,0.24976088858839182,0.0004101791294519712,1.0899654997323163,0,0.0002643294908501909,5.787403855862592,0
0.006376903262332326,0.2894205167912617,0.0011423708441731333,1.3139887397241476,0,0.0006947520055669296,5.174061043819328,0
2.220446049250313e-16,0.27612629992576815,0.00034224393620417863,0.76665662559097,0,0.00021004125480973034,6.405342262058283,0
0.006846377177779028,0.2853802008124675,0.0011480719162593048,1.2876677661667935,0,0.0007037403221665797,5.156157992511345,0
-1.6653345369377348e-16,0.24747741370591075,0.00040175264505979097,1.1027298588497585,0,0.0002590427377611071,5.7841161490790665,0
-1.6653345369377348e-16,0.27372437796894705,0.00033945070938315127,0.763919488343497,0,0.0002089630120551235,6.412723417788118,0
0.02317503772371086,0.4597400511987871,0.0005893139323106925,1.4172972573892386,0,0.0014688224472756346,4.936563601886821,0
-5.551115123125783e-16,0.2757173112993544,0.0003350790185954249,0.7695164917205123,0,0.00020787269833415174,6.4288967241858455,0
0.005935533635196,0.29955003965645566,0.0011647868971965292,1.318086549760688,0,0.0007272405334341106,5.164291865687587,0
3.885780586188048e-16,0.2630663996349091,0.0004101037262094701,1.0929672511127577,0,0.00026583047750326056,5.802811618741955,0
0.02355628707304251,0.46806868413495606,0.000617679667599468,1.4129513006858274,0,0.0014039351635434807,4.935913232992566,0
0.010072019369065377,0.2993214902119235,0.0012227550133111153,1.299123459581198,0,0.0018776915953863684,5.120391000110047,0
1.6653345369377348e-16,0.2718847455443103,0.00033365205111072094,0.7637397434821039,0,0.00020455243287811848,6.378218569830395,0
0.009914916844112581,0.46927552012434365,0.00039562445609146025,1.4280758744148452,0,0.0014027468033778183,4.93640855444853,0
2.7755575615628914e-16,0.24947430806945894,0.0004376820754014326,1.0175287500453694,0,0.00027867338825593425,5.73379861763118,0
0.006370147889613105,0.2902814175554823,0.0010713375202762575,1.2776817688475732,0,0.000689651582952402,5.182308357896802,0
-1.6653345369377348e-16,0.2783049097668512,0.00032673558566371385,0.7192660183941828,0,0.00019880338326771105,6.42007990079385,0
0.025058086505317205,0.46706538658897956,0.0006579199632895401,1.3770707463512153,0,0.0014435971872815228,4.935207589932025,0
-4.440892098500626e-16,0.24857165042172227,0.0004027095210264506,1.0754846962040787,0,0.00026196047118296303,5.799103364512733,0
0.022831265524142007,0.4756591319801987,0.0005873904122227409,1.4272511817896993,0,0.001422791206259516,4.935845630343044,0
0.008288847876367994,0.2826972372898447,0.0012116701357592354,1.2700885696468927,0,0.0007174462106447621,5.156745347491126,0
-3.3306690738754696e-16,0.27472843626147836,0.00032554619862455855,0.7623181407497562,0,0.00020167596950428594,6.398362086014441,0
-5.551115123125783e-17,0.23613400071245577,0.0004324704845159697,1.065104726763142,0,0.0002727852165293178,5.773497505747883,0
0.006963834185524077,0.2933764720302788,0.0011111403591147532,1.2826522022358935,0,0.0006884446214177973,5.1645515697717235,0
0.0,0.27218407523885413,0.00033570211031754964,0.7338346903743613,0,0.00020295886809334478,6.41531572402976,0
0.02906279744359226,0.4800087034673917,0.0006194934297588638,1.4350190467509305,0,0.00019644118745092146,4.936422743597123,0
-5.551115123125783e-17,0.24655930562074996,0.00041471629119345263,1.0949176144048012,0,0.0002645264400986184,5.786107393968883,0
0.00708791131284385,0.2850976498419125,0.0011656578891452729,1.3143025293961617,0,0.0007082529122147434,5.159063417460146,0
-6.661338147750939e-16,0.26636302291938707,0.0003568303588877802,0.7659640046018882,0,0.00021658977591648161,6.417077773890587,0
0.016512314388600485,0.4809399431838366,0.0005546823970333097,1.4090315898500356,0,0.00019215909104888497,4.936770451654046,0
3.885780586188048e-16,0.2567028782224404,0.00038884880630695503,1.0545600385346172,0,0.00025476109588549344,5.784744253384302,0
8.326672684688674e-16,0.2807143839963923,0.0011049969917272336,1.2769147460143586,0,0.0006859522175786491,5.163559704108148,0
-3.3306690738754696e-16,0.2803636348298958,0.0003329372595083297,0.7310160644441064,0,0.00020559215500154648,6.4205658130871255,0
0.02272636614423215,0.47611519859077667,0.0005886090807800079,1.414462014490817,0,0.0014203121878874141,4.934159891768414,0
-3.3306690738754696e-16,0.25040799961337673,0.0004158984670081665,1.1078906027001842,0,0.0002704067657503322,5.786645181636216,0
0.006605460237597102,0.28668496551787165,0.001180523718986644,1.306457236941998,0,0.0007024660425626582,5.1725018373220095,0
-2.220446049250313e-16,0.2432017576246862,0.0004191396165336294,1.0969656056430441,0,0.0002691914061528982,5.787021907704795,0
0.0,0.27792270695394894,0.00032773289441674803,0.7435678158145755,0,0.0002002364931397415,6.404927777076621,0
0.008928452778033714,0.48542235040882303,0.00039162485053701563,1.4554854483110835,0,0.0014584769229632512,4.935467861637454,0
0.0,0.26129406117149584,0.0003418640949943842,0.7701429801668215,0,0.0002066494915466718,6.406673477605168,0
0.007667553939916125,0.2879469447093998,0.001193331618702471,1.3035191485919675,0,0.0007482241272388585,5.153309838759341,0
1.1102230246251565e-16,0.2566852589215585,0.00040409471184602914,1.0486143807185562,0,0.0002576754460227716,5.784419170784855,0
0.022941389163408467,0.4684410758761201,0.0005894580853736911,1.4252563382472685,0,0.0014306936410943274,4.934924655276176,0
7.216449660063518e-16,0.24860541941681996,0.0004154560931197472,1.0715281477819811,0,0.0002635126904830172,5.78123087366243,0
2.7755575615628914e-16,0.27612200015543387,0.00034276532662883355,0.786487694222826,0,0.00021191418618911025,6.40687876095003,0
0.006370147889613216,0.28260617092453494,0.0011730277118108545,1.2772489920922736,0,0.0007161174905522608,5.1705961627866,0
0.02462438817279898,0.46571196896969935,0.0006127719328604575,1.4730278375510373,0,0.0014020055430312567,4.938752814284864,0
3.3306690738754696e-16,0.26730672118127985,0.0003426528116211263,0.7580175128893135,0,0.0002079246030529661,6.4098796474169255,0
0.007104856208475105,0.2991503794849195,0.0011588883748701517,1.282895461641237,0,0.0007381114854202886,5.148716044785311,0
-2.7755575615628914e-16,0.24761081144799185,0.00039717070738148593,1.0814416970325056,0,0.00025705064148537273,5.7808567808248945,0
0.025044306151710792,0.46597637574399337,0.0006327083192158477,1.339944238446676,0,0.0014447021987184167,4.937538710442913,0
0.024072508862227525,0.45846907654340024,0.0006289807720444749,1.412248511554555,0,0.0014538766896126528,4.936002306544977,0
-6.106226635438361e-16,0.25496756416722777,0.0004231253348715786,1.1160728363144008,0,0.00028049151625756107,5.782021163631829,0
0.006377382457189322,0.29767144353147357,0.0011086968254854555,1.2893378954519992,0,0.0006908015354097182,5.165691563892854,0
0.0,0.28283548435249667,0.0003393323694705251,0.775702947611442,0,0.00021182454251756486,6.407720792014989,0
0.023641136534260945,0.46997054002790306,0.0006025710936150472,1.3844579495421865,0,0.0014123037554978725,4.93630747606424,0
-5.551115123125783e-17,0.24715630760153812,0.0004117972866151541,1.072731891382858,0,0.0002633195140766199,5.7898110688363635,0
0.007115251136176129,0.29069116481824714,0.0011987500400348619,1.2453251733429256,0,0.0007428600715907275,5.1760095758714,0
3.885780586188048e-16,0.2817591157313884,0.00032772097299173356,0.7547420448077363,0,0.0002035173580439887,6.408140868763788,0
0.006597954943831676,0.2892196692022271,0.0010866847231427836,1.305800494375979,0,0.0006638864924421245,5.164941640257606,0
3.885780586188048e-16,0.27915300480354893,0.0003376674913970816,0.7798786553993653,0,0.0002127182104997233,6.414399409117146,0
0.025823348371824494,0.47766829772323044,0.0006912199137694997,1.4758948138896852,0,0.001429257372222497,4.935951140035494,0
6.106226635438361e-16,0.26036861533482925,0.00041363877459879323,1.0724852151940658,0,0.0002705515312112581,5.785746113296591,0
0.006042685118710638,0.2809493777564589,0.0011512541603001757,1.2651837684749887,0,0.0007084428763167488,5.147936359310053,0
0.0,0.2756022493401892,0.0003315545376706913,0.7320938421370914,0,0.00020529278094533974,6.404356926345068,0
0.031172238811803137,0.4893930512790136,0.0006647833470009974,1.4577448345784287,0,0.0002034425538740991,4.935040854228855,0
2.7755575615628914e-16,0.23740756232100715,0.00040424368929039303,1.1219868742457733,0,0.0002595470227398467,5.778522629996808,0
0.006489772673252417,0.2924173710500185,0.0011140464955591526,1.279273311653335,0,0.0006870501499127949,5.163233075374084,0
6.106226635438361e-16,0.2802527230498241,0.0003382654484682655,0.7766440432624443,0,0.00021039760111678,6.4151870536100235,0
0.0161160876336863,0.4823003310296738,0.0005360513532781883,1.4177051454443448,0,0.00020711406394797435,4.936097933592434,0
4.996003610813204e-16,0.25428511187015085,0.0004144039992206518,1.0916585081080536,0,0.00026956702659877273,5.790917565190714,0
0.026111250946501352,0.4653653737541963,0.0006762777213892183,1.4204173423991102,0,0.0014366673731437127,4.938025859966634,0
0.0,0.28879707375266284,0.0011638765327177715,1.2995460464891027,0,0.0007262712345166236,5.1575432101236185,0
0.0,0.27520221206223183,0.0003295043472728564,0.7540727155611575,0,0.00020346033981964186,6.397400339805354,0
2.7755575615628914e-16,0.2556588541491328,0.0004206711022062039,1.074719736524791,0,0.0002748709546415597,5.77362911423667,0
3.3306690738754696e-16,0.2682297930055308,0.00033090421140865043,0.7501426607499831,0,0.00020189806344371038,6.412795600641819,0
0.006982616965592797,0.3096965534938591,0.0011978647344407633,1.3549437353398983,0,0.0007593340940712983,5.1749188051842445,0
4.996003610813204e-16,0.24339121271470954,0.0004049958034287992,1.0902707785988448,0,0.00026204317875084025,5.783113513805833,0
0.009354983621739945,0.47214646251664516,0.00038939912391550087,1.4553753495499833,0,0.0013878263441589906,4.9356067805926775,0
0.006727385701665145,0.2926603365366579,0.0011935608040983794,1.294327386268125,0,0.0007341113711239575,5.170159277120617,0
-3.3306690738754696e-16,0.26209143369303906,0.0003357681818622073,0.7753191691304614,0,0.00020502049789598173,6.415855571897262,0
0.030656083615294004,0.7719001073249402,0.0006268873761256891,1.4794061283979227,0,0.0014414228088680606,4.936477078684274,0
4.996003610813204e-16,0.25097502544774675,0.00041044814634749353,1.107972943227693,0,0.0002619608048422229,5.801583378484044,0
0.02279932608983643,0.47139164125216143,0.0005891538186519682,1.4460419292113795,0,0.0014297792943374517,4.935418698543478,0
0.007095403314477333,0.2891090193057622,0.0011318781709833228,1.3241783278748755,0,0.0006983353323879469,5.165042684445313,0
0.0,0.2703790332596764,0.0003456115806116187,0.780080915501611,0,0.000211518114552595,6.415392876130514,0
-6.106226635438361e-16,0.2613198090497098,0.0004173069847707378,1.070751423150142,0,0.00027112288839330575,5.7831065849733845,0
0.006376687120453382,0.2837054099564688,0.001105274332708784,1.2726651577832166,0,0.0006684776761290139,5.16704867254366,0
-3.3306690738754696e-16,0.27131831570523096,0.0003628719024897407,0.7327035500039741,0,0.00021659299791228182,6.42931186282458,0
0.024185389184685283,0.4616383161221289,0.0006084311564789874,1.4091001293936998,0,0.0014476021695225367,4.93719333810797,0
1.6653345369377348e-16,0.26453161811388526,0.00038405833503474306,1.037118041728434,0,0.00024788630176863716,5.784580731865237,0
0.02357984175927846,0.48847222732482026,0.0006107989500966667,1.4050797445440357,0,0.0014219149880051393,4.935599021927131,0
0.006603087996013439,0.2885535452180364,0.001110798605018826,1.2555811484852963,0,0.0006819104689059463,5.160811898850286,0
2.220446049250313e-16,0.27208425304639466,0.00033171458512745505,0.7609502113452746,0,0.0002034827038582452,6.403662962183003,0
2.7755575615628914e-16,0.24267245791751468,0.00041529599915732425,1.076675523099271,0,0.0002686299542524765,5.786308795089059,0
0.009202979753966313,0.30142664281115567,0.0011291314638939742,1.2944829517901462,0,0.0007061988205116634,5.147458206092867,0
3.885780586188048e-16,0.2826718924475354,0.0003372743964160101,0.7622186688697985,0,0.00020941434885626004,6.406748670444197,0
0.023695949431351834,0.4431133716664282,0.0005920047705450173,1.386181833544816,0,0.0013945492067841034,4.936798668651501,0
2.220446049250313e-16,0.2441581653303455,0.000430761225663721,1.0645143212581294,0,0.00027565465814927045,5.776071924654942,0
0.024439153181209133,0.4691132779891627,0.0006476084327774595,1.443298138823943,0,0.0013974609717055523,4.936035110909764,0
3.3306690738754696e-16,0.24523484971745452,0.00041737395385607915,1.1080804083007258,0,0.00027195630399147225,5.776118606031633,0
0.007691447764632139,0.2896992237138985,0.001182940149300451,1.2557211949193752,0,0.0007260174741453025,5.1608349424344215,0
0.0,0.2753403218669348,0.0003310609879182274,0.7725950700542321,0,0.00020634260773874964,6.4029554374027295,0
0.009060086841146078,0.2893216284213548,0.0011579943605579779,1.2672248588677726,0,0.0007051579990690297,5.175411323689781,0
2.220446049250313e-16,0.2753847959667256,0.0003381560738475774,0.752988701568866,0,0.00020841166947562124,6.411627570940545,0
0.03084927804124555,0.4755019361315728,0.0006666553008983521,1.4764921335495789,0,0.00020398085641284915,4.935320353711361,0
-2.220446049250313e-16,0.2484175014777198,0.00038861872827992337,1.1032843007808921,0,0.0002548621009849419,5.782629061856714,0
0.005736534054399986,0.2949738196682628,0.001071343166906433,1.1776714628319351,0,0.0006920620272648198,5.16948607947169,0
-1.6653345369377348e-16,0.2725712359741955,0.0003478140221922008,0.7428715883081296,0,0.00021016676971292802,6.4311665605199,0
0.016621093488018414,0.4500834964153664,0.0005394735225740447,1.3810426623121752,0,0.0001833885587615744,4.935908774362773,0
4.996003610813204e-16,0.2537563933969166,0.0003883338110344455,1.0771765298943627,0,0.0002494204676170624,5.800266076775513,0
-5.551115123125783e-16,0.2691824070304465,0.00032924530971709034,0.7650194697536569,0,0.0002027748854705851,6.394625389471549,0
-7.771561172376096e-16,0.27673875722443964,0.0011661746686913036,1.2406979594034468,0,0.0007091471308414388,5.150594427517239,0
2.7755575615628914e-16,0.23985797986443924,0.000423333268657232,1.0936661442458517,0,0.00027568599488408713,5.76382507644792,0
0.02485126504390425,0.4619023838335933,0.0006114715740245864,1.3582203707429479,0,0.001415811552168566,4.936253672383368,0
0.006486341868716203,0.2943775620053624,0.0010896504813360925,1.2854966089556439,0,0.0006751904738457792,5.161768235497042,0
1.6653345369377348e-16,0.27765403396266686,0.00035033994838152936,0.7735336728674769,0,0.00021806971123495162,6.411839740458104,0
0.009190519463019776,0.4663572330377065,0.00036257965972200833,1.4485005663285309,0,0.0014464023192382234,4.936929590887006,0
-6.106226635438361e-16,0.25200432587844,0.0004111662240014204,1.0767274153978699,0,0.0002653034334183226,5.785449343360293,0
0.032994238628821,0.7838421159048512,0.000652275859811174,1.4670649610518627,0,0.0014176152977248585,4.9392253416394665,0
0.006377540718059432,0.29012151923350943,0.001104621482848565,1.3025316377982437,0,0.0006777118725305177,5.16601365434922,0
8.881784197001252e-16,0.2757298501572205,0.0003359599056969387,0.7360839994158089,0,0.00020353506727658707,6.3995003870828935,0
5.551115123125783e-17,0.2407470559626672,0.0004237084269679282,1.0916341296549295,0,0.0002684961827658066,5.789865754647154,0
0.0,0.27273855106965506,0.00032469591712750784,0.7616985998823881,0,0.00019944157643963075,6.4173694517985895,0
0.007667553939916569,0.28986061251119394,0.0012127359518321905,1.2775199131371355,0,0.0007453125809306204,5.159410120759183,0
3.3306690738754696e-16,0.251845617018628,0.0004186581560118838,1.0780130234524194,0,0.0002660367942276178,5.7847989073375405,0
0.022985617893589116,0.48214081276032256,0.0006046115152667192,1.426537389692209,0,0.001453815868158369,4.9361863814117335,0
0.007107496452958419,0.2914292455158533,0.0011663554646833504,1.3210922986844273,0,0.0007265380152292743,5.160963125713317,0
1.1102230246251565e-16,0.2574122632949676,0.0004108819776778178,1.057978853753708,0,0.0002647623424767957,5.790353309307876,0
6.106226635438361e-16,0.2731579674317532,0.00034286773542273016,0.7610626457689766,0,0.0002111262999866854,6.407494780255292,0
0.0232955192496379,0.47379525529620176,0.0006074017117043022,1.4124232586029792,0,0.0013799977973181939,4.935808226417175,0
0.023590836825588886,0.4713243854238683,0.0006176820129562571,1.410252547120257,0,0.0014057448778148707,4.9357321943020676,0
-8.881784197001252e-16,0.24780686660862755,0.00041660563798499796,1.0807776067868815,0,0.00026984737170319766,5.764762878441029,0
0.006982027852092822,0.3042097282237853,0.0011792966921091831,1.2970202082362838,0,0.0007541701596452494,5.1577305690201,0
-2.220446049250313e-16,0.2729566584116285,0.0003379482411135814,0.7516776076250069,0,0.00020735025511831452,6.400477072390255,0
0.006489848865663658,0.2876105198049442,0.001151412171882754,1.3106647850080422,0,0.0006980424485515324,5.171972810471834,0
-6.106226635438361e-16,0.27244142245745306,0.00033841241571800056,0.7816894979687325,0,0.00020999404274661527,6.414800134395178,0
0.022837561305415734,0.4879789217412333,0.0005984481136936528,1.4231190805665708,0,0.001439563836778722,4.934476421150322,0
-4.440892098500626e-16,0.2514127411705832,0.0004199694889095772,1.0944443451390047,0,0.0002707231850138059,5.786224683642184,0
0.007493669248279988,0.2984926182137551,0.0011460915433090975,1.2984092523932316,0,0.0007230950608362068,5.158328790429531,0
3.3306690738754696e-16,0.27412556255285875,0.00032677119054089286,0.7720988295280001,0,0.00020163212974069652,6.411586496197965,0
0.023911929305529354,0.46995460734274275,0.0006301823380213515,1.4248817148189366,0,0.0014451543622404702,4.936461625046403,0
0.0,0.24858884569908626,0.0004131866909183705,1.0686676879968668,0,0.0002699708885380027,5.782379493055532,0
0.00660432381450065,0.28857453192559607,0.0011194719960743306,1.2815224206773406,0,0.0006936074558702094,5.16189501258785,0
0.0,0.2729954182835197,0.0003228967142028787,0.750937341060177,0,0.0001988782311803781,6.393098644783744,0
0.018038309322385194,0.45694025782419173,0.0006393324586468989,1.449321904513827,0,0.00017958010533591134,4.9385842541856855,0
-4.996003610813204e-16,0.24933314491564257,0.0004356120996952187,1.0323987560710193,0,0.00027874624415799256,5.767879507082464,0
0.028461717881008854,0.4711295946141582,0.0005853229774505507,1.4239159822933187,0,0.00020093548694390917,4.935965831217409,0
0.006839595591257831,0.29788460980301634,0.0011017197553709346,1.316839846668636,0,0.0006876042534517101,5.1672371752812545,0
-1.1102230246251565e-16,0.27037644521918264,0.00035398756224424416,0.7400164939343392,0,0.00021414042420293155,6.422066455008603,0
3.3306690738754696e-16,0.2620657470500991,0.0003995154686799013,1.0758247899567384,0,0.00026029209654836546,5.785601705132765,0
0.006972274720737998,0.29660490485572705,0.0011747634784528055,1.2825937276513095,0,0.0007295228240756551,5.162692766418575,0
3.3306690738754696e-16,0.27095793010083463,0.0003403565749262926,0.7601176957409448,0,0.00020874039896503599,6.427613658469877,0
0.009006972229819672,0.47910035526924866,0.00038813735808096,1.4594261057621545,0,0.0014542756970278591,4.933761372616047,0
-2.220446049250313e-16,0.2535662365445034,0.0004086338236339188,1.0789228466838598,0,0.00026292384961644954,5.794516520938394,0
5.551115123125783e-16,0.27531611846790777,0.0003336325644660462,0.7748540094398078,0,0.00020623343698108053,6.413836498695372,0
-8.326672684688674e-16,0.285989365244892,0.0012393039843506613,1.2823540207371302,0,0.000746608444618989,5.170695842324177,0
-8.881784197001252e-16,0.25160384772095834,0.000412246326284593,1.117383936242192,0,0.0002709211918455567,5.783603624855062,0
0.024379532766332597,0.4802262360808266,0.0006065988008711661,1.4542841116023886,0,0.001379709400451896,4.935596540215898,0
3.3306690738754696e-16,0.2720658057734657,0.0003526626229911119,0.7428020028452796,0,0.00021346705914384437,6.415913625798491,0
0.006377382457189877,0.28868364399033253,0.0011184670594691901,1.3018839857434727,0,0.000699666928683558,5.159273312977976,0
-4.440892098500626e-16,0.24933038050258416,0.0004126850564508136,1.1065347030365222,0,0.00026349035377356325,5.805799201769984,0
0.025664806237847514,0.46320815961935624,0.0006529119227783387,1.3169681193922889,0,0.001385059518340906,4.936397899984866,0
0.02419781583950597,0.47044317430649957,0.0006243111444575178,1.3771370294447987,0,0.0014672306266101448,4.934198167718569,0
0.006601401541447387,0.2817661020194239,0.001214909455214446,1.2987959504419155,0,0.0007297926674248174,5.179152529738302,0
-2.220446049250313e-16,0.26607395738090306,0.0003375452974219814,0.7432832780909674,0,0.00020342254136969753,6.409915064356035,0
6.106226635438361e-16,0.24474997464834725,0.0003833283458002212,1.078141314112829,0,0.0002498516672071689,5.7763385417959325,0
0.022947035836056437,0.4840115503085715,0.0006008882364661826,1.4304760069595694,0,0.0014478630996446781,4.937406848005265,0
0.006367857205781112,0.2889492761967463,0.0011660772660443636,1.315396087526548,0,0.0007169545810490359,5.156829992407938,0
0.0,0.2781563535722886,0.0003212286180028533,0.7892154664642645,0,0.00020065392843884096,6.398887003538393,0
-4.996003610813204e-16,0.2501065293989127,0.00041456080755625224,1.0528810958683406,0,0.00026785903133676474,5.778179379422344,0
0.00984536354433094,0.4703064749147068,0.0003985914554274356,1.5022999471721707,0,0.0014123699520003999,4.938846492283753,0
0.007942624857314423,0.2875855049700989,0.0011898148133799014,1.2787476667934876,0,0.0018276864285003405,5.13811904444661,0
-5.551115123125783e-16,0.27326755722102464,0.0003288188466612671,0.7576287169507254,0,0.00020376877844654158,6.401027293450756,0
2.220446049250313e-16,0.24311763111192783,0.0004214846061215064,1.0887963628001136,0,0.00027098518696764987,5.771934075512414,0
0.006490095260537725,0.28019059065068497,0.0011019833691735636,1.235602041519915,0,0.0006709089964604255,5.177598245539561,0
-3.3306690738754696e-16,0.28201088041388434,0.0003353617554080985,0.7459064294415404,0,0.00020687746964876557,6.3977255092628855,0
0.03055065675109335,0.7711150078346274,0.0006248162437117918,1.4794429697577993,0,0.0014350832310439437,4.935669057948436,0
-1.1102230246251565e-16,0.23875937000698472,0.0004166205156417046,1.1284370867737896,0,0.0002689124105169809,5.779506418322205,0
0.022947035836056437,0.4650447878016824,0.0005969548412384125,1.4140262963934216,0,0.0014433406897080374,4.935811183082597,0
0.005745380486650291,0.29256414611026527,0.0011013461556480624,1.2799133144310477,0,0.0006861944477226967,5.155301195338494,0
2.220446049250313e-16,0.2783657495585903,0.0003396558363711208,0.7457792958310867,0,0.00021015619426174994,6.418008559961616,0
-3.885780586188048e-16,0.25522014861180714,0.00041149530290794927,1.089632009014733,0,0.0002676560365302573,5.787595692142659,0
