[9.408333333333333],3
5,142,4
[10.0],2
0,320,0
[9.428571428571429],4
4,131,4
[9.266666666666667],5
7,138,4
[9.961538461538462],2
1,258,0
[9.4375],5
6,149,3
[9.923076923076923],3
1,258,1
[9.92],3
1,247,1
[10.0],2
0,293,0
[10.0],2
0,285,0
[10.0],2
0,295,0
[9.925925925925926],3
1,261,1
[9.923076923076923],2
1,254,1
[9.928571428571429],3
1,269,1
[9.925925925925926],3
1,259,1
[10.0],2
0,294,0
[10.0],2
0,318,0
[9.923076923076923],2
1,255,1
[9.457142857142857],4
5,135,3
[9.916666666666668],2
1,237,1
[10.0],2
0,293,0
[9.923076923076923],2
1,257,1
[9.528571428571428],4
3,136,4
[9.923076923076923],3
1,253,1
[9.4375],5
6,148,3
[9.341666666666667],4
6,141,4
[9.604761904761904],2
10,189,2
[9.96],2
1,246,0
[9.557142857142857],3
10,190,2
[10.0],2
0,295,0
[9.285714285714286],5
6,130,4
[10.0],2
0,320,0
[9.4375],5
5,147,4
[10.0],2
0,290,0
[9.925925925925926],3
1,263,1
[9.5],2
10,187,1
[9.375],5
7,150,3
[9.285714285714286],5
6,130,4
[9.429166666666667],5
6,145,3
[9.92],3
1,241,1
[10.0],2
0,284,0
[9.923076923076923],3
1,252,1
[9.923076923076923],3
1,255,1
[9.923076923076923],3
1,255,1
[9.925925925925926],2
1,268,1
[9.96],2
0,249,1
[9.962962962962962],3
1,266,0
[9.923076923076923],2
1,254,1
[9.366666666666667],5
6,144,4
[10.0],2
0,298,0
[10.0],2
0,291,0
[10.0],2
0,290,0
[9.266666666666667],5
7,138,4
[9.333333333333334],5
7,140,3
[9.962962962962962],2
1,260,0
[10.0],2
0,314,0
[10.0],2
0,315,0
[9.961538461538462],2
0,253,1
[9.923076923076923],2
1,256,1
[9.366666666666667],5
6,144,4
[9.366666666666667],4
6,144,4
[9.350000000000001],5
6,142,4
[10.0],2
0,286,0
[10.0],2
0,293,0
[9.4375],5
6,148,3
[10.0],2
0,293,0
[9.370833333333334],5
6,145,4
[9.266666666666667],5
7,138,4
[9.923076923076923],3
1,256,1
[10.0],2
0,314,0
[9.925925925925926],3
1,268,1
[9.357142857142858],4
5,127,4
[10.0],2
0,303,0
[9.358333333333334],5
6,143,4
[10.0],2
0,288,0
[9.923076923076923],3
1,253,1
[9.923076923076923],3
1,249,1
[9.433333333333334],5
5,145,4
[9.923076923076923],2
1,252,1
[10.0],2
0,287,0
[9.88888888888889],3
2,262,1
[10.0],2
0,289,0
[9.92],3
1,244,1
[9.923076923076923],3
1,254,1
[10.0],2
0,289,0
[10.0],2
0,293,0
[9.928571428571429],2
1,272,1
[9.925925925925926],3
1,263,1
[10.0],2
0,313,0
[10.0],2
0,292,0
[10.0],2
0,293,0
[10.0],2
0,281,0
[9.333333333333334],5
6,137,4
[10.0],2
0,297,0
[9.375],5
7,147,3
[9.4375],5
6,149,3
[9.45],5
11,187,2
[9.925925925925926],2
1,262,1
[9.923076923076923],3
1,254,1
[9.925925925925926],3
1,259,1
