[9.442105263157895],2
11,185,2
[9.214285714285714],5
7,128,4
[9.464912280701755],5
10,175,2
[9.961538461538462],2
0,253,1
[9.308333333333334],5
7,145,4
[9.404761904761905],11
10,189,2
[9.497368421052633],3
9,187,2
[9.494736842105263],7
10,184,1
[9.473684210526317],7
10,177,2
[9.5],5
11,187,2
[9.923076923076923],2
1,256,1
[9.461904761904762],6
10,192,2
[9.421052631578947],4
10,178,2
[9.686842105263159],2
9,181,1
[10.0],2
0,286,0
[9.473684210526317],6
10,178,2
[9.454761904761904],2
10,189,2
[9.544736842105264],2
10,184,2
[9.528947368421054],5
10,179,2
[9.504761904761903],6
10,190,1
[9.961538461538462],2
0,258,1
[9.48421052631579],3
10,180,2
[9.444736842105263],6
11,182,2
[9.439473684210526],11
9,184,2
[9.497368421052633],3
10,186,2
[9.409356725146198],10
10,175,1
[10.0],2
0,301,0
[10.0],2
0,316,0
[9.4],5
6,138,3
[9.473684210526317],2
10,179,1
[9.399999999999999],6
11,187,2
[9.539473684210527],6
9,183,2
[9.415204678362572],3
11,174,2
[9.742105263157896],2
9,185,1
[9.494736842105263],5
11,184,2
[9.32857142857143],5
6,135,4
[10.0],2
0,285,0
[9.450000000000001],11
9,188,2
[9.644736842105264],2
10,183,2
[9.5],7
10,188,2
[9.48421052631579],5
9,181,2
[9.7],2
9,188,2
[9.442105263157895],8
9,185,2
[9.470760233918128],2
11,177,1
[9.578947368421053],8
9,179,2
[9.614285714285714],2
11,192,2
[10.0],2
0,287,0
[9.50952380952381],6
10,190,2
[9.46783625730994],2
10,177,1
[9.511904761904763],6
10,190,2
[9.473684210526315],7
10,178,2
[9.489473684210529],6
10,183,2
[9.436842105263159],9
9,183,2
[9.55],2
9,188,2
[9.600000000000001],3
10,186,2
[9.923076923076923],3
1,249,1
[9.92],2
1,246,1
[9.450000000000001],3
10,188,2
[10.0],2
0,283,0
[9.486842105263158],5
11,180,1
[9.494736842105263],6
10,185,2
[9.507142857142856],2
10,190,2
[9.489473684210527],2
10,184,2
[9.481578947368419],6
10,182,2
[10.0],2
0,291,0
[9.925925925925926],2
1,260,1
[9.489473684210527],2
10,184,1
[9.531578947368422],2
9,180,2
[9.544736842105264],5
10,185,2
[9.53421052631579],8
10,185,1
[9.597368421052632],2
10,186,2
[9.851851851851853],2
3,266,1
[9.923076923076923],3
1,253,1
[9.38684210526316],6
11,183,2
[9.492105263157896],4
9,186,2
[10.0],2
0,304,0
[10.0],2
0,302,0
[9.92],2
1,244,1
[9.644736842105264],2
9,186,2
[9.539473684210526],4
11,183,2
[10.0],2
0,310,0
[9.797368421052633],2
10,186,2
[9.48157894736842],2
10,179,2
[9.539473684210527],7
10,184,1
[9.5],8
9,189,1
[9.962962962962962],2
1,263,0
[9.41812865497076],8
9,177,2
[9.442105263157895],4
10,185,2
[9.958333333333334],2
0,233,1
[9.923076923076923],2
1,257,1
[9.547368421052633],5
10,186,2
[9.45952380952381],6
11,189,2
[9.514285714285714],6
10,191,2
[9.494736842105263],4
9,185,2
[9.439473684210526],11
9,184,2
[9.923076923076923],3
1,255,1
[9.475],5
5,143,3
[10.0],2
0,288,0
[9.78654970760234],2
9,178,1
[10.0],2
0,291,0
