[10.0],2
0,291,0
[9.92],2
1,242,1
[10.0],2
0,311,0
[9.5],2
10,189,1
[9.489473684210527],6
9,184,2
[9.925925925925926],2
1,266,1
[9.333333333333334],5
7,139,3
[10.0],2
0,319,0
[9.4375],5
6,148,3
[9.925925925925926],3
1,261,1
[9.442105263157895],2
10,183,2
[10.0],2
0,282,0
[9.350000000000001],5
6,142,4
[10.0],2
0,284,0
[9.425],5
6,144,3
[9.4375],5
6,147,3
[9.285714285714285],4
6,126,4
[10.0],2
0,304,0
[10.0],2
0,309,0
[10.0],2
0,308,0
[9.275],5
7,140,4
[9.375],5
6,146,4
[9.851851851851851],3
3,261,1
[10.0],2
0,302,0
[9.923076923076923],3
1,251,1
[10.0],2
0,303,0
[9.5],4
4,131,3
[9.61190476190476],2
9,192,2
[10.0],2
0,289,0
[9.925925925925926],3
1,260,1
[10.0],2
0,303,0
[9.92],3
1,240,1
[10.0],2
0,293,0
[9.923076923076923],3
1,257,1
[10.0],2
0,288,0
[10.0],2
0,292,0
[9.43421052631579],9
9,182,2
[10.0],2
0,301,0
[9.923076923076923],3
1,256,1
[10.0],2
0,320,0
[9.925925925925926],3
1,265,1
[10.0],2
0,300,0
[10.0],2
0,293,0
[10.0],2
0,297,0
[10.0],2
0,284,0
[9.395238095238096],5
6,136,3
[9.4],6
11,186,2
[10.0],2
0,297,0
[9.925925925925926],3
1,264,1
[9.923076923076923],3
1,250,1
[9.923076923076923],2
1,253,1
[9.925925925925926],3
1,262,1
[10.0],2
0,294,0
[9.923076923076923],3
1,257,1
[9.366666666666667],5
6,144,4
[9.539473684210527],3
9,183,2
[9.447368421052632],6
11,185,2
[10.0],2
0,306,0
[9.375],5
6,149,4
[10.0],2
0,288,0
[9.925925925925926],2
1,260,1
[9.925925925925926],2
1,260,1
[9.925925925925926],3
1,260,1
[9.925925925925926],3
1,262,1
[9.489473684210527],2
11,182,2
[9.494736842105263],7
9,187,2
[9.925925925925926],2
1,262,1
[9.96],3
1,248,0
[10.0],2
0,291,0
[9.92],2
1,244,1
[10.0],2
0,280,0
[9.526315789473683],6
9,178,2
[9.444736842105264],2
11,181,2
[10.0],2
0,281,0
[9.3625],5
7,144,3
[9.592105263157896],2
9,186,1
[9.350000000000001],5
7,142,3
[9.504761904761905],8
11,189,1
[10.0],2
0,292,0
[9.925925925925926],3
1,260,1
[9.384615384615385],4
4,117,4
[9.925925925925926],3
1,263,1
[9.304761904761905],5
6,132,4
[10.0],2
0,292,0
[9.923076923076923],2
1,250,1
[9.494736842105265],6
10,186,2
[9.333333333333334],5
7,138,3
[10.0],2
0,285,0
[9.370833333333334],5
7,146,3
[9.350000000000001],5
7,142,3
[9.266666666666667],5
7,139,4
[9.925925925925926],2
1,267,1
[10.0],2
0,296,0
[9.961538461538462],2
1,253,0
[9.923076923076923],2
1,258,1
[9.48421052631579],2
10,180,2
[10.0],2
0,297,0
[9.370833333333334],5
6,145,4
[10.0],2
0,316,0
[9.489473684210525],4
10,182,2
