[9.923076923076923],2
1,258,1
[9.697368421052634],2
9,186,2
[9.851851851851851],5
3,259,1
[10.0],2
0,297,0
[10.0],2
0,290,0
[10.0],2
0,273,0
[10.0],2
0,293,0
[9.285714285714285],4
6,127,4
[9.925925925925926],3
1,259,1
[9.416666666666668],5
6,143,3
[9.350000000000001],5
6,142,4
[9.341666666666667],5
6,141,4
[10.0],2
0,302,0
[9.3],5
7,143,4
[9.5],2
10,188,2
[9.923076923076923],2
1,258,1
[9.96],3
1,244,0
[9.385714285714286],5
6,134,3
[9.92153846153846],2
2,254,1
[9.283333333333335],5
7,141,4
[9.439473684210528],6
10,185,2
[10.0],2
0,293,0
[10.0],2
0,297,0
[9.333333333333334],5
7,138,3
[10.0],2
0,292,0
[9.923076923076923],2
1,258,1
[9.846153846153847],5
3,256,1
[9.197802197802197],5
7,123,4
[9.925925925925926],2
1,260,1
[9.291666666666668],7
7,142,4
[9.961538461538462],2
0,256,1
[9.252380952380953],5
7,133,4
[9.925925925925926],3
1,262,1
[9.308333333333334],5
7,145,4
[9.466666666666667],5
5,142,3
[9.925925925925926],3
1,263,1
[9.925925925925926],3
1,260,1
[9.923076923076923],3
2,258,0
[10.0],2
0,293,0
[9.285714285714285],5
7,127,3
[9.3125],5
7,146,4
[9.266666666666667],5
7,136,4
[9.3],5
7,143,4
[9.4375],4
5,148,4
[9.370833333333334],5
7,146,3
[10.0],2
0,300,0
[9.4],4
5,138,4
[9.395238095238096],5
6,136,3
[10.0],2
0,292,0
[9.333333333333334],5
7,138,3
[9.404411764705882],5
6,154,4
[9.341666666666667],5
6,141,4
[9.925925925925926],3
1,261,1
[10.0],2
0,292,0
[10.0],2
0,287,0
[9.295238095238096],5
7,131,3
[9.428571428571429],4
5,131,3
[9.285714285714286],9
7,130,3
[9.500000000000002],2
10,189,1
[9.925925925925926],2
1,264,1
[10.0],2
0,287,0
[10.0],2
0,284,0
[9.375],5
6,146,4
[9.4],5
6,140,3
[9.961538461538462],2
0,256,1
[9.333333333333334],4
7,137,3
[10.0],2
0,286,0
[10.0],2
0,311,0
[9.429166666666667],5
6,145,3
[9.252380952380953],5
7,133,4
[9.350000000000001],4
6,142,4
[10.0],2
0,305,0
[9.4],5
5,139,4
[10.0],2
0,270,0
[9.925925925925926],2
1,259,1
[9.257142857142858],5
7,134,4
[9.442105263157895],6
9,184,2
[10.0],2
0,299,0
[9.375],5
7,147,3
[9.433333333333334],5
6,146,3
[9.45],6
11,187,2
[9.333333333333334],4
6,138,4
[10.0],2
0,321,0
[9.375],3
6,147,4
[9.3125],5
7,149,4
[9.32857142857143],5
6,135,4
[10.0],2
0,290,0
[9.425],5
6,144,3
[9.547368421052632],5
10,185,2
[9.494736842105263],7
10,185,2
[9.961538461538462],2
0,258,1
[9.4],3
5,139,4
[9.923076923076923],3
1,252,1
[9.291666666666668],5
7,142,4
[10.0],2
0,288,0
[10.0],2
0,293,0
[9.923076923076923],2
1,250,1
[9.539473684210527],2
10,182,1
[9.214285714285715],5
7,129,4
[9.3625],3
7,144,3
