0,0
0.9874835859176929,0.07302154388726223,0.6479747619852404,0.742956536170789,0.6887342007616923,0.03740229605371034,0.801006655680323,0.7962523503857875,0.579879985955355,0.8240348647201944,0.24379456494561197
0.9034684366228608,0.8413701189073101,0.09138930286471281,0.18837751698489635,0.12037756482200945,0.4143042899620501,0.09941421651458848,0.04875166761959199,0.9356073558730541,0.7966743984864345,0.49575908761530635
0.9746803288995166,0.11974541123152921,0.47354350567465325,0.555091833193795,0.4719811527503836,0.06808791685988475,0.6812124678295681,0.675399129172714,0.6550525157034206,0.8348136990588807,0.2764159271563704
0.9427884727895713,0.1795342090258928,0.31449354033221155,0.3733044695249229,0.30710741306767797,0.16043574156013143,0.44100051699943377,0.43828564288391847,0.77896297967048,0.8028655209830599,0.40372256810192053
0,1
0.9739575383369632,0.12418004700345406,0.43947863477559795,0.5253253100019087,0.4457988884218393,0.07656395779278964,0.6900938509354623,0.6841787813176616,0.6628461407804564,0.8381391905134634,0.27619525415701157
0.9404725113324732,0.17910551552493464,0.31461257223729217,0.3713647199910387,0.30810223615979015,0.16467382954778506,0.41812200796983234,0.41539296864395275,0.7849365152933074,0.8005488690762268,0.4154233954206206
0.9038511390664639,0.842036938584271,0.0919031372222684,0.18867874590768507,0.1206704556958364,0.4119108845827288,0.0999565980412504,0.049209845800210594,0.9354015609605746,0.7967346723099004,0.4951678309258181
0.9864613641412279,0.07727310516677544,0.6454303278688525,0.7360548751396733,0.6732638888888891,0.03808300392101763,0.7907063197026021,0.7842924528301886,0.5844868819244993,0.8236885500939128,0.24703596158546937
0,2
0.987434679422127,0.07358855125429398,0.6395761952453746,0.7344622305966815,0.6774855488681856,0.03818623661481514,0.7994716647342185,0.7958138688345568,0.5814194551574289,0.8258500072740222,0.24433208395233225
0.9035181074417723,0.8495719025747159,0.09150521609538009,0.188422377658857,0.1187287657875894,0.41086321809625215,0.09810548078643411,0.04613056200181559,0.9367529661918884,0.7968809956159008,0.49465929643738155
0.9712431143272331,0.1260067054894921,0.4658106339213365,0.5438605719053533,0.46138680359212686,0.07125241988965726,0.661611093049882,0.6549106822584115,0.6647753424315587,0.830818467455381,0.2906563477326055
0.9415890231752942,0.18177799859400207,0.2882179502299801,0.34776151767632324,0.2848592920535367,0.1769834158217515,0.43614773608622404,0.4325234152300801,0.7925137936429708,0.8040585361430032,0.410162576078366
0,3
0.9033397184309386,0.846839192763843,0.09172131147540985,0.18855901368768252,0.11955840455840466,0.41210508838254833,0.09838289962825264,0.04686792452830152,0.9361597250718123,0.7968980840807959,0.495123319705427
0.9732060808967165,0.12404917615576208,0.4712533884084162,0.5512098470442918,0.46637279314444674,0.06890729225414716,0.6774580686707842,0.6689050661120188,0.6560229192986105,0.8336946029070361,0.28104387213327525
0.9874929516788472,0.0731906658322215,0.6437158469945357,0.7358181362850515,0.6784176043435304,0.037927510863548536,0.8009963325948455,0.795565720094022,0.5804462695619874,0.8253973356734309,0.24656781127134203
0.9426035190876489,0.17810954582660163,0.30463197271427,0.36751024034528734,0.2999101321248973,0.16431363889778453,0.43898605324218454,0.43340509054071163,0.7832024741609386,0.8046020371625563,0.40400821915611873
0,4
0.9036551983923597,0.8469174549029217,0.09185372005044179,0.18860055906998702,0.11974578128424257,0.4116581912688993,0.09880850252597445,0.048746976294146094,0.936130225266461,0.7967048408798239,0.4936142537446059
0.9434304575220256,0.17807604608750666,0.3081336696090795,0.3710322070389448,0.3038571115494192,0.16047345314166095,0.44936135735392235,0.4457426221577165,0.780988605157668,0.8048826569176019,0.40128174048085813
0.9875118505916597,0.07340156999505473,0.6453928773318258,0.7402063548227915,0.682807741428431,0.037579627091532466,0.8028714267401614,0.7994274560832791,0.580198944434227,0.8249175746500433,0.24499480172432977
0.9742373922322969,0.12082488599801866,0.4727894170517121,0.5543864376666512,0.46977746977746987,0.06801123584867334,0.6831823857846162,0.6767975522692503,0.6544989725642189,0.8354493102388469,0.27792752454170727
0,5
0.9742395391770702,0.12186463786167609,0.4793736236848545,0.5585042834791525,0.47246672619806956,0.0673325985277455,0.6807967596959441,0.6743734159391719,0.6540331273464459,0.832820552957108,0.2770877525596172
0.9038878231024035,0.8461194062384603,0.0926025609656636,0.18937483346175493,0.12111805644143958,0.4089146710505914,0.10070465516284732,0.04900028161081399,0.9353749308443448,0.7968560436598165,0.49198938120476904
0.9877730297009896,0.07193694889800473,0.6445325166636642,0.7421134128249043,0.6888951504336118,0.037462605512058905,0.8036139820526438,0.7985900891561266,0.5796622506203977,0.8254532857600669,0.24413035547892623
0.9438671775668765,0.18035050613650302,0.30942104170989837,0.3722299424812363,0.30172382704028283,0.16024607364716562,0.4513905227989271,0.4466921423453546,0.7788734982313825,0.8048975920115232,0.4013106581030709
0,6
0.9440937488399544,0.18058147775629074,0.3086588183518539,0.369671600161408,0.3033518805330886,0.1639070764327148,0.44300291908884504,0.4387488919842978,0.780795165692225,0.8044872314347206,0.39958067063718394
0.9040228103107135,0.8475076456138663,0.09226693161119398,0.18941376078641015,0.12128406572851014,0.4076881128646224,0.09903871428035016,0.04911377930245853,0.9357596792711715,0.7969360970533987,0.4919927595870687
0.9873843521070192,0.07405460218804005,0.648262742684496,0.7423363824297787,0.6840037727409743,0.03738255385792465,0.8016798406435162,0.7964196020349024,0.5798812673221865,0.82453073680446,0.24488622968415213
0.9745742337672745,0.12061587490185538,0.47119798234552335,0.5544881802575377,0.47123602892833666,0.06822035313720717,0.6863454389476694,0.680420899854862,0.6550978899024673,0.8349220580809956,0.27765738383077304
0,7
0.9863310433822826,0.07684926685175711,0.6482244719666992,0.7372318406305223,0.6706945672462915,0.03794105993716307,0.7860064560487585,0.7796415685810609,0.5846956147583704,0.8227522175690481,0.24948419070480105
0.9031501679450309,0.8464309271604742,0.09198823034888609,0.18869119113756777,0.12053473591935132,0.4124631575638013,0.09926603755600028,0.04694726656990805,0.9360231684605942,0.7967347057727553,0.49620912706349946
0.939539077967944,0.18368795281831857,0.31425152566710535,0.3735174710495375,0.30679809511926304,0.16315298709221748,0.4138333378558055,0.4084836799338933,0.7834903060781349,0.8009125929855879,0.4187865279192774
0.9737691450256903,0.12411500391244173,0.43610507604187243,0.525067093863631,0.4462980125630729,0.0770045031459238,0.6874934682969797,0.6835492915056451,0.6644180332326455,0.8380650989548709,0.2807024884907571
0,8
0.9427391841841949,0.17724637693878403,0.3096376735929832,0.37132684374126934,0.3027927486526213,0.16204950477007388,0.4446522861269624,0.4403797620478307,0.7817559832622885,0.8040805234623388,0.4056418280654701
0.903310348360373,0.8449247239095494,0.09228901032179748,0.18855800819264318,0.12074345407678783,0.41340492976591875,0.09968332644912564,0.04895677348507527,0.9354381199887997,0.7966060409488642,0.49541970916224626
0.9739478564601408,0.12089158752975135,0.4670686514666164,0.5489238720440197,0.4676403488664026,0.06928080568210157,0.6824481191869988,0.677683799609629,0.6570611989177091,0.8351885071848043,0.2790087987120315
0.9871370121895666,0.07527847416833619,0.6466737537067084,0.7414288691314237,0.6819229310696888,0.03737065362529038,0.7995990712663511,0.7952347221327836,0.5801823704801283,0.8243445704390532,0.24567122946061593
0,9
0.9742141545811402,0.1199624832141526,0.4771676120426354,0.5570567611783561,0.4720895215191794,0.06731513363929258,0.6815836713924266,0.6755864839658511,0.6542627053458194,0.8342170968902809,0.27884907970898076
0.9037525631702756,0.8441068901608708,0.09272131147540985,0.18899328871893023,0.1203988603988605,0.41054811229181554,0.09947955390334579,0.04879245283018846,0.9354500923266337,0.796887005016427,0.4941757777376085
0.9430788170587779,0.18212405096701428,0.3127480586712683,0.37163454872345536,0.30362498125656023,0.16269517700709318,0.44003130502837023,0.4338629592850049,0.7796025635488005,0.8033355357962376,0.40581660664785846
0.9872604302716084,0.07432981065012881,0.6516307161345988,0.7443134349146393,0.6867696306292798,0.03714715546401515,0.7983434422487445,0.7944918901026149,0.5793922640001745,0.824088266836609,0.24528322195298577
1,0
0.9037748031245345,0.8445422001342975,0.0920050441361917,0.18883875953062274,0.12079772079772094,0.4109840238097109,0.09903727004098772,0.0488437348814707,0.9356354492177252,0.7967816717271228,0.49385284838997
0.9737762472333685,0.12021598654284188,0.46464607955267506,0.5460506331787895,0.46465248790830194,0.07069871202346414,0.6853260712947754,0.680503144654088,0.6571598467425659,0.8355104965056566,0.27916616952755274
0.9419806579547272,0.18208056688833424,0.31663071613459876,0.37579053444926236,0.30808591992802514,0.15982264335611684,0.4316669927607122,0.4274577954319761,0.7798657754357194,0.8028776305114833,0.4068639383633513
0.9872033333064126,0.0744294831170546,0.6480244512364544,0.7392516271983463,0.6794726930320153,0.037718791617382535,0.7987398399596747,0.7944739366805244,0.5814319147604394,0.825101788951155,0.24479195154800945
1,1
0.9874699049084444,0.07344409261827528,0.6461457970003488,0.7397536383453668,0.6873977086743046,0.03766308360997049,0.801510717393024,0.7973772246754984,0.5799498424117567,0.8253104048189991,0.24475094415149895
0.9037101737663354,0.8441296915070374,0.09191578270652556,0.18883647219982547,0.12045416457181174,0.41123297561591293,0.09982506013557835,0.04894561598224223,0.9355873401884375,0.7967744902794346,0.4942478768761094
0.9415586663517553,0.17309825084658226,0.3063728151123656,0.3653137737796052,0.30029622082602214,0.166063561136986,0.4448164652010143,0.43998500562289133,0.7842332066078447,0.8035642278504409,0.40712736375359254
0.974212453763211,0.12075646672146062,0.47346506264414384,0.5551456257616916,0.47265282246270846,0.06799399451666505,0.6830536983900378,0.6765478154817418,0.6543009309894534,0.8341780054981633,0.27788060680057397
1,2
0.9437160848443549,0.18022412229053336,0.307290767903365,0.36964565667674204,0.3018630979157295,0.1645974554053981,0.44387106241440033,0.4408887785501489,0.7817062339373282,0.8046088254938913,0.4030877663308797
0.9038992763923841,0.84285556504798,0.09228645383951678,0.18899590622602302,0.12049782576098356,0.4107268368888914,0.10043044414009006,0.04937437934458794,0.9355284754767537,0.7968504253766637,0.49207125776465066
0.9873847595660369,0.07407205646123247,0.6446748452936706,0.7397596925453954,0.6857606460255469,0.03757645464283274,0.8018907407863316,0.7960764713232537,0.5793769548924301,0.8248790311055751,0.24240154054879112
0.9739216927719856,0.12141983005377044,0.4680840163934426,0.5499208147451088,0.4670250178062679,0.06936811706536739,0.6807766031598513,0.6737765330188679,0.656306101251541,0.8347853608238567,0.2794736523509985
1,3
0.9876473863722804,0.07271605497138153,0.64572846917571,0.7409893598385537,0.6864792745074436,0.037523232528922354,0.8022278653332633,0.7988971565240501,0.5793571956977831,0.8247254697101964,0.2436149982363084
0.9041110660134418,0.8492593556720629,0.09290189683289002,0.18984920491448426,0.12056801062036693,0.4055061287090418,0.10107242258510302,0.04919490269682919,0.9351989507312036,0.7970891821903184,0.4915805283053613
0.9425872079441451,0.1773209899077795,0.30855865446029385,0.3720409746437956,0.3028453028453028,0.1608425867072541,0.4392169169120842,0.4358000490075961,0.7821031553592104,0.803906782368788,0.40754932059191906
0.9741702981746249,0.12147279681696774,0.47231262476559194,0.5531785896738186,0.4683508373545275,0.06841857015688792,0.6836719296560996,0.6776996449209775,0.6549728433271222,0.8348734409684433,0.27806606146780755
1,4
0.9432654145127894,0.1815857432032335,0.3074038358512804,0.36802119966276403,0.3017149879894979,0.16450326597039822,0.44514906334280924,0.4401282525588851,0.7806481503831211,0.8043227589745521,0.4023225914779674
0.9874317740380562,0.07390152039653544,0.6490312965722802,0.7445676208549887,0.6855637240252624,0.037159951012510475,0.799607455741285,0.7944715661696792,0.5810682700557563,0.8229261466462547,0.24756423697495844
0.9031935053350766,0.846034969833299,0.09188524590163932,0.18855565774168204,0.12081196581196563,0.41300660314703164,0.09689591078066911,0.04726415094339664,0.9363548933114512,0.7965343168584912,0.49611553919068097
0.9736634946839154,0.12172137705998468,0.4744425601406947,0.5534346053085966,0.47118795777799616,0.06863662486048629,0.6780612172228632,0.6706282079086243,0.6562100566458687,0.8328262786212061,0.2812571927490987
1,5
0.9448184641173405,0.17773195733748995,0.30981504833963847,0.37290903653837293,0.30226824457593693,0.1611579037341528,0.4543418167953484,0.4509917755200774,0.7794383200235707,0.8047976277578699,0.40146333950270596
0.9030050389244743,0.8462168933239101,0.09059534081104409,0.18739137012406748,0.11869845554056102,0.41736023349986284,0.0969673253766386,0.04681231380337625,0.9368863788523447,0.7965589990017915,0.4965279420837954
0.9742743800181186,0.1206255294484129,0.47316519546027747,0.5546932490080043,0.4722770107385493,0.06807155881821247,0.6834858450100086,0.6762119013062409,0.6546565764969561,0.834421800489812,0.27761026304076986
0.9875955057344572,0.07309675673483362,0.6473848555815769,0.7394036904169746,0.6854758997616139,0.03766923393450551,0.8021015097488812,0.7979206777050443,0.5798963820242928,0.8253074238224624,0.24468198374390127
1,6
0.9396209414688476,0.18112536124130843,0.31111378977820636,0.3685548489106889,0.30461287078934135,0.1656425239964178,0.4117920402361688,0.40782463928967805,0.7857233912235415,0.8006058870759423,0.4171258672989887
0.9034436810468007,0.8484593715526705,0.09136285784193754,0.18826514006375022,0.11975733866281146,0.41243791261329,0.09800440178290692,0.04642823617760239,0.9365092367461041,0.7968324203837484,0.4946395146239635
0.973693754677607,0.12474337917086692,0.4369220475075276,0.5230618146406777,0.44392115820687256,0.07782413363833322,0.688612396631515,0.6838968040046206,0.6663972934270159,0.8374620493268377,0.2774999930338649
0.9861307501962726,0.07854925842764776,0.6474791215589236,0.7376920677747265,0.6689064487806626,0.037903331527575065,0.7851698580814104,0.7782722202444523,0.5855600439245096,0.8218117756677852,0.24990884024925689
1,7
0.9872092782714064,0.0737045172232238,0.6467644521138913,0.7413123706899347,0.6763757684810316,0.03745578519841036,0.7978379964781842,0.7926266137040714,0.5813247116817503,0.8240856634402421,0.24662017213360057
0.9035163762800043,0.8464460552166506,0.09160254265640688,0.18862669787948066,0.12005058433629867,0.41171884611615145,0.09889234504210603,0.047631882941855885,0.9359135939973062,0.7969006178213108,0.4952228382494797
0.9409022572771149,0.18689032341887038,0.30553708586495465,0.3660748632929888,0.2962166039089116,0.1652707923526356,0.430758832245821,0.4262831508114526,0.783293901420699,0.803482755657352,0.4084404631970683
0.973849741037652,0.12201505498659967,0.46815079415704536,0.5491549926318451,0.4685999977828772,0.06955615703989136,0.67688368796378,0.6722267087585346,0.6579875109570538,0.8346078312431304,0.2798949247696745
1,8
0.987563931111679,0.07279006539523813,0.6421136399809007,0.7359584960432386,0.6778690565098333,0.03799575786253678,0.8042492270304735,0.7990840813335776,0.5799573192675505,0.8261838074122001,0.24413935361415828
0.9033636933348691,0.8470248427205016,0.09242125139473012,0.1889774497607387,0.12010560701660161,0.4105623203555094,0.09980731427236855,0.04704139089202786,0.9357774020499867,0.796820399999243,0.4962809606821972
0.9718663290494618,0.12450161735599813,0.4780251323595076,0.5546689925085992,0.4687995388384494,0.06810203243483078,0.65938119277335,0.6523162763380075,0.659406938108827,0.8309218749947793,0.28946343935830116
0.9438831982540472,0.18906481783117393,0.2912759371775765,0.3558069930247746,0.2887454425915964,0.169572649175694,0.44419892375282705,0.4410344372608523,0.7859349308877441,0.8064994965511738,0.3987298757693468
1,9
0.9863334637179958,0.07710866154049648,0.6436129444326165,0.7362062380522346,0.6752969252969253,0.038007614128999584,0.786028098295756,0.7801396716491057,0.5847056872138958,0.8236271901074312,0.25027841111285565
0.9037534433355391,0.8424132723614888,0.09305929369545701,0.18911446975752033,0.12084874771441934,0.41080270965597077,0.1013704710647505,0.04977001783535201,0.9350865696139762,0.7968198355603904,0.4940928121538438
0.9426047143750131,0.17749439925261803,0.31453839516824844,0.37424353488652423,0.3066426750637278,0.16034974227358523,0.4375855996869497,0.4316782522343594,0.7804053598039029,0.8029625141019533,0.4054254226092336
0.9746206084300983,0.12304746801316357,0.4429384731463063,0.5314701722175557,0.4504166219647392,0.07373018088635205,0.6935029786439781,0.6897607957685323,0.6604931727224831,0.8391158136254029,0.2749609237706126
2,0
0.9427914371408949,0.1775586103583722,0.3185756161111715,0.374559696921419,0.30829606988547387,0.16156467188194637,0.44242842019744455,0.4388854179682619,0.7786100460070624,0.8022792248949964,0.4038928064170338
0.974618099062479,0.1208391680587132,0.4700550667763783,0.5540847111956781,0.470954470954471,0.06788154288665166,0.6867419729873262,0.6786479201573539,0.6529998035435068,0.8358971157641497,0.27565192562969093
0.903189576861154,0.8452348691516928,0.09150370308729339,0.18823911053036008,0.1202655212807498,0.4144971263548092,0.0973147396825994,0.04714107844076265,0.9360558667247141,0.7966465851051601,0.49611988472262886
0.9874198433787568,0.07457748364764225,0.6477144295865271,0.7421415472018177,0.6839162607080697,0.037484250717762777,0.8011342730629181,0.7974885697726832,0.5804579148816402,0.8239575710317838,0.24533788939628928
2,1
0.9436759619715596,0.1795706656056223,0.31265237494745696,0.37432027216780006,0.3055007670392286,0.15881619848936185,0.44430940806405494,0.44020319303338173,0.7798190687373109,0.8048311273675943,0.40150400284510634
0.9038854253031454,0.8423886677702486,0.09320355191256857,0.18900171337140287,0.12060778727445404,0.41094286159786797,0.10027493804213122,0.04972484276729511,0.9352129389789384,0.7967672826963335,0.4930403960020924
0.9876626015227529,0.0729129778687636,0.6478934705981088,0.7417126119613288,0.6866971986425913,0.03746964786819312,0.8050420594541786,0.8001287912937084,0.5794870322572532,0.8253775524452646,0.2434945443691448
0.9746822326673119,0.12109224355461962,0.47038420153174254,0.5529405474354999,0.46994246994247,0.06839508756592638,0.6865697348968725,0.6815473155095795,0.6547590001631877,0.8357287522798873,0.2754107004170758
2,2
0.9715104436395936,0.12332651300152611,0.47336838849365914,0.550912383858172,0.4702789872601194,0.06939321703222025,0.6594655257066704,0.6523887504449981,0.6615954119277512,0.8301463226339277,0.2894279286410303
0.9033031031080214,0.8439266825056785,0.09044136191677177,0.18779578670617786,0.11981883263934551,0.4155499314894431,0.09852254313220854,0.047469762941460714,0.9362136085771731,0.7967409016282901,0.49559359104617634
0.9874784993285919,0.07266758446555707,0.6411326378539495,0.7333449041146938,0.6738419331011922,0.038287880336005414,0.8003704955377816,0.7958706562480146,0.5810502093842285,0.8262208810189302,0.2444442533598632
0.9435178633110577,0.18614065866113094,0.28315946348733234,0.3477439058738934,0.2798398183013568,0.174205775322052,0.44656458782852837,0.4445705238158068,0.7897707544814669,0.8076452813939962,0.4002469289424566
2,3
0.987061759972146,0.07492051475025874,0.6500271414612963,0.7408851705872752,0.6753174468406258,0.03752858062154352,0.7954036288436447,0.7908409346495062,0.5815983309193005,0.8238687550664489,0.24670494037852225
0.9037613675340429,0.8424445442102948,0.09222362337116397,0.18881414255321732,0.1207538899846593,0.41164116187616745,0.10016204365646741,0.0492114175133041,0.9355549593341989,0.7968140802378473,0.4941802147690284
0.9438421709541113,0.17981150963214898,0.30458573327425775,0.3690391784181083,0.3009163009163009,0.16505304540772509,0.4484326333768713,0.4436002039775624,0.7792922179463033,0.8047579984375498,0.40183841495023254
0.9742758600973591,0.12012601520884766,0.4643394406943105,0.5472025909610252,0.4664655605832077,0.06973746686781385,0.6835775202274219,0.6796596374398817,0.6566461094080657,0.8361648350429015,0.27798879765081713
2,4
0.9743317765507546,0.12038917232157481,0.47636882006090847,0.5573900689243529,0.47428577863360477,0.06731791304993996,0.6816638993784621,0.6732940562308896,0.6534487260790114,0.8338236415597732,0.2767475639936514
0.9035954035385123,0.8502163054258742,0.09173704255671483,0.18909107752301763,0.12080923192034321,0.40948310116594566,0.09888851338665461,0.04825614636935388,0.9358809162615098,0.7968101093917355,0.49480115863895735
0.9875994645405511,0.07270440339694959,0.645766898719964,0.7411518625636149,0.6861998985286658,0.0374021451436137,0.8002495289504508,0.7949728612044455,0.5796473530221884,0.8248391428303352,0.24396431020619255
0.9446839975190469,0.18192556970725254,0.31164247676725493,0.3705106940972336,0.3025931369880415,0.1615264203977849,0.4523240120285085,0.4475183271241437,0.7790087269248788,0.8049982511728148,0.39857799635127494
2,5
0.9870823291877046,0.07524029233171911,0.6458475355732296,0.7407299413699631,0.6808740703130145,0.037477688966403536,0.7960788643920154,0.7907964381343795,0.5814475271901438,0.8237017653202944,0.2464402926885604
0.9031914931667115,0.8477756049233006,0.0922263352723427,0.18875163546265322,0.12007168458781375,0.4114874652682788,0.09939241315905206,0.04700750659362929,0.9362347832033946,0.7967958273338116,0.49557538681048585
0.9734092614111786,0.12326743227385198,0.4656116015132409,0.5449883563204446,0.46285338593030906,0.07083233449395193,0.6792107520732056,0.6735413642960812,0.6591563160885094,0.8348302490149745,0.2796530295922671
0.9408356371575496,0.18333283815941476,0.3079361632830311,0.36861359098852664,0.3012395992528444,0.16473543767005427,0.42679534208129194,0.4228914157191053,0.7841397929818198,0.8030405682003039,0.4114046709594932
2,6
0.9423788335608806,0.18082613719090723,0.28382038488952244,0.350335955413243,0.2848177051075602,0.174843181505191,0.44472280588330365,0.4406070549630844,0.7916700118344628,0.8050534703229453,0.40856773594385976
0.9874217648769095,0.07322120743503963,0.6447579107891727,0.7390167102115418,0.682946682946683,0.037623472998115706,0.8033691906779139,0.7985958753839402,0.579594144535315,0.8251120893090741,0.2454142189375493
0.9719542366780473,0.12390357320715403,0.47556116015132405,0.5525781610077165,0.46695156695156703,0.06895936328410532,0.6629110666285388,0.6552685050798257,0.6612015087907601,0.8299834610683924,0.28809415155585405
0.9038540044247239,0.8480499503151661,0.09237419460076646,0.18926003846803707,0.12032430440390657,0.40835143024023646,0.09959496199300882,0.04762977565005205,0.9358271220834712,0.796942836593797,0.49278668010230864
2,7
0.9032962168294629,0.8448125260592685,0.09222320923847221,0.18831098162663956,0.11977039563246467,0.4135345796499932,0.09907154760378722,0.047253462217678344,0.9361000665034764,0.796737866387521,0.4955687321055118
0.9866505041384073,0.07569140966526947,0.6392301307325171,0.732998415758296,0.6685690071766023,0.038376356261794003,0.7895863724060043,0.7839383807021734,0.5842865203118608,0.8242111617213842,0.24791463851023499
0.9377902403664468,0.17727224950036155,0.3118179593834108,0.36889157799837136,0.30707573244886677,0.16849824775173888,0.40118182322587814,0.3989862010701211,0.7890458969003998,0.7981158610715845,0.4284551335901535
0.9722512498174993,0.1292717873248101,0.429733855445676,0.5163807828905346,0.437362307807652,0.07976643395001795,0.679168610688861,0.6747536475441142,0.6705149940442492,0.8369348139534615,0.2846881228534602
2,8
0.98714645818729,0.07471342176709728,0.6441204832945716,0.7373103191852882,0.6800145900491922,0.037876094727735385,0.7978930036917458,0.7948815042110071,0.5818975554208281,0.8253399696489446,0.2441378469415192
0.9435376739704241,0.18356074075021298,0.30824132931861264,0.36898780287325816,0.30212996879663545,0.16313384963671784,0.4399514452621197,0.43486073674752923,0.7816237902629274,0.8043432137407115,0.40069802120663
0.9734169842938177,0.12391182048998078,0.46695031910899765,0.5458825495546692,0.46382201344033414,0.07053502972084014,0.6766508697749652,0.6701713956502953,0.6587467932353341,0.8332147088115958,0.28145599712209546
0.9041478950401391,0.8504025868863125,0.09233890602174977,0.1896091330775661,0.12025048658712001,0.4057211930961155,0.10040855386653924,0.04905660377358534,0.9357720497121549,0.7971319970071716,0.49187999259355164
2,9
0.9745029371047141,0.12188746019036886,0.4751970967338256,0.557717206282248,0.4703029512189818,0.06711368172610971,0.6882431397031697,0.680354313697249,0.6529452508559225,0.8355143174938519,0.27847569671244393
0.9035152863870916,0.8416862016014401,0.09176876617773971,0.1885436237714505,0.11997300944669353,0.4134380058401853,0.09863040500880454,0.048579940417080025,0.9356129732414773,0.7965480408680147,0.4952736624637025
0.9421349149714521,0.17611464030301086,0.31408978892103295,0.374170766179457,0.3056812468577176,0.15831466778326056,0.4391719513084044,0.43487483043531877,0.7813722808231509,0.803272802553818,0.40552673155662344
0.9874111413109201,0.07325319912223469,0.645868296749097,0.7406895961150333,0.6858467333043607,0.03757708686548912,0.801411379245164,0.7963543332267349,0.5801602067003768,0.824740141223747,0.24586023621077605
3,0
0.9872664589870089,0.07411778896799742,0.6405345452578044,0.7344319447800678,0.6723458670653388,0.038227867437811536,0.7991828922669217,0.7944579363596735,0.5824231017685291,0.82587029317145,0.24531050391850642
0.9032115142743634,0.8454814273714195,0.09106557377049185,0.18813367728027236,0.11957264957264985,0.4142086441197508,0.09825278810408938,0.047056603773585004,0.9363523286828094,0.7966215045756042,0.49587056201597784
0.9727507726433083,0.12628020837544898,0.4696434266760222,0.5491787382598955,0.4655847107208976,0.06958865866298458,0.6685085270420783,0.6592320681300932,0.6605022440999592,0.8320310919722372,0.28437415297138
0.9414824571348568,0.1898510754152002,0.29461358313817326,0.3593705138689122,0.29322344322344324,0.16822214964457222,0.4306691449814127,0.42611859838274935,0.7874498065537279,0.8049214800316942,0.40522685978223116
3,1
0.972957222413316,0.12646003522968477,0.4521338572009213,0.5341107791711648,0.45201431565067934,0.07428891378088825,0.6762726965498173,0.6715109932948699,0.6643093984949678,0.8338712569165072,0.28566181313614036
0.9031417062397332,0.8427972393738405,0.09151597093121483,0.18812226742264582,0.119863717801862,0.41508861692187937,0.09820641551373965,0.047850612721260455,0.9359088726632822,0.7965968363651303,0.49693479190831574
0.9395885913196547,0.1840993219089605,0.3109972677595628,0.3684713929890985,0.30179645457423243,0.16564428223947864,0.41880937629078885,0.4134958071278826,0.784768171818723,0.8011669444626885,0.41616072449804603
0.9870570309463061,0.07570848763154456,0.6410655737704918,0.732960045320049,0.6736734330484329,0.038360436676203175,0.7946328996282528,0.7893278301886792,0.5828007988818237,0.8252130008900487,0.2438159403146512
3,2
0.9874320055558942,0.07327200136092371,0.6502321938118951,0.7448441386635725,0.6875042540571553,0.037083173646450945,0.8018955301521247,0.7985961748985765,0.5784484014223291,0.8243965057109397,0.24517248532648064
0.9036835728890328,0.8419338948082451,0.09110195493994877,0.18843422082848194,0.12073982662217997,0.4135840050836833,0.10065006063256687,0.049540914135808745,0.9354651660343352,0.7967762116916937,0.4946130260648062
0.9752763197729598,0.11635570629113798,0.4761301539990065,0.5605011683159374,0.47979797979797983,0.06651371175740231,0.6860707446209304,0.6793310463121782,0.6514224751619623,0.8346605194798834,0.27658597502205046
0.9468750125627622,0.1785114684262212,0.30905842791088695,0.37242582776556715,0.30318138651471993,0.1593725192759626,0.45889333714612524,0.45609579100145137,0.7765767862967312,0.806595829596629,0.3881224068860491
3,3
0.9740618726276709,0.12154048293729924,0.4672194442686246,0.5491896774082687,0.46901846901846905,0.06930446700039018,0.6842732270241565,0.6785167917243389,0.6562351964485756,0.8352341134777103,0.27703878031165796
0.9042778799626265,0.848072293998186,0.09217318200924779,0.18923416036589386,0.12038863320914583,0.4073022691010838,0.10031455533314254,0.04926947266569914,0.9358224698294483,0.7971160080662064,0.4908393023495209
0.9427281964225251,0.17609131636003755,0.3106137032366541,0.3716200945837653,0.3051720359412668,0.16076368966682647,0.44259365170145837,0.43998548621190126,0.782558947002938,0.8038355459624229,0.40782597188283387
0.9875741232319296,0.073922132919302,0.6496551724137932,0.7448687946568106,0.6868061695647902,0.037030913632792276,0.8002820151262657,0.7928171763175016,0.579805937203743,0.8234190540255263,0.24225947367795742
3,4
0.9872826665254846,0.0743222082653478,0.6505578324225866,0.7424007157194,0.6862436688825578,0.03733401663771674,0.8019542544403141,0.7953223270440252,0.5797571011717522,0.8244093185973674,0.2454467536579334
0.9037748957265048,0.8445193211238771,0.09263543313639006,0.18917382355136092,0.1203956787713133,0.40994988949912325,0.09940935595267303,0.048501101427066484,0.9356379754587197,0.7968395650494782,0.49353088309503934
0.9433597201510772,0.17658648987390918,0.31359562841530064,0.37102052169887106,0.3044444444444445,0.1619166581519703,0.4463444857496902,0.4428679245283018,0.779692928463961,0.8034431679490369,0.4032773377393646
0.97414974741882,0.12178191392206922,0.47406124342715744,0.5563819483633622,0.47078428210503687,0.06762812047556341,0.6821912043206845,0.6758276966892133,0.6549771215769487,0.8342089968041734,0.27890180782258694
3,5
0.9874920973430101,0.07369527611852214,0.6388726701100382,0.7342518264089721,0.677799242867736,0.03820206004330598,0.7999567143657383,0.7963814939260789,0.5806342080707828,0.8260485764386845,0.24414927599918013
0.9414961140647263,0.18618278085509327,0.2944262295081967,0.3562837135381858,0.29163965026034,0.170923691878389,0.43571337008075883,0.4324007807417045,0.787323659672013,0.8047798099778237,0.4071830423820809
0.9720870135297099,0.12756843428465117,0.4734426229508197,0.548689141352013,0.4644734720206419,0.07030191185457801,0.6664515676509785,0.6586685653257385,0.6612251376189429,0.8314966691279723,0.2851600711907579
0.9033550103199294,0.8520205840407802,0.09215101838052636,0.18890867192470134,0.12010417565973125,0.40969480748013487,0.09811873380646635,0.04631217838764995,0.9361783095625961,0.7967494403805723,0.49454001070148024
3,6
0.9037433533271865,0.8464317023242837,0.09333220079843735,0.18923910621943218,0.12066191340802729,0.40921399117259816,0.09998651694050131,0.04891973799980437,0.9355821095758211,0.7968823608538876,0.49410965781946786
0.9874738527680902,0.07268828471006752,0.647477710670118,0.7418119919416708,0.6855300644774331,0.037451443823618494,0.8021130894149874,0.7980668652763983,0.5797262956323943,0.824637366131449,0.24592556145384692
0.9746957317108825,0.12096206352346542,0.4720435489926167,0.5530262796595344,0.4698462408386073,0.06827418284263981,0.6876472090581457,0.6800518507849632,0.6534380119468646,0.8355645415929631,0.27585004773740807
0.9427306694405622,0.17363568535873458,0.3101229508196723,0.3713169340270923,0.304184472934473,0.16228854283743738,0.44577137546468404,0.44264150943396224,0.7808415828888002,0.8042090488742227,0.4047744581946667
3,7
0.9876839104825311,0.07130515511482557,0.6418386798104678,0.7353308017708309,0.6757531873810945,0.038103209661470405,0.8033074386493594,0.8009778725004699,0.5809103698927269,0.8260117261655897,0.24552849277715533
0.9034014087451719,0.847883091759971,0.09195156108410929,0.18870249698699892,0.1197440192415069,0.41135495090657115,0.09936298593338427,0.04717929268986393,0.9361935859024324,0.7968992163887821,0.49504002390555074
0.9719422612858629,0.12363583650706156,0.4721437578814628,0.5484280822092129,0.46362042515888674,0.0703243509836439,0.6661853016871604,0.6606095791001451,0.6615195227423398,0.8304885344705837,0.2887761860106841
0.9432727311902456,0.18655812877673028,0.2917096018735363,0.3533194101409934,0.28831908831908837,0.1735600432060021,0.43621879978757305,0.433611859838275,0.7883994519022242,0.8051321065637482,0.39789224586720434
3,8
0.9741261063746922,0.12082543684020342,0.47195323421019186,0.5551171049733693,0.47053821860023415,0.06789856501624124,0.6814356934958646,0.6734240163814538,0.6546816997642948,0.8345913148415414,0.27914910056166603
0.9033340952864228,0.8497838298909954,0.09111391340899522,0.18841643630340899,0.1192052012564832,0.41173665747079446,0.09768372891049493,0.04615384615384627,0.9365090011889381,0.7968762472571912,0.49512098585233
0.9873523482784015,0.07369405156213887,0.6458456890281432,0.7414491600309813,0.685190046964791,0.03736838691431241,0.8012357740081455,0.7968446133041407,0.5795260706318003,0.824657692388223,0.24582357301551935
0.943079244889282,0.1765258186019689,0.30502448371300833,0.368056066986281,0.3004033004033004,0.16447789208849797,0.4490899435137353,0.44425385934819883,0.781571910854843,0.8046964158934576,0.40422652577109613
3,9
0.9862464131679046,0.07797749292915007,0.6450819672131147,0.7360375291687237,0.6725605413105413,0.038159835751507165,0.7866287174721189,0.7810849056603771,0.5857483586376712,0.8231670797768819,0.2497093061867087
0.9036464901040431,0.8398560092885832,0.09273770491803252,0.18881361356652043,0.12139601139601147,0.4129290768366199,0.09973977695167302,0.04933962264150932,0.9352238920804294,0.7966370952615305,0.4947585891191048
0.9398402584106701,0.17966975899333804,0.3194926408998444,0.3771453091016927,0.3117266620916256,0.16083220404842113,0.41413182101864177,0.40950282330257537,0.7823854565712923,0.8005443503698735,0.4183761656792574
0.9735329222017237,0.12315148948094692,0.43676718612966337,0.5250499786184059,0.4435065011196699,0.07673502180813467,0.6887114293144858,0.6859228200947277,0.6648228780916989,0.8394615329060274,0.2800328370257447
4,0
0.9741615759448228,0.11954318567918934,0.47505372382882055,0.5577391585996654,0.4720061461634496,0.06729647675258284,0.6827757125154894,0.6767012931948271,0.6552495546959428,0.8337349293249844,0.2791539797792952
0.903515360363546,0.8442393413295288,0.0925034153005464,0.18904553539866847,0.1209045584045585,0.4111924486350942,0.09938429368029761,0.04858490566037715,0.935828449852964,0.7966270368489128,0.4942584509738631
0.9433896365002069,0.18081540453004602,0.30435418189412133,0.3681622721172351,0.2973669406790427,0.16434586956960323,0.44278171098430136,0.43828866722749665,0.7827191074961669,0.805612212939089,0.40549799372224393
0.9874641552812244,0.07330913235790382,0.6500577233895174,0.7447900982668507,0.6881646001364312,0.03710490309795832,0.8024896591444578,0.7988971565240497,0.5782560308506783,0.8248007634173486,0.24435573457418439
4,1
0.9876340697932364,0.07198345177612345,0.6437377049180328,0.7395537466884641,0.6845489078822413,0.037541509144783866,0.8022180916976456,0.7974465408805029,0.5800699288743008,0.8251452978814269,0.24600303021228512
0.903435729888898,0.841884482585906,0.09188565779718272,0.18845206242426704,0.12035963292244711,0.41412808910189014,0.09910145523154806,0.04867734900919696,0.9355010072933424,0.7965676978192585,0.4961087835591584
0.9411065085190888,0.18369748984564904,0.309780305564849,0.36932124346014783,0.3027501598930171,0.16348208334115294,0.4310750322433806,0.4240790655884995,0.7834040263622912,0.802954226800885,0.4131444989528729
0.9740757206056485,0.12330517503728244,0.4622692655221376,0.5457536089785894,0.4630190456962111,0.07069537849099197,0.6805169335245733,0.6728866438864952,0.6589641646661238,0.8350856631343422,0.2802495480291898
4,2
0.987401711456581,0.07419387661333049,0.6453757063727411,0.7403569012232902,0.6826521980105598,0.037599940158830156,0.8014007130441402,0.7976302401957626,0.5803686342941109,0.8250379841870376,0.2451757798621219
0.9038627491678597,0.8478730356361415,0.09263967882234875,0.18912221174987565,0.11993429850572718,0.4083157478787979,0.1000493134056597,0.04795918367346941,0.9357835306876162,0.7970483279900371,0.49361403536993087
0.9428126351528525,0.18119411803660102,0.3116883116883118,0.3723026686359724,0.3040663040663041,0.16104196329878354,0.44206536957466325,0.43802989463366815,0.7798636017244989,0.8041587346710948,0.40179989945692735
0.9747626180938593,0.11891322156559134,0.4740192638897749,0.5555278585333252,0.46976398727371493,0.06788038528040255,0.68752983379862,0.68083106967183,0.6542942461309055,0.8350893874341219,0.2773139179771414
4,3
0.9874136315764145,0.07364054892562011,0.6485179665507536,0.7419433606944472,0.6843746103005364,0.03736915319882522,0.7994818069167512,0.7945365605742962,0.5794646298852307,0.8241557277465632,0.24543486346341425
0.9032193103205899,0.8460394563858751,0.09150837019689467,0.18851191999504202,0.12021586095660186,0.41337066824958907,0.09869986821659682,0.04809823300389332,0.9361608296261583,0.79657818522081,0.4950679029955556
0.9428344245922139,0.17677354039286622,0.3092408896314086,0.3706511687156669,0.3023027927486526,0.16243486257280063,0.4450548149551299,0.44227857228698475,0.7817719917722818,0.8039209651489513,0.40811079924047117
0.9738130343770212,0.12111370989323364,0.46676022198124645,0.5502683207266418,0.4721252230979858,0.06902435295927774,0.6834941344943805,0.6788047867263783,0.6559753252787384,0.8344733792943443,0.2775935391905816
4,4
0.9875729872762666,0.07247451172154648,0.6450935118910184,0.7389816056234977,0.6890674531519605,0.037730463448926874,0.801795905544793,0.7987111347329259,0.579543221578137,0.8251307074501427,0.2444444774397241
0.9041942769641327,0.8473160560623887,0.09249352890422752,0.1894887597877548,0.12090268406057869,0.4066692255569954,0.10037174721189585,0.04911618669314771,0.9355670798868352,0.7972405259908121,0.49208986635472024
0.9422192467572399,0.17907373763971304,0.31305170239596464,0.37328809550675346,0.30887939221272553,0.16177218995370624,0.4419979029644457,0.4386792452830188,0.7799749192470801,0.8030029682946461,0.40533064912665806
0.9743508660878503,0.12112015325156608,0.4725440194292653,0.5549167504536704,0.4716365938588162,0.06804022910209685,0.6837670384138785,0.6772187281621244,0.6545758674144005,0.8345508794573614,0.278364598500224
4,5
0.9433967008912856,0.17829469484749755,0.305935556811758,0.36291038143119736,0.2938206110619904,0.16735209972412382,0.4439943596974746,0.43997397527651266,0.7852344601191428,0.8040219865293979,0.40141672025663855
0.9040695706737024,0.8451239018226211,0.09229908036785273,0.18913354970535934,0.12035299840177882,0.4091497058068565,0.0998095928914679,0.049056603773585006,0.9355722749882427,0.7969433308986559,0.49253205622279017
0.9870702034132152,0.0754813180761505,0.644655737704918,0.7393079116854541,0.679221272554606,0.03762316508293308,0.7960223048327136,0.7903270440251572,0.5820048556968969,0.8240395117855344,0.24687787623533497
0.9738616919593451,0.12233441544346624,0.463527868852459,0.5456411978522782,0.4662222222222223,0.07018120976805972,0.6831524163568773,0.6764226415094339,0.6566081247435392,0.8358681154491704,0.2764704543044502
4,6
0.9035607648084347,0.8409195725498949,0.0922810775187412,0.18881074787593882,0.12097524660338732,0.4126915229052178,0.09981132427938955,0.04918934294112082,0.9352025309147323,0.7966560733342555,0.4953397314339879
0.9874486206896194,0.07304720226986508,0.6525961044153769,0.7432154181391236,0.684137903650099,0.037287249779181575,0.8015491625973084,0.7950956544605876,0.5801377643444076,0.8240351536641446,0.24445526342725235
0.9440003392249534,0.18066172191188395,0.30188468830155013,0.3657650261182327,0.29798244083958375,0.16527546954206224,0.44566674253344457,0.4414580926710306,0.780535480503242,0.8051593639755997,0.3989031440707934
0.9741396508539601,0.12154045194411159,0.47459937373365263,0.5555658455672432,0.4682394869660788,0.06768016427815082,0.6811467078790916,0.6732669069323723,0.6542536719334746,0.8345698855678316,0.2795582356548655
4,7
0.9871051357905591,0.07553025359276083,0.6453827896450847,0.7401420129480748,0.6784080117413454,0.037608338760377044,0.7979547644975157,0.7922114224001016,0.5813151346594121,0.8239651450803224,0.24619788600552633
0.9032598271047926,0.8477051592232303,0.09115403343613049,0.18794266446095964,0.11967222363261976,0.41473522160635395,0.09810813795134149,0.046908275733233584,0.9361828981420941,0.7967230149328267,0.4959012498247659
0.9424030437305724,0.17758158746800806,0.30652345958168453,0.3687899470253536,0.3028195304057374,0.16529033940166932,0.43450839635944116,0.4306571242680546,0.7830950292190818,0.8034284861872308,0.4039047901936293
0.9735608294184219,0.12151425059133084,0.46566342213114753,0.5446735218475496,0.4623842592592593,0.07099041617707168,0.6771898234200744,0.6740860849056602,0.6598967817116352,0.8351313540235703,0.28110791937764157
4,8
0.9740802956072618,0.12093828206389332,0.47542216196228276,0.556096712702166,0.47109226056594483,0.06777091715187626,0.6829806859155324,0.6766775429138885,0.6543817740905424,0.8330624591862543,0.27943312463665576
0.9038341254344778,0.8492410112539193,0.09281478897802559,0.1896366909761849,0.12094623264836052,0.4074106255801769,0.09942260539428954,0.04893617021276625,0.9355768013515073,0.7968399068050595,0.49209147656102825
0.987409203951038,0.07415242556495844,0.6483718841230632,0.7408307477914856,0.6828630527260665,0.037489056282376226,0.8010897794978866,0.7952959421039026,0.5802777949533747,0.8247143473161157,0.24419010504409322
0.9438372076018224,0.17935900472306424,0.3173302107728337,0.3757429078408946,0.3083768083768085,0.15720354923507063,0.4488244097909526,0.44582210242587594,0.7777259670981485,0.8042375365236637,0.4004626383141958
4,9
0.9732769540857344,0.12533118334155624,0.46040853499869894,0.5409680904897323,0.4587572920906255,0.07205460434233299,0.6772880155779784,0.6709044624138963,0.660083712735541,0.8344241746494666,0.28108679129984965
0.9034656050814218,0.8423712065060746,0.0912351890926798,0.18818118734166805,0.12022227863812035,0.41437311517500974,0.09943317751849517,0.04870166261909209,0.9358352766955016,0.7966411160347115,0.495432712615835
0.94081542766864,0.176720206354373,0.310544971200709,0.3712894863859417,0.3046893046893048,0.16358400139180765,0.43193007133527583,0.4261856195818459,0.7833311614856571,0.8017145352321052,0.41425198460276824
0.9871629513082893,0.07469479346917351,0.643547144900429,0.7367117039162611,0.675328400160615,0.03802430528649489,0.7949402460018464,0.7905280486260602,0.5832321825437278,0.8252374361425926,0.24448558397698678
5,0
0.9743245588272852,0.12030826105639178,0.47697846351655415,0.5577832579310722,0.4751019496117536,0.06726439835155476,0.6825424593629275,0.6731483536810949,0.6541011932060494,0.8332755530744494,0.27875195940266667
0.9032643392131143,0.84408261850927,0.0912165660051768,0.18847350883250508,0.12121757384915283,0.4141760283512502,0.09739776951672857,0.04784508440913632,0.9361815109172219,0.7964007269517245,0.4964803735178793
0.9439052426459176,0.180616340938223,0.30989604158336664,0.37045871697495125,0.303800986727816,0.1625616484784445,0.44874875328678937,0.4453290381960423,0.7795195011859869,0.8047171196389629,0.399196586485214
0.987410761322759,0.07342328232160783,0.6465325897132556,0.7404474506812619,0.6842697839261414,0.037562407457539734,0.8001635176739611,0.7943850094015432,0.5805850385029213,0.8250044533884837,0.24559999129852272
5,1
0.9741331659513138,0.12080151648644,0.47527322404371586,0.5531782162665826,0.4698480531813866,0.06855927080140328,0.6798327137546468,0.6723699256718123,0.6564773193568866,0.8341574387062615,0.27987021429238684
0.9034612029117413,0.8424523616890562,0.09182009247583012,0.18838247368397798,0.12040324348016646,0.41394314278752814,0.09899914212181865,0.04837929366231247,0.9355383878875904,0.7967209090766444,0.49453252787852453
0.9436347470834069,0.18211375275695035,0.30554771468895886,0.3701656301746795,0.30010754514065774,0.16185386142044078,0.4390802333883159,0.4353367487192302,0.7816067551299392,0.8053740869002958,0.4018157851362152
0.9873217745977925,0.07353455562748704,0.6478914641040135,0.7431173268633994,0.6843010118872188,0.037278206840178615,0.8004614792975261,0.795029277813923,0.5803064819662407,0.8240094475405566,0.2462432704557058
5,2
0.9875824361993755,0.07324706469779285,0.6460800713728113,0.7399813259677814,0.6876078066554256,0.037600334401667074,0.8004324406342462,0.7972532409190093,0.5800500852782657,0.8245847959122807,0.24435747529517715
0.9038156671956066,0.8483076830222207,0.0922088896400205,0.18896186253831143,0.12096513642905388,0.4092228250393166,0.10117656076342307,0.04901770083641355,0.935905699926818,0.7969515525768788,0.49342687580890077
0.9742563968651055,0.12124487362394587,0.4730287352739513,0.5557582687950304,0.4688938719356971,0.06737564302145202,0.6834777446393485,0.6787717913767127,0.654166361121558,0.8347463385225802,0.2758165839352352
0.9435478003417609,0.1764758533000927,0.3107712619650127,0.3738345838956527,0.30572286276984273,0.16017798229811767,0.4477682692547591,0.44356084589084455,0.7808812270560428,0.8051653544927296,0.40098452901884507
5,3
0.9742404912325348,0.12141360760033293,0.46796632698272045,0.551857501688683,0.46918346918346926,0.06852813380605355,0.687402219000732,0.6818387120273912,0.6539300012833066,0.8359981115411524,0.2773933264528442
0.9036085592534995,0.8403454915272222,0.09259411813164181,0.18860047522834367,0.12043121590860262,0.41362863156078755,0.10022230109656088,0.048904901867829975,0.9352401626515864,0.7966764282018585,0.49508731706611436
0.9874858368932216,0.07306016027773338,0.6448012575791603,0.7385888460988839,0.6824044803496858,0.03767254507307009,0.8021337271477313,0.7975704316360814,0.579300952496053,0.8250432455587176,0.2447706417503553
0.9445959786725249,0.17771297358045784,0.3076939890710383,0.36657124504535776,0.3017473884140551,0.165433568338953,0.4438661710037175,0.4416855345911949,0.7818119956230363,0.8045074781205395,0.39439297012418206
5,4
0.9433219771191681,0.17868576232057332,0.3086438152011923,0.3709627968950059,0.3011988011988012,0.16060729910735017,0.44694153430212913,0.4431021808380298,0.7812408406119962,0.8054126770020313,0.4020115803518315
0.9043010882577355,0.851014592897225,0.0930948832588176,0.18971197429778452,0.11991711991712012,0.40438176595834713,0.10087867522811772,0.04844673146559919,0.9355837820138216,0.7973563969589939,0.49117594752204163
0.9872252068624703,0.07465608619083108,0.6499343119894898,0.7445226394082113,0.6835025859416103,0.0371166295046156,0.7972229058456279,0.791637630662021,0.5798963139405725,0.8234533990062355,0.2482152781916681
0.9743802364602361,0.11996590466515492,0.4688775830663903,0.5523670038264895,0.4690157295521281,0.06832588737816647,0.6858379979774673,0.6802862719583602,0.6544737735768985,0.8363434291935541,0.27863081012632446
5,5
0.9036075862152869,0.8390826101196112,0.0921412878147711,0.188558692331192,0.12018680059917186,0.4138666482679,0.10018012493772266,0.0499513713285355,0.9351117226266901,0.7966820786156867,0.4955412987379575
0.9739654917093864,0.12329363982566263,0.4397230749134609,0.5265182154481967,0.44867822158658816,0.07613349605562632,0.685910632562686,0.6819965421333534,0.6645559738886085,0.8381623083279665,0.27654936148009496
0.9389711295788948,0.17593606156389485,0.3165445878386235,0.37171296175545276,0.30886423794225215,0.16516418508558536,0.41348308682011126,0.40776127391944317,0.7848807684136724,0.7985069437592848,0.42216993809812664
0.9865659564681778,0.07752590559573927,0.648219693014514,0.7383423983518334,0.6744152285553561,0.03789315119041958,0.7908270783510526,0.7832712414373271,0.5839543437295012,0.8235350321740484,0.2463440538410268
5,6
0.9029647642540444,0.8471220147958984,0.09027984765689684,0.188019701366405,0.11964373075484186,0.4149014152973486,0.09693590176861555,0.046045359252906315,0.9368606562133466,0.7966614203306487,0.4964760871327955
0.9728928492689752,0.12629020452853,0.43921205711263883,0.5253535223165651,0.44408831908831914,0.07713331254099415,0.6836701043290563,0.6784236153377967,0.6648987964445996,0.8366253281831029,0.28166981881390296
0.9384477012412049,0.18646725023495705,0.31421158155442863,0.37303620510625796,0.30744635061181824,0.16287159298820264,0.41354871493140055,0.4066784308402335,0.7826327776514962,0.799725427630024,0.41952828461334213
0.9862471353237251,0.07745246024992924,0.6459744990892533,0.7370172041105789,0.6684846018179351,0.03790909061420976,0.7849648905410986,0.7781850853548968,0.5853257648292546,0.8226494546763503,0.2490539942588111
5,7
0.9873686232073929,0.07426690361372243,0.6419800707168114,0.7355030829865781,0.6774388767852823,0.038056143236559634,0.7998639356610056,0.7960291034652855,0.5815263596890013,0.8259012234769902,0.24465717167801465
0.9035982783347994,0.8478338562639572,0.0923934426229508,0.18887566343374051,0.1198005698005698,0.4102780474098292,0.09808550185873616,0.0472452830188676,0.9361656237176884,0.7968308383758763,0.4937097371099983
0.9415196312723005,0.18418883299763072,0.29548009367681494,0.35493976262888316,0.28835978835978837,0.17176046212906332,0.4357142857142858,0.43415094339622634,0.7887555689079103,0.8052932186753556,0.40732055381943566
0.9725687439629634,0.12388439968332368,0.46641280495675747,0.5452324081352233,0.4634004082822981,0.0709323150024659,0.6698474958288206,0.6645223592333978,0.6610308110850137,0.8322101461797564,0.2875657424699236
5,8
0.9444014274382448,0.17816149476150356,0.31277451283637486,0.37277749277756433,0.30410865630991424,0.16044933177305537,0.45170793294521994,0.44661208021834575,0.7794403238335642,0.8034278510690693,0.40171790283576814
0.9876363686888688,0.07310019723205169,0.6454266349997102,0.7412030061665169,0.6908882244571288,0.03754268029162516,0.8042218923640759,0.8011600773384893,0.5787756045998763,0.825838335573678,0.24365809104412134
0.9036675924704534,0.849756036454007,0.09229508196721281,0.1892548041179135,0.12059829059829069,0.4085990344334318,0.09970260223048322,0.04833962264150865,0.9358899261386978,0.7968567827666833,0.4938731929598112
0.9746269494739672,0.12075846707855589,0.4831490659550134,0.5611676667505503,0.4758828596037899,0.06679650588543731,0.6842310019884152,0.6782068158549072,0.6522476882556729,0.832703714603531,0.2769250473368182
5,9
0.9874006392094702,0.07373047778634617,0.6495104735883426,0.7425162295161494,0.6854819563152896,0.037336500090823455,0.8036839116067742,0.7995151991614255,0.5796409804860274,0.8245206358815409,0.24389801099656822
0.9036836041169594,0.8453986459453923,0.09219603825136607,0.18885172321479637,0.12011811490978153,0.41091013323371134,0.09930684634448589,0.048486635220125196,0.9355618353337464,0.7967676539979416,0.49377490382125644
0.9744454964183318,0.11992673112776267,0.4699987674103291,0.5536287141813901,0.46996765417818054,0.06825457431255667,0.6822958884199345,0.6756986806639238,0.6556251369087491,0.8350579044333319,0.2784216628388486
0.9423712228941831,0.17690027354099097,0.3128592718756653,0.37377962645725055,0.3064713064713065,0.16169176179904696,0.4434895959059527,0.4386669933839745,0.7797317065372077,0.8029683034579895,0.4092619656387181
6,0
0.9744866594099718,0.1204608257262352,0.4766111875860343,0.5573179670537748,0.47041169178573766,0.06737404619151278,0.6837310933908454,0.6778481924240242,0.6549051361485015,0.8343847133685732,0.2775070244862754
0.9033365021990843,0.8452053583225898,0.09255221769160366,0.18903228222870655,0.12090184679017141,0.41172889915608557,0.0985413167776879,0.048041375347189164,0.9353638075440204,0.7965593907487645,0.49655163190954005
0.9873884318956299,0.073788014037795,0.6477180556348889,0.7386212950296431,0.680683363610193,0.03772385789440516,0.8012123881196327,0.7966734599960554,0.5809325311437084,0.8255068974101498,0.2456842046655981
0.9421114581578667,0.1831413086048344,0.3079625292740047,0.3706392111433939,0.3018278018278019,0.16244489775066048,0.4392410563414282,0.43406027934329816,0.7819276281781435,0.8040627589680992,0.407145756476593
6,1
0.9738609923445534,0.11986732956247656,0.47213114754098356,0.5510378877654543,0.4681498879972163,0.06921624299877469,0.6788785152813643,0.6721878150655335,0.6573432953167945,0.8348791374724028,0.27812409002880467
0.9034469419746819,0.8433902989839467,0.09180327868852439,0.18854477254122803,0.12054667005162062,0.41327332832905245,0.09866023777098903,0.04836540257799371,0.9356951108529017,0.7966083669160303,0.49509540967790067
0.9873219935326175,0.07429407753844636,0.6439505887785734,0.7406301961055737,0.6852554070863931,0.03749791329976386,0.7988769045499765,0.7929976082912569,0.5813641079137956,0.8237531790263696,0.24327155608447926
0.943708951246519,0.1778650752998945,0.3081535806729939,0.36954056739933405,0.2988454041085621,0.16259821030045224,0.4473928781060458,0.44250248262164843,0.7810762126644086,0.8057632105410227,0.4007244250591939
6,2
0.9743639999349458,0.119964227322683,0.4711425353522713,0.5540193877924576,0.4705748026358714,0.06845971872643022,0.6841709469621725,0.6791156560564597,0.6555758550589376,0.8341824682945582,0.2805966063986859
0.9037689857740047,0.8444572754694395,0.09103379056540667,0.18832751691508398,0.11936740508169069,0.4125709239453418,0.09891131173659057,0.04871005005775897,0.9359855606173558,0.7968160834335654,0.4931721350001443
0.9435390679428316,0.18027025123657078,0.3117065994115175,0.37084498019789147,0.30444152239024036,0.16169367462856274,0.44795539033457255,0.4435655539429124,0.7807433214439804,0.8042505549916618,0.39936937258783395
0.9874120744244607,0.07418047048261284,0.6461423822079562,0.7411843508546314,0.6862709939633016,0.03755516987355134,0.8019471235084618,0.797070853674627,0.5792837906861315,0.8250613166272106,0.24547988676538712
6,3
0.974519157549239,0.12104681785370547,0.47276453055141576,0.5555379836807832,0.471240179573513,0.06777756362026306,0.684197927227667,0.6780588907947398,0.6535033215826732,0.8340510455989184,0.27578674778179346
0.9036683269396227,0.8389350207001572,0.09163427412540154,0.1884738909254054,0.12093576526566213,0.414089171518288,0.1002184493925572,0.04934837580237306,0.9353591960708858,0.7965781191583904,0.49434256026488044
0.9437721422567377,0.17799738348801059,0.3072505226097481,0.3695702506895431,0.30302682651675944,0.1625964417941071,0.44634614904817754,0.4417626946941876,0.7814141190208032,0.8043283487467819,0.4017714169183717
0.9873832959169535,0.07365469065174621,0.6471661164885583,0.7403712088512746,0.6842176910436295,0.03754152876055197,0.8010708349721507,0.7956983707901344,0.5802837302059703,0.8240879954498755,0.24500892860379367
6,4
0.9036014790073028,0.8455859324181183,0.09218999579655307,0.18883561646224423,0.12062239754547432,0.41098952561351665,0.0985987989705463,0.048030962747943884,0.9357603926643756,0.7967748091223212,0.4957784825771718
0.9875237141191672,0.07322701356174915,0.6465438566841305,0.7423582249002039,0.6856502286055552,0.03732627824904135,0.8017859195952937,0.7978992413927251,0.5794807499502955,0.8245998528934361,0.24405135967975702
0.9744552154320458,0.12151174863773964,0.47349620463098807,0.5569036498413726,0.473056414690656,0.06769213428915269,0.6853745678619472,0.6777475956244035,0.6528760164711049,0.8344250246278063,0.2751542791455438
0.9438141572169612,0.1726841566933246,0.3067348856635689,0.36939994703975076,0.30123214836590634,0.16241509437646065,0.45362631117846225,0.45201297920922956,0.7813815801510182,0.8042852159620607,0.4032021388306717
6,5
0.9036475964850533,0.8444814140781821,0.09256499420433845,0.18880803129093704,0.1204782871449539,0.4114925695083046,0.09956441740828376,0.04878978463884115,0.935628598251703,0.7967849783871711,0.4942492538121316
0.9741116311028925,0.12038111274829108,0.47534726567388313,0.5559672713300856,0.47212979274047984,0.06790408604029172,0.6791622917789949,0.6723174420279419,0.6550578392279354,0.8340167095488102,0.2792713097201366
0.9420236860355972,0.1795407638589592,0.3089773614363779,0.3692146676020547,0.30121906312382507,0.16383544324033894,0.4410641580052095,0.4354254909510974,0.7826430120673654,0.8031821842235632,0.40856756125119753
0.9874450487482396,0.0736360094676215,0.6493146086275389,0.742937449409666,0.6833620178330078,0.03734340950295896,0.8007663321364679,0.7972309871852663,0.5802240347543086,0.8240094669047074,0.2463521911713074
6,6
0.973941350800968,0.12210616112812636,0.4745156482861401,0.5549975840362955,0.47165026331693,0.06802187735121722,0.6785513123803086,0.6704116638078902,0.6552138511707162,0.8334008157374116,0.27873140577055455
0.903949521552137,0.8469299419603873,0.09168558217738548,0.18894876508067843,0.12052012564833092,0.4097317739649404,0.10054332284815576,0.0495210449927434,0.9358821796450054,0.7969487416909808,0.4913666792834299
0.9872937362591583,0.07437869234723091,0.6482976040353087,0.7436511052252537,0.6841093379554919,0.03724497888950731,0.8002443653001271,0.7967541892070191,0.5803205821671167,0.8248582468616602,0.24706607990785975
0.9421604217617529,0.1775023076832576,0.3129138022210471,0.37404048260682654,0.30480654351622094,0.15965344087120176,0.43803813406883313,0.4351065124771759,0.7810664222272253,0.8033814592766167,0.4102649257241979
6,7
0.9734336737068334,0.12275157565403766,0.45838435710053327,0.5402098892646674,0.458746667582009,0.07178335288635897,0.6840297994953793,0.6793816776540123,0.6590372569473648,0.8360535149143642,0.2809011145638218
0.903998134778713,0.8530843990714575,0.09333104454553248,0.189411207291783,0.11982219835622965,0.4059767551463984,0.09939858697133064,0.04690309196878378,0.9360733413969223,0.7971983386881437,0.4922529921161184
0.9871746446789711,0.07493735348864797,0.6431079015339203,0.7378482505375681,0.6796658147140465,0.037824759006714434,0.7981568032130435,0.7933749924164291,0.5811590340239652,0.8247330834282998,0.2440338442877597
0.9405885597266148,0.18574661275101076,0.30361976014963143,0.36478661813221414,0.29945123233713844,0.16785209526676598,0.4288815149322623,0.425148790680005,0.7847983960915772,0.8023694687104507,0.40963125239984266
6,8
0.9872691563235574,0.0733715054032125,0.6518393329953241,0.7428720170735985,0.6840935569457909,0.03729099053832892,0.7981578712042817,0.7916358685080722,0.5805088928277843,0.8237917123627118,0.24751059693961602
0.9036015952725481,0.8442715542529267,0.0919031372222685,0.18861325125479284,0.11999074435622653,0.4118879338021688,0.09929613345158778,0.04836701465376897,0.9358431457500616,0.7968648493777694,0.49517632874218787
0.9444698206266715,0.18282082597769314,0.31326378539493294,0.3709788917126872,0.30526880526880534,0.16406960133970452,0.4440689422102061,0.4392305807400147,0.7789040309300901,0.8041723753940927,0.3971050466053571
0.9742917362759799,0.12179090767646844,0.46795018426737833,0.5511832503830932,0.46920205834934525,0.06834855681837085,0.6855133857813897,0.6791575252303641,0.6542178797161354,0.8368900959736556,0.2767998300300121
6,9
0.9726208183179752,0.12624640049754463,0.4512061841929895,0.5331800782916527,0.4501771940796332,0.07406171161180289,0.6742829510079487,0.6701181162755023,0.6653539104123111,0.8341529389619565,0.28618763530615376
0.9031944180806744,0.8478570614733134,0.09183673469387738,0.18900147670578893,0.12063201348915609,0.4111572019734632,0.09984067976633032,0.04780515979976885,0.9360439190037964,0.796770290274587,0.49522178354083274
0.9416206995626741,0.17678350740103912,0.31202185792349724,0.37095879953586564,0.3037353592909149,0.16324508914887093,0.42598616274266826,0.4219077568134172,0.7828828135685977,0.8026233446702893,0.4116635030788132
0.9873207167340496,0.07341312731733526,0.6396679544742614,0.7327996882163677,0.6751683089262708,0.03839065079830971,0.7982383444226079,0.7924768657613266,0.5814854394434023,0.8259118396268817,0.24474746700649846
7,0
0.9875334783153829,0.07272140542613761,0.6479859484777519,0.7425751345169458,0.6868131868131869,0.03729546482943842,0.8009293680297398,0.7952291105121296,0.5793281772085134,0.8244046622993,0.24555857025242595
0.9039681982402508,0.8458077487924331,0.09287961583043541,0.18922459264121183,0.12016173127284263,0.40884824024448,0.10014644587135302,0.04939965694682685,0.9354656536642612,0.7969583708165521,0.49349984806842706
0.9431281663485288,0.17805688340926662,0.3069672131147541,0.3704386354320626,0.3019380716749138,0.1617938235736987,0.4391997652122872,0.43756206554121146,0.7843906577327627,0.8044563194436923,0.40645520053534157
0.9740293979284332,0.12101953260321877,0.4726533090467517,0.553957254235074,0.47024374802152585,0.06820948234430406,0.6814264078204598,0.6726345213137666,0.6555819617319433,0.8337795456274528,0.27934502221442337
7,1
0.9031775325552809,0.8425763632899215,0.09159510798855086,0.18804221538931992,0.12036660184808334,0.41550136964972967,0.09932928148541526,0.04707996406109605,0.9361138792817113,0.796596934757535,0.4965692648440363
0.9723790495949497,0.1245041739874061,0.4685731633272617,0.5497335927112391,0.46616017727128845,0.06947348901982599,0.6683188764973151,0.6595946890286513,0.6607881578747419,0.8321266848902188,0.2856352253362229
0.9876728071562504,0.07215649757035791,0.6418059661381349,0.7356966505774846,0.6803792443136707,0.03808075114697142,0.8039856176488513,0.7978224559232909,0.5805073087712,0.8259037909954987,0.2434930742159993
0.9436580044360546,0.1816438339230813,0.27955641272902604,0.3463164096239716,0.28184179654767894,0.17644945801453307,0.44639733216706756,0.4456992230854605,0.7917408397499361,0.8065886380008006,0.4045547014934225
7,2
0.9033912990735927,0.8429828411695648,0.0919722832516478,0.18815601550734978,0.11959937733133619,0.4145201951041724,0.10019928716514004,0.04847305971600874,0.935788044282943,0.7968206492334768,0.4952041349101999
0.9723464290403095,0.12538613313371677,0.47246544519447126,0.5492676097362714,0.46611921121725053,0.07001729985955757,0.6664771484802098,0.6610876803551609,0.6614336173533858,0.8316868814828998,0.28802159613283057
0.9429264701051899,0.18507214696057056,0.2942179884802836,0.3577853462865578,0.2918495418495419,0.16957814627235795,0.44099768913895304,0.43745537990821004,0.786142548991341,0.8058399776599227,0.3991617380722762
0.9875352001606009,0.07247889798106613,0.6424606395065737,0.736425961048419,0.6751290513666754,0.03800745482742823,0.8014158293152738,0.7976710878635035,0.5815275977741412,0.8260910350601268,0.24366852583148235
7,3
0.9873179094510807,0.07459278482596121,0.6497053847500145,0.7438153492538315,0.6895093834595616,0.037195602635059125,0.8011218563547604,0.7984959376888467,0.5791570348585073,0.8243349782025287,0.2464371042540679
0.9032739067981714,0.8473435563489617,0.09212111073937773,0.18891936745178994,0.12087912087912095,0.4119516752751984,0.09712844245504898,0.04695802849441627,0.9361164090174462,0.7965029485797452,0.4945598649218804
0.9745458938311744,0.1202204555552987,0.47171827565270186,0.5527962272154874,0.46924132109317296,0.06839472429413167,0.6869750791683877,0.6794269741439553,0.6550135640359297,0.8355946702454817,0.2766448668717841
0.9426950974357489,0.17916113741793704,0.31333976213436204,0.3731274414793742,0.30460123270580797,0.1610548974196129,0.44194183249507984,0.43825379208287085,0.7795012752741663,0.8029162629115861,0.4037634004319828
7,4
0.9427477238177757,0.1792495272124805,0.31156057057696396,0.37121862223816676,0.3045103045103046,0.1618448604629252,0.44377926905807946,0.43673119333496685,0.7804544655180707,0.8040142694291321,0.4043357488244596
0.9037309055621746,0.843781482892729,0.09178663559956707,0.188985423416612,0.1206415318090443,0.4107452572276805,0.1002585247108107,0.04940139833349311,0.9356090745674266,0.7968300680901845,0.49375525952312405
0.974426097720231,0.12043081044732432,0.47077444884115316,0.5548275268786856,0.4681424719738897,0.06781216736408874,0.6857810252246863,0.6812405118195617,0.654069328692242,0.8351201173979671,0.2773108891157883
0.9871944610129724,0.07488620160017315,0.6478938979963571,0.7426073027947215,0.6849180911680914,0.037266386887935266,0.7987530978934323,0.7939858490566036,0.5792587795787186,0.824063751201065,0.24640268402424698
7,5
0.9041462773579065,0.851340014646526,0.09262295081967187,0.18945632760967107,0.12032676318390628,0.40532070343208304,0.10014414687808215,0.047959183673469574,0.935959914330938,0.797339522713363,0.49209387054130055
0.9871456292340518,0.07470081453004757,0.6438201035375324,0.7388776537559286,0.6769005847953218,0.0376357701946191,0.7985227939737819,0.7935327706057593,0.581163916214934,0.8242179721143116,0.24590299972907392
0.9404564740390708,0.1834260854461165,0.30742792538157154,0.3673557327663495,0.30142450142450145,0.16610184868738612,0.4251762594539162,0.42068965517241375,0.7853869228701226,0.8026306973764598,0.4132639315610957
0.9738934805224395,0.12249156565975589,0.4681452909032465,0.5485010029208564,0.462164124909223,0.06974392801976206,0.6809971572272032,0.6739770625231223,0.657008778070114,0.8347985511697735,0.278287276619426
7,6
0.9423956148715704,0.1756065893613336,0.3159620362381363,0.37461037772429084,0.30821712400659773,0.1604946881738934,0.4386617100371747,0.4325223435948361,0.779989620003026,0.8029516516494498,0.4068832304562229
0.9873852711624385,0.07293188577204981,0.6455759418087069,0.7381602965483597,0.6794683119186432,0.03783933884454098,0.796733055959034,0.794089716356366,0.5820348273172711,0.8248065868608738,0.245697208511425
0.9037138271565472,0.8448640741853674,0.09168558217738526,0.18885957150269217,0.12038863320914606,0.41089841836240115,0.10006672385854554,0.04946298984034797,0.935688846101241,0.7968134955915834,0.49502519779719734
0.9735942350640283,0.12281356323013887,0.46484227026320946,0.5477523475462347,0.4653295649311586,0.0701589269772855,0.6798086464550718,0.6742088250770502,0.6588488066609252,0.8334320825498583,0.28135488591813984
7,7
0.9033738934858957,0.8480950138181583,0.0920968925862487,0.18860814404047305,0.11989908009808503,0.4115683969038021,0.09863322791248219,0.04650333239463056,0.9360879231254505,0.7968033297899113,0.49443164701382736
0.9737626220727502,0.12395972481939735,0.46406770625083293,0.5457196159766833,0.46653000718041376,0.06986811981382303,0.6813098800132984,0.6742905353581836,0.6564319218284531,0.8358275489037306,0.2775658479130455
0.9870984847431239,0.07535663697308517,0.6462525357749878,0.7397920625847527,0.6791870337020838,0.03760401741030446,0.7965461078439906,0.7908752445257776,0.5813762672181807,0.8242845612030034,0.2456464465676932
0.9444323817742085,0.17961526437040576,0.30547157760272514,0.36798149125030577,0.29888629888629886,0.16297029321960352,0.45106937671993436,0.4475128644939965,0.7792224445640555,0.8060165042304882,0.3974111211263175
7,8
0.987461162001932,0.07381204719639517,0.647327644284752,0.7409433834153367,0.6873804784763693,0.0374773339949136,0.8010006620155827,0.796291031274231,0.57958429126312,0.8247132033016263,0.2445196742124714
0.9034063379531213,0.8435158568470287,0.09098776732961628,0.18853378368669638,0.12003413018641451,0.4136590987008043,0.09918291095050291,0.04888420649363079,0.9356882265579951,0.7966202483550096,0.494595923111594
0.9427666309205373,0.18185597234839257,0.3170303852981101,0.3752870897027369,0.3074382564828425,0.15950729845062894,0.44308952714701766,0.43922605456074987,0.778023386799581,0.8032113956961575,0.402901307758918
0.9747082237726936,0.11853122092837315,0.4750613140570544,0.5555492410962024,0.4720820153891021,0.06809792678541114,0.6863419488920761,0.6809240826028822,0.6535709727656652,0.8346732443947015,0.2781413484703153
7,9
0.974199723488343,0.1202831415025537,0.47412088599674634,0.5557228368218268,0.47422848567886744,0.06771918388390269,0.6810068390135929,0.6766815497623505,0.6545789780326853,0.8345275380056858,0.2788718846904288
0.903571851755115,0.8467723015106892,0.0922716627634661,0.18862984391318954,0.12035583464154909,0.41156375700377207,0.09720430923298673,0.04718906430496739,0.9359627929957401,0.7966617809179798,0.4950566000421762
0.9428167113228785,0.1801400375784684,0.3097408778424115,0.37042624363850096,0.30153478540575324,0.1639803623635039,0.44501738817604025,0.44073037127206327,0.7809750883555957,0.8032370180604611,0.4044002708782073
0.9875774855871563,0.07304929947310082,0.647066887530702,0.7417034371998383,0.6842570257204403,0.03754033206959813,0.8037122909731487,0.7979488528038918,0.5800584127683136,0.8249244604452056,0.24367418902967897
8,0
0.9405494785692372,0.1843160797843636,0.28348852459016394,0.34782715242912715,0.28353276353276363,0.17716021252682126,0.42227509293680293,0.42001509433962253,0.7956811653672573,0.8048958574446864,0.4139944002393908
0.9871911527640633,0.07509030816425638,0.6436065573770491,0.7360521169241419,0.6721716753974818,0.03807284679808964,0.7969660630771075,0.7910894704808276,0.5823714045561059,0.8251203015704713,0.24367234223456655
0.903200220672437,0.8462774454796957,0.09137704918032785,0.1883946355842846,0.11954415954415976,0.41357808828037185,0.09801115241635672,0.047150943396226,0.9362871871153083,0.7966841750315933,0.4952021365015298
0.9711760924142132,0.12889532861462388,0.4567769873182802,0.5369811542786004,0.4543890770305865,0.07334734563176797,0.6616960089780458,0.6563759344962619,0.6670546836893512,0.8319625466463947,0.2920857842425084
8,1
0.9747020477570052,0.12051609342040187,0.4791957933807609,0.559331960223714,0.47340751491694893,0.0670121223571507,0.6839166725117486,0.6764827340690636,0.6536051904212593,0.8329696013512227,0.27795974173045185
0.9040303262947613,0.8495850231842221,0.09297897002815053,0.18962970979936922,0.12056462056462047,0.4068358046594483,0.09952686718485948,0.04858014103297137,0.9356436233487961,0.7969185861090586,0.49235547367069604
0.9449055170479215,0.1800402876356194,0.3116304829419584,0.37205622006032896,0.3046123046123046,0.16166180868719948,0.4533306540741485,0.4478837327893931,0.7794814459514935,0.8052223014456863,0.3962984253407232
0.9877484717460353,0.07177892908321329,0.6465596460377785,0.7405451733823103,0.6865603959029566,0.03760191561222903,0.8037329079893492,0.8002219755826858,0.5793801372440182,0.825435501277012,0.2420036462003045
8,2
0.93989059324172,0.1894652697165486,0.3100669591318402,0.3699698049072306,0.3035391838208741,0.16452938793484312,0.4145766794072988,0.40935423863938336,0.7831722072277761,0.8012865804108538,0.415370867382843
0.9033602590927274,0.8491964372134622,0.09204360140760409,0.18808995813680934,0.11927029728076871,0.4127258110850113,0.09743280328538906,0.04615232638545835,0.9366920748409691,0.7967298973740994,0.4950614784361861
0.9863822723899044,0.07753925996871569,0.6441856902098976,0.7352759327325553,0.6749829148583045,0.03813286873330278,0.7891926947619545,0.7828719214718156,0.5837505448837194,0.8239417547862824,0.249020782409411
0.9737180013641406,0.12320741441613611,0.4410235905637745,0.5276231222528267,0.444896115627823,0.0756667837956606,0.6852389155861819,0.681469550544562,0.6645376078812102,0.8377887238756022,0.28083897673458236
8,3
0.9875219045027972,0.07348701149396378,0.6463620031439479,0.7398167938994076,0.6839460640830505,0.0375537913026925,0.8007460406375719,0.796652881881623,0.5801539550086865,0.8243628873798168,0.24595126562850883
0.9034126502425922,0.8442321813118823,0.09086170659941151,0.1885385775422832,0.12046168456424872,0.41310961951096814,0.09880850252597484,0.04909530720851468,0.9357238302663031,0.7967228729402865,0.49558629871140014
0.9433356587038926,0.1804722215230912,0.3136055132087293,0.3718327978095085,0.30471627923857225,0.1603500093390491,0.4440603319678924,0.43711092416776826,0.7786212556421855,0.8038147848272131,0.40098574798372727
0.9744598741192632,0.1198632531651452,0.4704021516393443,0.552908351556809,0.4685941951566952,0.06851962424644933,0.6859462128252787,0.6797022405660376,0.6543447614254227,0.8357797271732204,0.2779221455922471
8,4
0.974432150756046,0.12083039753673402,0.46939890710382515,0.5513288879732586,0.46948627504183066,0.06863488941436731,0.6846639523219449,0.6795148247978435,0.6552656711022551,0.8357817363029759,0.2761072772401936
0.9040076001005628,0.8479224217808226,0.09325315100090581,0.18957808148191257,0.12077481424215075,0.40691239738079366,0.1005211933272313,0.04949274675263127,0.9356051389487473,0.7970030818351679,0.4927416399221578
0.9428657074177745,0.17880231296336102,0.3083606557377049,0.36921237464624734,0.30160256410256414,0.16396455438336566,0.4417518587360595,0.4386556603773585,0.7827826861920419,0.8038716442837646,0.4054079890787931
0.9874760779374006,0.07302235561870751,0.651108968177435,0.7430126706324676,0.6832184859866521,0.037312180234850056,0.799127873322957,0.7934190768427236,0.5803197319865471,0.824394357890309,0.2452621813257279
8,5
0.903080985503598,0.8463621385068976,0.0912071535022353,0.18805997705609934,0.11971567527123089,0.4147159626302877,0.09783710713078714,0.04650276348389548,0.9361656159460864,0.7966506155384403,0.4962935424562294
0.9737480819367232,0.12140061396158544,0.4740685543964232,0.5552278681359392,0.4727618060951395,0.067913798762118,0.6811281964627691,0.6754431103487707,0.6540246017831185,0.833646564923821,0.27724362826441706
0.941897169522793,0.17636550253513295,0.3091464104013567,0.3673654008496774,0.30112977699184607,0.16536485767538217,0.444712216382515,0.4411190631099544,0.7821668105217011,0.8023799242918699,0.41090403423790384
0.9875375428208369,0.07304464439131286,0.6454987970682036,0.7420522105641081,0.6856178835701019,0.03736149960018699,0.8018701549158176,0.7963680855174191,0.5796620922328009,0.8247055555985875,0.24467685076118145
8,6
0.9416559714439681,0.17697139353509866,0.30101905183872396,0.36580861354487637,0.29851004851004853,0.16656549711558905,0.43363809906560835,0.4322794492605813,0.7860631841320211,0.8034277499222611,0.40970864064063295
0.9040595551105969,0.8443541240768505,0.09253575165678418,0.18938004917123874,0.12076438140267914,0.40848823287078606,0.10187455508977333,0.04949819349658752,0.9351301740018709,0.7970786212678191,0.4925112343131632
0.9876207990087771,0.07226028595776965,0.6431091011871113,0.7376456183818769,0.6885352195697023,0.03785316905254332,0.8030765286501731,0.7987508132726089,0.5792585216419303,0.8253063530881032,0.24180157146596015
0.9736363394557132,0.121835977151006,0.4701687208328348,0.5502084584677345,0.466581404537609,0.06948682111455762,0.6804602067674272,0.6737777165679657,0.6566228071489139,0.8340071144965654,0.2797669587253603
8,7
0.9872939113214315,0.07444873030798038,0.6468909979867703,0.7431365218297576,0.6853201379517169,0.03732049675634884,0.7994782495271637,0.7936047666335649,0.5807258708938964,0.8232995383666727,0.2478867226922945
0.9036403300459299,0.8418919614092235,0.09255221769160366,0.1890358635725493,0.12133570509205044,0.4116719760336797,0.10031513596135344,0.04888420649363029,0.9354078098019354,0.7966626654283019,0.4944631167772993
0.9434441842620241,0.18084695628098002,0.3056037715632701,0.36703881114048986,0.29685492430590477,0.16488559253271143,0.4451976577495931,0.4411888025650511,0.7823243782535607,0.8052638584855272,0.3995727977205246
0.9739341075326082,0.12192999436495866,0.4733560160841324,0.5547356129978716,0.47126807504166,0.06836817611348132,0.6812092305534124,0.6753720185119259,0.6557443810438157,0.8336680711346943,0.2786819163393795
8,8
0.9424849431538643,0.17943601155039768,0.3183480453972258,0.37658528281971504,0.31066915041274024,0.1592505298761046,0.43234677342484035,0.4255926463473633,0.778135291394424,0.8024763792969339,0.40646105420597284
0.973952937088956,0.12265848036032384,0.44284713465041337,0.5301804599111892,0.4515304258894003,0.07455369891509658,0.6903695230832777,0.6869698435736169,0.6608953754265634,0.8381715449273284,0.2790238639114185
0.9038575500981406,0.8432715347226418,0.09190313722226834,0.18867376213380765,0.12049691237508503,0.411532067038063,0.09993772762440334,0.048788430226989754,0.9354976368964947,0.7968562315412115,0.49409747466497944
0.9860447357702209,0.07894165781385415,0.6478918975540774,0.7378598318282541,0.6707899838890257,0.03781737102520097,0.7848854472249606,0.7789137380191693,0.5857610179068452,0.8235703724666443,0.24940290376188934
8,9
0.9433418542891076,0.17302801614192692,0.3154874892148403,0.37616389633410574,0.30851701904333484,0.15807564613101158,0.4448982586577969,0.4432720953326713,0.7794237144461507,0.803566003363889,0.40401973127922153
0.9743931878366746,0.12089745836129318,0.47409329704411673,0.5543724970202297,0.4713064713064714,0.06821405986114272,0.6807710525182644,0.6724557441538573,0.6549905098838233,0.8346925376271397,0.2771636161554485
0.9033466350076907,0.8425115565722234,0.09157027544312213,0.18833276115936848,0.12030890711093756,0.4141097508919685,0.09871115052931534,0.04848194617373819,0.9358850650608561,0.796625209811634,0.4956378083211817
0.9871840098075747,0.07444405531067555,0.6479452054794521,0.7412802152702018,0.6825801038129806,0.0374558139746462,0.8017899882874164,0.797286120444559,0.5800041174585883,0.8242322946903445,0.24743246649638856
9,0
0.9438552821121664,0.18289180521844978,0.30675409836065576,0.36923300130400105,0.3003988603988605,0.16299146827424132,0.44029739776951676,0.43677987421383646,0.7815144987005905,0.805030344769597,0.39914430909896303
0.9035800236648149,0.847097409995808,0.09251531710548128,0.18898835389162766,0.12075167630723194,0.4104181051343103,0.09840036048214512,0.048122736801982036,0.9358202977663406,0.7967491181477884,0.49577499854305773
0.974146572501326,0.12132729045945359,0.47390341160832966,0.5532471034270854,0.4683694683694684,0.06853306509738506,0.6838569849722266,0.6792307131929773,0.6555575007565181,0.8351184285953561,0.2784819415109683
0.9874733924700838,0.0728547170093736,0.6452749958037264,0.7414218902412333,0.6836731717277792,0.03741712120033858,0.8012738368626059,0.7980037349475175,0.5800246414421599,0.8250414080594481,0.24588047733337956
9,1
0.9739333566549041,0.12109279481688706,0.4754951550978122,0.5546387576300947,0.4685391711414017,0.06811255390372552,0.6812233108995176,0.6757522620467138,0.6542646056077867,0.8343034315296366,0.278948840380513
0.9035877287915899,0.8457257964451876,0.09267975977925658,0.18882725460725364,0.12037742235762033,0.4117778610138525,0.10086863704957855,0.04886979263964175,0.9354957808050015,0.7967822025709965,0.49395472369285365
0.9419100261570762,0.17804346571045088,0.31256092157731497,0.37250450846422667,0.3042658042658043,0.16155462707010676,0.43911383502461565,0.43444671086180514,0.7824695848905967,0.8030994001032046,0.40933567028488815
0.9875621199445759,0.07392898653219554,0.6522489936409779,0.7444791290241903,0.6861534406018392,0.03716210442569076,0.8013467568032386,0.7976364735110455,0.5789909272382929,0.8249391357365445,0.24470248091654387
9,2
0.9871524310398533,0.07463755521966187,0.6432210899424015,0.7372793546098955,0.6778605528605529,0.03783968460644159,0.7978875715864564,0.7916496685364611,0.5813969809468904,0.8248400445733459,0.2450073767703675
0.9035032056554752,0.8425347508629271,0.09204554631349432,0.1886300016477419,0.12061246544005189,0.41307214355425725,0.09839397879392742,0.04822009480434991,0.9356930106668363,0.7965560967506302,0.49527398251431015
0.973711141642158,0.12335039168988857,0.46362462888860206,0.5455671955118485,0.464869775893398,0.07065444760806759,0.6815414337148377,0.6749220026741939,0.6586842768474234,0.8356550349752471,0.28082632089809684
0.9420537323972035,0.18175563097419256,0.3038028326084532,0.3631001672698252,0.29670329670329676,0.16768495484430615,0.437068507700478,0.4326530612244897,0.784276349029561,0.8044261318992892,0.40911520955738884
9,3
0.9742884257879132,0.12068709653142135,0.4668000516328902,0.551219682539225,0.4705341319514549,0.06883563806720952,0.6855955273248837,0.678413311543604,0.6562349555248989,0.8355153375802734,0.27940206498706244
0.9035840714301473,0.8476315117884985,0.09258949481431927,0.18931248780635523,0.12077737077737094,0.40914612626495356,0.09927167893179589,0.04815171351559533,0.935684609297148,0.7968237986545356,0.49436311942878186
0.9430649767367004,0.17670396792368506,0.30976106289510347,0.37141814617375013,0.3049736513788801,0.16313139812649965,0.4479675389362684,0.445011715377975,0.7821104915772927,0.8038315275014934,0.4039545389745824
0.9873405526330367,0.07390569991549029,0.6492355246453606,0.7415688801801766,0.6841827582568325,0.03746092270410238,0.7994818069167511,0.7928340003811702,0.5806056737529879,0.823996163385137,0.24600992778778819
9,4
0.9744332089569957,0.11878755453010259,0.47600252206809585,0.5580901219398394,0.47582730659653744,0.06695734530106655,0.6829282241921648,0.6780841799709723,0.6522136690761045,0.8345612209450682,0.2765264527154059
0.9035465583384497,0.8436718320249512,0.09143337536780166,0.18850027348865406,0.12092921323690553,0.4125980172547046,0.09913258983890955,0.048514755684567035,0.9359363656450264,0.7967194069239495,0.4945957011235963
0.9871640663285434,0.07487796285035869,0.6560109289617485,0.7466188660497947,0.6859172206394428,0.03702398412576767,0.79840458488228,0.7929900419287208,0.5798748247503779,0.8231904573712144,0.24568307381782198
0.9445842095266441,0.18110114435604735,0.3105983084473218,0.371850756880435,0.3023209392636144,0.16157539346032268,0.45156631070489905,0.44706165124384084,0.7789074485963502,0.8050860074948719,0.39884677592134116
9,5
0.9037481359796518,0.841591274575519,0.0922472677595631,0.18861828002883135,0.1200587606837607,0.4125643125659889,0.10104941140024798,0.049685534591195235,0.9352287007591327,0.7968099845196104,0.49417806979704526
0.9740165906558603,0.12141771527261958,0.47075333290808186,0.5549867641080526,0.4705954083385991,0.06778506706466407,0.6823948042179566,0.6758094119374495,0.654648703754858,0.8348439503253482,0.2782029148967329
0.9876820190568476,0.07262196601887169,0.6441336093548929,0.7367565079428886,0.6849177873068659,0.037895135673113825,0.8040143623837498,0.7998196921888081,0.5797118092658563,0.8255588235775329,0.24226239232754668
0.9425407883464385,0.17742394512435772,0.3095247976758663,0.3698627529470775,0.302499188575138,0.16273557146977452,0.4453672768340313,0.440363028421304,0.7820835043085785,0.8038647856529038,0.4051008876388057
9,6
0.9874968997519232,0.07378283882519696,0.6385935861345696,0.736738891796667,0.6843266472896103,0.03784791135358219,0.8034245803762532,0.799174131249603,0.5801404138498946,0.8259622364905651,0.24507297741767836
0.9445833826118555,0.18153300450740434,0.30580827271740313,0.36715439225506374,0.2982207882870135,0.1643869553949454,0.447746128659002,0.44230913407472194,0.7804277053265494,0.8044857925208613,0.3972011161923396
0.9745581272692532,0.12004804802141422,0.4693208430913349,0.5519467311695878,0.4693732193732194,0.06863889334896796,0.6827462087685136,0.6737646001796944,0.6554570005406096,0.8338302897352933,0.2781353980748743
0.9033465593307919,0.8447487469455254,0.09113114754098373,0.18842587313072007,0.11987179487179483,0.4132947404720547,0.0988475836431228,0.04730188679245306,0.9360402133771057,0.7966662520840139,0.4952147160573823
9,7
0.9427953699455075,0.17703510937877442,0.3112638815441565,0.3724129194131224,0.3061299512912417,0.1614130166086019,0.4441060079146181,0.4400243457090687,0.7814413543886612,0.8037195649278359,0.40600639765649027
0.9875999384075506,0.07280683471889002,0.6455714936247723,0.7408929695772779,0.6860656062044953,0.037458189293053126,0.8037226352746799,0.8002227463312366,0.5791016960744103,0.8252430979504796,0.24541023877004425
0.9038858307610906,0.841817819058919,0.09261870381381149,0.18898967855504656,0.12119333362856688,0.41080645998101506,0.10039100872546597,0.04981914165607593,0.9351778815795375,0.7968262196836571,0.49394257685670584
0.9745394682077899,0.11953846543495505,0.47467709885742676,0.5570818702576685,0.4723301389968057,0.06728119552529485,0.6849160752506477,0.6773870783304745,0.6532151894405711,0.8350712889322057,0.2766632296080298
9,8
0.9862436425177263,0.07768824533991517,0.6478418759078648,0.7390038420501718,0.6735998413213604,0.037823359067116966,0.7849277681050304,0.7776092667781227,0.5851581694135265,0.8219777783489889,0.24934704029856708
0.9034468166908844,0.8493498815810163,0.09133240320892955,0.1886355763186786,0.11924895435533722,0.41088305916011036,0.09910622478842074,0.04686872741870712,0.9364703288836143,0.7969953767922089,0.4941634422265131
0.9395694884001166,0.1808867836429892,0.3172599531615925,0.37350790648021914,0.3097883597883599,0.1615020471762834,0.4112055231014339,0.40811320754716984,0.7830950671199978,0.7996318688794694,0.4173216461861116
0.9734567858428635,0.12606762420272227,0.4399077868852459,0.5250500877238743,0.44543491809116814,0.07724248165615104,0.6846247676579925,0.6811468160377359,0.6656261220250329,0.8371710381095331,0.2802586152070852
9,9
0.9039803538326596,0.8499675514319107,0.09188778097008621,0.18905281160441156,0.11996651687373339,0.4083902720735164,0.0981106043766527,0.048356350904493584,0.9360963285093666,0.7969826035272715,0.4917489354694605
0.9872058237436655,0.07464329448167645,0.6483127711114868,0.7416888848141108,0.6795214458444702,0.03748186896356302,0.7966376678291751,0.7920897361084094,0.5818317476701556,0.8233257439063347,0.24497008734091497
0.941772183100474,0.17727704792895776,0.3148179689163295,0.37585774743322586,0.30691530691530705,0.15986477888107598,0.43533046878771786,0.42935555011026705,0.7787108511103201,0.8029288302170848,0.40795521344812624
0.9737511982640725,0.12157566706698952,0.4654104641668237,0.5458286193253847,0.46263003351125964,0.07071435757888236,0.6810807731202553,0.6765271452324151,0.6586092126963485,0.8341025606761323,0.27955676761633014
