-3.885780586188048e-16,0.2753627448638905,0.0003357462006858102,0.7417564997862669,0,0.0002076194781316431,0,0
0.0921382813722834,0.7679107726775645,0.0007201878215102964,1.4760670725461444,0,0.0016153792051873867,4.702720000280543,0
0.007438944691308135,0.24793726640268413,0.0004076782795988697,1.0830365625533431,0,0.0002632930560283782,5.661321380754227,0
0.05465000222555232,0.28652746130993617,0.0011798613107935518,1.268815304411341,0,0.0017025387278741036,4.811281314766113,0
0.11613939815093897,0.4667196907963134,0.0006729000312268688,1.4205838065732095,0,0.001793772647271801,4.702720000280543,0
6.106226635438361e-16,0.2753708114641128,0.00031670972027942934,0.7655223376836272,0,0.00019636355410070186,0,0
0.06311967963865206,0.3017045539392089,0.0012648166184929665,1.2955902967720978,0,0.001862853411852008,4.811281314766113,0
0.00843762855345261,0.2512847372540574,0.00045024306273661,1.0505899561675935,0,0.00028983105427588836,5.661321380754227,0
-6.661338147750939e-16,0.27085814369085354,0.00032525217970112377,0.7409805331357452,0,0.00019914369678695218,0,0
0.09068764352530449,0.7793974301671004,0.000730247736149531,1.46061190678514,0,0.0019166257736967795,4.702720000280543,0
0.007841838188930052,0.2447927322849929,0.0004242903448910761,1.022384441175439,0,0.00025633362360221135,5.661321380754227,0
0.07277337655049984,0.3091846538853361,0.0012583244990180113,1.2042675286919198,0,0.00159803925569278,4.811281314766113,0
0.003003929783040954,0.23675094335919425,0.00043331519874709895,1.0891761279538943,0,0.00027620312384300913,5.661321380754227,0
0.0,0.27879425109830847,0.0003205578007503509,0.7338395181760468,0,0.00019638956028620672,0,0
0.09261618159341124,0.4817462064204448,0.0006751446440235436,1.4706543212134173,0,0.001826441702721231,4.632901507826477,0
0.06272946041037203,0.28484589311594694,0.0011842328150398912,1.2338389172680724,0,0.001709535743008921,4.811281314766113,0
0.060841221769552103,0.2909946497173472,0.0011172042635730747,1.2341511534482872,0,0.0016486143979216016,4.811281314766113,0
0.0041405867674137176,0.24321496049252156,0.0004200868789010819,1.0925431960925147,0,0.000268475884413809,0,0
0.08463382732443049,0.7783001645733911,0.0005400372238473363,1.556125063444723,0,0.0018172313753706977,4.702720000280543,0
-3.3306690738754696e-16,0.27083120205220607,0.00033830076707974145,0.7584456931538258,0,0.0002045844777560162,0,0
-5.551115123125783e-16,0.27764999864388207,0.0003575873924921748,0.7791260435029188,0,0.00022220736999112894,0,0
0.08737471424378171,0.7894115305871416,0.00026083116420184277,1.833917073119607,0,0.0017910222153886262,4.702720000280543,0
0.007054685086371557,0.24489231804049574,0.0003878345910884392,1.0897848720816095,0,0.0002482996214654269,5.661321380754227,0
0.04186224623297159,0.28806436300736094,0.0011327123698069122,1.3185468294770555,0,0.0015032121395096025,4.959939359101347,0
0.007287547525159987,0.25779103097129574,0.00040502815693302987,1.0767263237994242,0,0.0002624582817143677,5.661321380754227,0
0.08583863724153501,0.47087324471492054,0.0006965292249017789,1.425370400673732,0,0.0017666161381220235,4.702720000280543,0
0.05126293674057278,0.2933488820113294,0.0011896174786690803,1.301999653184446,0,0.0013508098563300185,4.743837514911936,0
2.220446049250313e-16,0.2722226588360081,0.0003381589603723736,0.76468735171844,0,0.00020830918202056946,0,0
2.220446049250313e-16,0.2771928999937791,0.00031378454812834957,0.7528275678400485,0,0.00019479136728084271,0,0
0.08403131821625998,0.7788428399929407,0.0006721194647153355,1.5388168133674862,0,0.0019058862121319167,4.678086959935982,0
0.00864963637626593,0.25975399931982696,0.0004573187927264087,1.0532278392059902,0,0.00029815373025507896,5.661321380754227,0
0.05889657511861929,0.2901283562537094,0.0012718609394225182,1.3156920908891923,0,0.0018440170406655912,4.811281314766113,0
-3.885780586188048e-16,0.27135104722915593,0.00033838386787634825,0.7786261671771613,0,0.0002077564314003071,0,0
0.10501408773357437,0.7955917900653806,0.0002708430387753071,1.7249946271178063,0,0.0018977233295605362,4.702720000280543,0
0.007720332293598062,0.24613514700590727,0.00041829000275790153,1.0679632455525279,0,0.00026750630208957914,5.661321380754227,0
0.04148121599101398,0.2935358946746219,0.0011457583295010829,1.2891874972724322,0,0.0018848340691692421,4.730067070285055,0
0.055201140831559685,0.2965564876942673,0.0011562969899096562,1.3314609245981268,0,0.001716052707136316,4.811281314766113,0
0.09122495053143292,0.47877606008232154,0.0007059103750885133,1.4107420531937436,0,0.0011448491829486604,4.797171533079171,0
8.881784197001252e-16,0.2709730836271038,0.0003490179583082924,0.7716763782306031,0,0.0002146670864447448,0,0
0.0070491058571855066,0.2512086131283886,0.000401288636901341,1.0986588659457026,0,0.00025253625497836593,5.661321380754227,0
0.007637125833660996,0.24031671180677555,0.00042009432874799566,1.10085967715044,0,0.0002682350611248333,5.661321380754227,0
0.05723837478678717,0.2962821141343041,0.00117806322779911,1.3231685465437777,0,0.0016821159968162553,4.811281314766113,0
3.885780586188048e-16,0.2772502540486165,0.00033342265345016333,0.7588481558440301,0,0.00020672082444673546,0,0
0.08685359716892649,0.4740391676916207,0.0005823011300890809,1.4312499034760453,0,0.0015581534224181678,4.702720000280543,0
-4.440892098500626e-16,0.2765470341766526,0.00035107648943278355,0.7475303617748291,0,0.0002166976223660819,0,0
0.09441989334530276,0.46795679384851485,0.0006582836372146307,1.4624263794871297,0,0.0017852807244796523,4.702720000280543,0
0.00733700939432538,0.24871071647848378,0.0004116498592775589,1.084985015309378,0,0.0002636244962735879,5.661321380754227,0
0.06518133509980047,0.2794859141134713,0.001232451526516033,1.2816752504719293,0,0.001498217181333093,4.811281314766113,0
0.007817346473491422,0.2474811999514854,0.0004183419718022096,1.093662099626277,0,0.00027234155008054974,5.661321380754227,0
0.08262198365608718,0.7831372798343822,0.0005734746370977075,1.5535554039586177,0,0.001911364564004389,4.702720000280543,0
0.05448696749729035,0.2863746379024058,0.0011736547468096895,1.2844292360612326,0,0.0016910397724492906,4.811281314766113,0
-2.220446049250313e-16,0.2717348854133481,0.0003172684384462864,0.7620107647289309,0,0.000196470055563783,0,0
-1.6653345369377348e-16,0.27838806413900913,0.00034393944571622876,0.7362935470905416,0,0.00020984321165612205,0,0
0.09619266026835133,0.4662899331770565,0.000750121753228824,1.4995147077746709,0,0.0018989892995949238,4.678086959935982,0
0.007169807902693528,0.25098694327910404,0.0003918911630445455,1.0549371873204378,0,0.0002492250353532514,5.661321380754227,0
0.059417477657068375,0.2900210278557596,0.0012024951831177794,1.3078852856696401,0,0.0016949501942578006,4.811281314766113,0
0.00746659997210929,0.24320391791105586,0.00041576672799901586,1.0810826509373899,0,0.00026481539500584976,5.661321380754227,0
0.05432825934410501,0.29665053478804543,0.0011491290392875708,1.2725565590537067,0,0.0016937280759815904,4.811281314766113,0
3.3306690738754696e-16,0.2726504882090746,0.0003483184643350203,0.7424546053199677,0,0.00021234849337080909,0,0
0.08744058109466643,0.7801693678883443,0.0006668515368607592,1.4769260213059598,0,0.0011652428186688043,4.797171533079171,0
3.3306690738754696e-16,0.2743266194166871,0.00032624564570338943,0.7661105498370686,0,0.00020292044950770912,0,0
0.10347767475310035,0.7893985541599703,0.00029725892938736465,1.656764087664781,0,0.001859479713263421,4.702720000280543,0
0.007557544448808899,0.24984861803860875,0.00041323843282092387,1.0886697279568953,0,0.00026806173125108686,5.661321380754227,0
0.039884668656166675,0.2837276130040281,0.0011009703570851444,1.2274105667273554,0,0.0015210383675138609,4.959939359101347,0
-2.7755575615628914e-16,0.2765779739616391,0.0003206208904546772,0.8159537862694676,0,0.00020042711567450205,0,0
0.09485850676391058,0.4633673762341494,0.0006484075205686223,1.4291243537117428,0,0.0017704709757103943,4.702720000280543,0
0.004853789433087553,0.2513235337205926,0.00045196065772437063,1.0345423215665814,0,0.00029128633972822247,0,0
0.06030842012582506,0.2989718865061299,0.0013006630311823398,1.316393263670252,0,0.0019051787611377299,4.811281314766113,0
0.0,0.26925503747305113,0.0003271983267346236,0.7665287497873245,0,0.00020008127233504702,0,0
0.11269906115195694,0.47166350252275524,0.0006762396324299063,1.4518960626786361,0,0.0018093038993415328,4.702720000280543,0
0.007723648854192359,0.24460274083107358,0.00043117824005755684,1.1100607463505816,0,0.00027767991496153196,5.661321380754227,0
0.04614352352492008,0.27449045927347865,0.0012493131567716548,1.2706675992937515,0,0.0020047298875087148,4.730067070285055,0
-1.6653345369377348e-16,0.27724940368866474,0.00031662483433396124,0.7531420217938891,0,0.00019869844523122976,0,0
0.12069307888432658,0.4847161833836009,0.0006528438575771068,1.4680325606059603,0,0.001835889254829939,4.702720000280543,0
0.0045835196214930735,0.2385276209983284,0.00041288506942830034,0.9698900832313034,0,0.00025308879646350355,5.661321380754227,0
0.03755677491017784,0.3084983628049248,0.001158352425722442,1.1853598890453187,0,0.0013492209098813414,4.743837514911936,0
6.106226635438361e-16,0.2746493240726945,0.00032917839025686617,0.8333838249944379,0,0.00020460002071930305,0,0
0.08171303000934653,0.7793176795414533,0.0005419584975078253,1.549370707194917,0,0.0018417659688495236,4.632901507826477,0
0.00841036850886065,0.2619086083772496,0.0004201272158787449,1.0006152841766554,0,0.0002692351855151233,5.661321380754227,0
0.061217844371699304,0.2965471652151045,0.0011576392820999474,1.2823068265953403,0,0.0016851492160534702,4.811281314766113,0
2.7755575615628914e-16,0.27952698883629884,0.0003365468930916053,0.7882450302905797,0,0.00021079385963538878,0,0
0.09446718605299645,0.7831295365003372,0.0005395240640091726,1.5555912889343246,0,0.0018202091312121535,4.702720000280543,0
0.0029504200019102797,0.2544079401330969,0.00041108800936189797,1.0855205014065035,0,0.0002641731290879055,5.661321380754227,0
0.06257539234443624,0.28617452575796476,0.0011336803853391189,1.254540133946939,0,0.0016829206379356963,4.811281314766113,0
0.007458710810129346,0.252722560854581,0.0004067397051150141,1.0743677915301202,0,0.000263266748044403,5.661321380754227,0
0.08277546662926047,0.768655519230533,0.0007425856599289299,1.4576872460207926,0,0.0016025610096052892,4.702720000280543,0
0.05757116058600697,0.2927324328005548,0.0011607281340303846,1.2986045017419612,0,0.0016678173064351724,4.811281314766113,0
4.996003610813204e-16,0.27014942146741644,0.00033404487419377306,0.7603036398159156,0,0.00020651244530466874,0,0
-3.3306690738754696e-16,0.27683879136614936,0.000333989050832031,0.7587869709388659,0,0.00020848927434810978,0,0
0.10743872462961801,0.45133786498975026,0.0006356110337739242,1.4420589310256589,0,0.0018041303963909955,4.702720000280543,0
0.008219845827441102,0.2428212718250111,0.00041092238466751803,0.9818811907338976,0,0.00024781923210991086,5.661321380754227,0
0.05005168450237975,0.31168946515675233,0.0011943712049156403,1.2002372557809367,0,0.001558185828017982,4.811281314766113,0
9.43689570931383e-16,0.26982169012092305,0.00033282420695010393,0.754252721888514,0,0.00020309151669719067,0,0
0.08463382732443049,0.7767847376363799,0.0005630404361733677,1.5510495200771612,0,0.0018978951672395904,4.702720000280543,0
0.007727802329649477,0.2563071038242741,0.0004078392650371365,1.050120192280983,0,0.0002629894389449465,5.661321380754227,0
0.05199287205407505,0.2949905986563528,0.001198813081896548,1.3211128884654186,0,0.0019183232513970457,4.730067070285055,0
2.220446049250313e-16,0.2727840398598609,0.0003355572661981697,0.7585051582579673,0,0.00020633938403987801,0,0
0.08598375288263843,0.7909832386593146,0.0006763104392540912,1.441036965576713,0,0.0017326704740204275,4.702720000280543,0
0.007624312069150249,0.24870061376284128,0.00041757087897704233,1.075689911419948,0,0.00026508668233280375,5.661321380754227,0
0.03859189568952536,0.2951229249628116,0.0010923069868751477,1.3160269061140202,0,0.0012637342482041181,4.743837514911936,0
0.0,0.2754628196178492,0.0003274574356398365,0.764510693661301,0,0.0002018981952332622,0,0
0.07118541875805261,0.7782813175199556,0.0007084705495433566,1.552029984981129,0,0.0020175125863603383,4.678086959935982,0
0.007828637294142893,0.24582924577880608,0.0004090901025041507,1.0737762523687597,0,0.00026568577132549993,5.661321380754227,0
0.052670438862231876,0.28616129367126,0.001192457523180493,1.2792134396230672,0,0.0016999590025785988,4.811281314766113,0
0.11085655757112184,0.4902294545374841,0.0006457440501481376,1.4416881200520484,0,0.0017482979811585101,4.702720000280543,0
0.036410691985628664,0.30213396982125884,0.0012464956412541878,1.155047955332905,0,0.0016904537687099797,4.959939359101347,0
0.008310410972102653,0.24395737454671867,0.0004267231998478922,0.999890748578425,0,0.00026459387913880546,5.661321380754227,0
-8.881784197001252e-16,0.27842553067389236,0.0003170795406201648,0.7532709777599983,0,0.00019951402626572546,0,0
-2.220446049250313e-16,0.27418031319557395,0.0003275349139794803,0.8231818449603364,0,0.00020587526033564215,0,0
0.10841956310406345,0.47190625945821435,0.0006268640557893384,1.4402239526385978,0,0.0017500080442591091,4.702720000280543,0
0.0036340979824485906,0.2609236616349653,0.0004572637498616073,1.063574163709863,0,0.0002922123896181978,0,0
0.07971882726195727,0.32379853991930124,0.001289069454841358,1.2911521822360164,0,0.0019718257726322555,4.811281314766113,0
6.106226635438361e-16,0.27722428603029003,0.00033901312448107864,0.7721778028550452,0,0.00021129595899487677,0,0
0.09226968782529626,0.4574533420259417,0.000584402219444702,1.4280062712384258,0,0.001145962669617919,4.797171533079171,0
0.007708899701541802,0.2373326749083833,0.00040968838990916915,1.0649018250041786,0,0.00026116378651283264,5.661321380754227,0
0.055202679706087825,0.28922178659234077,0.0011761389263863478,1.2683997558087312,0,0.0017186973440618998,4.811281314766113,0
0.06321564396950166,0.2869730855331038,0.001168246234971266,1.2595984872494332,0,0.001703635440189858,4.811281314766113,0
0.08408371904322123,0.7787853753461491,0.0005728619167217555,1.551415914278681,0,0.001953062336711462,4.632901507826477,0
-8.881784197001252e-16,0.26785723296960845,0.0003371154623043238,0.7626764219762269,0,0.0002030176330540271,0,0
0.00713548998528676,0.25515565598251,0.00040483257872859206,1.1010434149674178,0,0.00025944581844665243,5.661321380754227,0
8.881784197001252e-16,0.26707425633148746,0.00033566131539281886,0.7727744471228628,0,0.000206332367907948,0,0
0.10495550637937912,0.4769372432394828,0.0006384564217065988,1.4461727509824747,0,0.0017643642135436392,4.702720000280543,0
0.004465503707800335,0.24521573077733924,0.0004229665372639431,1.0451786813806114,0,0.0002532813412485993,5.661321380754227,0
0.05690441727695272,0.27599066188800747,0.0013344315572685432,1.2558384391990156,0,0.0018511361541409508,4.811281314766113,0
0.0731961785165864,0.31875994010920633,0.0012208303865018444,1.3245494365155386,0,0.0018233624802134966,4.811281314766113,0
0.11089742036096487,0.4789749725994699,0.0006658057086984199,1.4587700189045487,0,0.001843181574654884,4.702720000280543,0
-3.3306690738754696e-16,0.27339789886801835,0.0003063593170532655,0.8168221654519331,0,0.00019338285153344242,0,0
0.008377430688030683,0.25592014054933665,0.0004672017448536485,1.0751311909308474,0,0.00028969539302651034,5.661321380754227,0
2.220446049250313e-16,0.2759257697040842,0.00032974272762259857,0.7376974363343144,0,0.00020048701417140014,0,0
0.10239928493270455,0.7944992360248027,0.00021647740184069927,1.8901745611513183,0,0.0016879085242241768,4.702720000280543,0
0.007085754849120669,0.256484292942325,0.0003953465524046713,1.0338843360424144,0,0.0002504729324475557,5.661321380754227,0
0.04642804330429671,0.29716995258841206,0.0011037238753255079,1.2077842786357242,0,0.001691477043869479,4.811281314766113,0
0.05877616385075191,0.29912454011987816,0.001172008379148408,1.3109648737478676,0,0.00168679545066869,4.811281314766113,0
0.08919852395464864,0.4677372093591394,0.0007270565456950831,1.416031071478713,0,0.0018432523508812241,4.632901507826477,0
2.220446049250313e-16,0.26797148713786983,0.0003364805603524251,0.7642866070538049,0,0.00020636732725977434,0,0
0.007583615269370028,0.2588229930622904,0.0004131025885788383,1.0768468513766947,0,0.00026863859101554816,5.661321380754227,0
5.551115123125783e-16,0.27454640394807506,0.0003422180219295772,0.7310808035839056,0,0.0002104731981576849,0,0
0.09127484770567629,0.7729012675554893,0.0006866459753665648,1.464756362388054,0,0.0011585866004779537,4.797171533079171,0
0.007191396845292228,0.2503476137441687,0.00039779681024907477,1.086405926298939,0,0.000255291631586179,5.661321380754227,0
0.05578447502923263,0.28534488816749154,0.0011977905708067274,1.238966413036614,0,0.001425056914368318,4.811281314766113,0
0.0,0.2893046899634749,0.00033921651430916414,0.7508306823129121,0,0.00020989928336772687,0,0
0.07131935625288496,0.793685349666094,0.0005494894088104841,1.4551738876666664,0,0.0018289450784722502,4.678086959935982,0
0.0075194687031929185,0.23231943798720692,0.0003937859392908697,1.0955435106541005,0,0.0002566538745044421,5.661321380754227,0
0.058894623450573565,0.2831645510572834,0.001280981205139492,1.2525884317891742,0,0.001798227347782913,4.811281314766113,0
2.7755575615628914e-16,0.26710660299843675,0.00035094742978136983,0.7612381964073275,0,0.0002141050063055866,0,0
0.07234835263660355,0.78156110475775,0.0005812324328040745,1.5504832924572691,0,0.0019244794415965141,4.702720000280543,0
0.0072717918068755764,0.2581614769017284,0.0004109950217354239,1.0793216260438885,0,0.00026256333068359027,5.661321380754227,0
0.04707431444841944,0.2941597241916052,0.0011175265477414505,1.2777073923697937,0,0.0017844618236514834,4.730067070285055,0
6.106226635438361e-16,0.2762330536392142,0.00032406812189383785,0.7633692774101052,0,0.0002050321303227358,0,0
0.0847652383060239,0.7768713467375316,0.0007001578010408228,1.4864424726208005,0,0.0018162403876821815,4.702720000280543,0
0.004056453930159,0.24344331249522597,0.0004063519577511768,1.107526725185538,0,0.00026331399506215457,0,0
0.046684229370640165,0.30029803947396483,0.0011983996685691251,1.2013085504143097,0,0.0017928418071541093,4.811281314766113,0
2.220446049250313e-16,0.27834421002971343,0.0003349703762474355,0.7567299844235394,0,0.00020613244657659456,0,0
0.09796951581178258,0.7802131502822673,0.0006794433137617158,1.407191053723721,0,0.0018153062663538277,4.702720000280543,0
0.007497015174501527,0.23576806678504875,0.00042886455357389993,1.1059436020982212,0,0.0002711084015540742,5.661321380754227,0
0.04425547053533097,0.2951402692802791,0.001129924619176291,1.2992476253736016,0,0.001332652289557667,4.743837514911936,0
3.3306690738754696e-16,0.26857124061376914,0.00032482934271515715,0.8217473775242382,0,0.00020065433367810683,0,0
0.10613681582873352,0.4810695426388157,0.0006459819647802118,1.469515140092494,0,0.0017891147869572106,4.702720000280543,0
0.008557700796229889,0.24392095512927234,0.00044712433483794,1.0287744605611102,0,0.00028273328816863757,5.661321380754227,0
0.05834247125972951,0.3018601139143548,0.001278990984638318,1.3323803216441086,0,0.001666874532901198,4.959939359101347,0
0.058158894421728946,0.28727114363034884,0.0011434701695535612,1.2742746302657384,0,0.0016632089782936724,4.811281314766113,0
0.08531259763348291,0.7798659523024193,0.000570287692761455,1.551010220158071,0,0.0019574391894533376,4.702720000280543,0
5.551115123125783e-16,0.2704330132486445,0.0003461076514554147,0.7669893723381518,0,0.000212033711197211,0,0
0.007209915947509995,0.25518665663374457,0.00040591694248292984,1.0876318673399843,0,0.000261264935227603,5.661321380754227,0
0.0,0.2706739733624478,0.0003266166436231933,0.758667836101455,0,0.00020080273953993822,0,0
0.10947434425507407,0.47325581467466665,0.0006526054952246468,1.4609403507851833,0,0.001795184120919593,4.702720000280543,0
0.008130440327229718,0.23839562259386857,0.0004383178522528648,1.0850647256485266,0,0.00028370853627250083,5.661321380754227,0
0.05988226551864169,0.27555928194393314,0.001253006329223596,1.2639261750553754,0,0.0017202209342933256,4.811281314766113,0
2.220446049250313e-16,0.2750726217582858,0.00032947472691401467,0.7614155287573916,0,0.00020336083697314637,0,0
0.07159658803108618,0.7725543479268137,0.0005513779763762841,1.5509632907537991,0,0.0017634299565060978,4.702720000280543,0
0.0075942085567716686,0.2538705553654298,0.0004140866694906155,1.0663904379561795,0,0.0002665520858716824,5.661321380754227,0
0.06030170353067797,0.29266369462094327,0.0011168206153735535,1.292027476080515,0,0.0016531409973767359,4.811281314766113,0
3.3306690738754696e-16,0.2716365040006905,0.0003321392726151919,0.7803903435680937,0,0.00020352893055629675,0,0
0.07848286464471846,0.7916511760727145,0.0006926934265721318,1.4589440619333196,0,0.0019772114855926694,4.678086959935982,0
0.007529322733992264,0.25610308961497796,0.0004189173613229836,1.0644623370747694,0,0.00026816121517220904,5.661321380754227,0
0.04696662039760754,0.292748698752974,0.001145652146763796,1.255042749683251,0,0.0016924686040484486,4.811281314766113,0
3.885780586188048e-16,0.28042069460636765,0.00034634652079300977,0.7504694327836384,0,0.00021386092257193783,0,0
0.09703973304726632,0.7715821924393963,0.0006034308963011336,1.5514032359170569,0,0.0019169138502521084,4.702720000280543,0
0.007195024338602741,0.24381817178172102,0.0004038158545193199,1.0933596636884246,0,0.00025837351340305477,5.661321380754227,0
0.04816554471782885,0.3090892548747605,0.0011058094522524132,1.3269281708090808,0,0.0012796883607362577,4.743837514911936,0
0.0031323061609751235,0.2554934315124388,0.0004202183788560977,1.034746804841075,0,0.00026644200128077077,5.661321380754227,0
0.09559934518675445,0.46529557772142993,0.000511806104703903,1.408802046910752,0,0.0010879620324764096,4.797171533079171,0
0.06839688409402432,0.2978129501783495,0.0012465962173630611,1.3208936870507362,0,0.0015513366372650712,4.811281314766113,0
0.0,0.2738267977876559,0.000326663242079262,0.7512589459639105,0,0.00020035024503181108,0,0
-2.220446049250313e-16,0.27681200129558864,0.00033919598106067246,0.7300659298497244,0,0.0002080717933416944,0,0
0.10544764445732592,0.4694274812314234,0.0006457054416242557,1.4534801861480693,0,0.0017828290190842193,4.702720000280543,0
0.004006510501503944,0.24857177265036495,0.0003926216593366199,1.0949882706173486,0,0.00025252012426205903,0,0
0.05076984502178623,0.2829860844391847,0.0011962558092571637,1.254719018570697,0,0.0018004812049767023,4.811281314766113,0
2.7755575615628914e-16,0.2711793380913956,0.00033208860260354624,0.7580142915203182,0,0.00020515331842248116,0,0
0.10036098117202451,0.7928683508362198,0.0002765613543103839,1.6584255448925003,0,0.0017435505414054504,4.702720000280543,0
0.007864145588304703,0.24263331543961839,0.0004089021582914115,1.102625345569047,0,0.0002688486008940026,5.661321380754227,0
0.04798724961591914,0.29762072175905935,0.001224727318659794,1.2802019378102412,0,0.0020130315899268927,4.730067070285055,0
8.881784197001252e-16,0.2738330238027211,0.0003301065278492311,0.7588822429076765,0,0.00020303032809085072,0,0
0.0721381784983963,0.7819229749637316,0.0007908905637656761,1.4899616429339213,0,0.001683418948767836,4.632901507826477,0
0.0071808005839268,0.2467408400716843,0.0004108677537690099,1.1231539082128703,0,0.00026376425249555684,5.661321380754227,0
0.06918106379090094,0.2991707674451188,0.0011348836257007691,1.3088846976435908,0,0.0016609147987641988,4.811281314766113,0
0.04786396571241457,0.28646976668087376,0.0012332670582586769,1.2795763527831805,0,0.0015547881444527465,4.959939359101347,0
0.10546220046365751,0.48644772319715496,0.0006392054620111848,1.4462727914550462,0,0.0017631446552405774,4.702720000280543,0
3.3306690738754696e-16,0.27674055436468964,0.00034282159491591627,0.7739068526822714,0,0.00021205773949393677,0,0
0.007914439985113757,0.24028594822437885,0.0004276819873082769,1.0600725446153894,0,0.00027091167647461724,5.661321380754227,0
0.05129854610854458,0.2891332029408982,0.0010830822293017898,1.290041146173988,0,0.0015942046545809438,4.811281314766113,0
0.09402782870399537,0.7843017475853742,0.0007063859831624152,1.4124436963572105,0,0.0018945344727091737,4.702720000280543,0
1.1102230246251565e-16,0.2837899828301451,0.00033018442762078337,0.7497535022598973,0,0.00020536266825059047,0,0
0.00757492809857363,0.24688288117304602,0.00042810599607148454,1.0915795298411064,0,0.00027383490975488116,5.661321380754227,0
0.05374395228750418,0.2840234617074476,0.0011744398981774803,1.252300108588909,0,0.001717937857154396,4.811281314766113,0
0.09496436192556239,0.7824209922435883,0.0005450609384700659,1.55469756489728,0,0.001846223769270522,4.702720000280543,0
5.551115123125783e-16,0.27282720306804203,0.0003398286469890636,0.7589061334230006,0,0.00020770795048199875,0,0
0.007303285845013885,0.2479657967764906,0.0003992443305906114,1.0829935473028829,0,0.00025695878220403397,5.661321380754227,0
-1.1102230246251565e-16,0.26905984027700514,0.00033351094830253575,0.7728874112320081,0,0.00020485643053160007,0,0
0.07499756916197847,0.786349943929729,0.0003438386837196139,1.726849517478613,0,0.0018823548202574882,4.702720000280543,0
0.0073128533308132425,0.26133094668271345,0.00039602396774688075,1.0743822000521694,0,0.0002558167516980747,5.661321380754227,0
0.07629548297393982,0.3182122210261793,0.0011625910184359246,1.289225453100244,0,0.0017312388921038393,4.811281314766113,0
6.106226635438361e-16,0.27816965922380515,0.00033385227132389303,0.7729761256250028,0,0.00020783916824527868,0,0
0.09666933717496559,0.4774055232142198,0.000525874121715844,1.4577410574237022,0,0.0011704231202148722,4.797171533079171,0
0.007598566698643269,0.24818366733391695,0.00041551645701644584,1.0786941491848763,0,0.00026774496857087746,5.661321380754227,0
0.05436985757186334,0.2926381095629148,0.0011515800511385514,1.266837339747716,0,0.0017176168237519767,4.811281314766113,0
0.004265170346843927,0.25389051550387615,0.0004038381032882494,1.0412097738866173,0,0.0002544771732282076,0,0
0.09145306471493664,0.7675779612720817,0.0005280437727046078,1.551392093469492,0,0.001713238472998302,4.702720000280543,0
0.05247460695521955,0.28504796980176716,0.0011581490062438186,1.2609620851372152,0,0.0014593598123445713,4.811281314766113,0
0.0,0.26788807114623153,0.00035625498088373043,0.7669483738886826,0,0.00021640771097825978,0,0
0.008286605403089408,0.2516985625796947,0.00042610476377763083,1.0339745590689489,0,0.000275360399568438,5.661321380754227,0
0.051984286963067707,0.3050187062593487,0.0012076331752702578,1.298288379778341,0,0.001956339339269064,4.730067070285055,0
-3.885780586188048e-16,0.27207317057235003,0.00031936433417023016,0.8103226942758441,0,0.00019958836165979873,0,0
0.11140766740543928,0.4667789261295331,0.0006654984760537844,1.4536439552553744,0,0.0018235413244455543,4.702720000280543,0
0.008477739107296111,0.25855505834377623,0.00045408350609907414,1.0450246431960417,0,0.00029035946724883984,5.661321380754227,0
0.043046927524588094,0.2834953829536243,0.001257824848276579,1.2867465209280455,0,0.0016715296743182965,4.959939359101347,0
1.1102230246251565e-16,0.26948989396606926,0.0003140952554209781,0.8140990999442427,0,0.00019522751869033417,0,0
0.09228769299105488,0.7759447563007179,0.0006954748636943484,1.474170638029106,0,0.0017809596961232217,4.702720000280543,0
0.0,0.2767023881907704,0.000319268657204184,0.761669704493752,0,0.00019988916867636882,0,0
0.09435664952427451,0.48671222532884045,0.0006580167203528866,1.4448003483096232,0,0.0017387016734900242,4.702720000280543,0
0.003800476982471067,0.24218422350013094,0.0004338223591804161,1.0993043140182723,0,0.00027335725407431774,5.661321380754227,0
0.05526089677913808,0.2918352975465097,0.0013035153707348468,1.2686665160916388,0,0.0014401298105611786,4.743837514911936,0
0.007147884139901976,0.24625695717214632,0.00041871860692377236,1.1055947990673434,0,0.0002650737343549693,5.661321380754227,0
0.05179705987720354,0.29234472571166703,0.001119789679202475,1.297903413173658,0,0.0016283321640287115,4.811281314766113,0
-5.551115123125783e-16,0.2734200831598638,0.00034680026997836814,0.7519842301984611,0,0.00021159719562049281,0,0
0.06962243827467884,0.7869388971070449,0.0007392861652465929,1.53669074459342,0,0.001661602186456512,4.632901507826477,0
2.7755575615628914e-16,0.27356722981073434,0.000338985197579815,0.7607727427557208,0,0.00020974019677794039,0,0
0.08501830374918845,0.7822322618596265,0.0005510645491533855,1.5532844247909672,0,0.00193436106215859,4.678086959935982,0
0.007305295434815524,0.25302508016505637,0.0004061402405258685,1.0935653002821022,0,0.00026277783026700457,5.661321380754227,0
0.05520247453182612,0.29288659003841183,0.0011864673506784798,1.3047313333012047,0,0.0017537123670039797,4.811281314766113,0
-1.1102230246251565e-16,0.2695744727867567,0.00033421505039782297,0.7475279516270203,0,0.00020306436976834315,0,0
0.09796951581178258,0.7834345967009632,0.0007090680713404447,1.4792242943652798,0,0.0018063011288744419,4.702720000280543,0
0.00726178277778286,0.24576093321328576,0.0004084180202914513,1.1317742234582433,0,0.00026417568162272203,5.661321380754227,0
0.05438112579838603,0.28702726209169677,0.0011962917940300116,1.3029714517829873,0,0.0016986209952576583,4.811281314766113,0
3.3306690738754696e-16,0.2686126320433388,0.0003371283765241762,0.7399201340303635,0,0.00020573255287668598,0,0
0.09403096608354913,0.7741065455703957,0.0007032345654647494,1.4778614965262864,0,0.0015855027435240855,4.702720000280543,0
0.00768565268994852,0.2481846597878402,0.00041928412798727406,1.1076198296424125,0,0.0002732911666342245,5.661321380754227,0
0.06005885586708385,0.2938219386754387,0.0011584706685140278,1.2652566624746848,0,0.001681232235430053,4.811281314766113,0
0.05116716352392052,0.28081323467317215,0.0011272586143251124,1.2687394511515764,0,0.0016423082175239195,4.811281314766113,0
0.08857453376861454,0.7766945398120059,0.00025505611212183263,1.8372217635597297,0,0.0017633974753688342,4.702720000280543,0
-4.996003610813204e-16,0.27670499948876426,0.0003329692281833481,0.8031202726477864,0,0.00021191729900036247,0,0
0.007492233214569228,0.2516316860134908,0.0004073148961858244,1.0883542891559475,0,0.00026372322503899503,5.661321380754227,0
0.057079210472122346,0.29859180398766355,0.0011833708883844103,1.272315198553576,0,0.0018043468588148871,4.811281314766113,0
0.08890190249305133,0.7692270206944973,0.0006932405783106609,1.4797505162282478,0,0.0011965845400793566,4.797171533079171,0
8.881784197001252e-16,0.2770699226385789,0.00033337923132865515,0.7469104443461655,0,0.00020668770819871508,0,0
0.007362528490805948,0.2594755733293687,0.00039613080403883455,1.0387429649688085,0,0.00025065416811340634,5.661321380754227,0
2.220446049250313e-16,0.2734577076002876,0.0003306942358920101,0.7790392344559308,0,0.00020596001848559265,0,0
0.09682525312233108,0.7758631074178935,0.0005424576984780901,1.5509306165100467,0,0.0018145613147806695,4.702720000280543,0
0.0029149947110088115,0.2538936166119172,0.00041368161488279415,1.0877982552632626,0,0.00026941077886943453,5.661321380754227,0
0.055704450238902324,0.29346084695278485,0.0011566094586028738,1.2861810865811296,0,0.001258605783296192,4.959939359101347,0
0.0072798092175465,0.25346639676463883,0.0004028178742592733,1.1078618763859633,0,0.0002627448787855745,5.661321380754227,0
0.050539023963836256,0.28256790133900034,0.0012545108429860197,1.2698234425451451,0,0.001940542196049828,4.730067070285055,0
-4.440892098500626e-16,0.28116558288131327,0.00033250469525921783,0.7538986054751515,0,0.00020780586865278193,0,0
0.09710542290844991,0.4755536996190229,0.0006826930717520161,1.4547743334243468,0,0.0018468476743651319,4.702720000280543,0
-1.1102230246251565e-16,0.27067469858962734,0.00034522737581811456,0.7950695658564975,0,0.00021323365727720907,0,0
0.08333360736613564,0.46191030566118624,0.0007024027263649688,1.4754063197597769,0,0.0019268192404204901,4.632901507826477,0
0.00722443730965391,0.23965551690349982,0.00040186167564617155,1.085599259062936,0,0.0002552309646082352,5.661321380754227,0
0.05461470262209103,0.28258996816098636,0.0012099026167047729,1.2720285457537455,0,0.0017487052015036635,4.811281314766113,0
-5.551115123125783e-16,0.28070247379145746,0.0003205641727963624,0.7536919671917033,0,0.00019877148211320882,0,0
0.09210492398711423,0.4648293427086648,0.0007250202246222988,1.3896974843870629,0,0.0018082680970382017,4.702720000280543,0
0.004745215650883795,0.24434403654547096,0.000432261276857058,1.0265238272725905,0,0.00027529165516083356,0,0
0.056149505139253555,0.2841981845978281,0.0012208551982070875,1.3200731492219715,0,0.0017395370284565637,4.811281314766113,0
1.1102230246251565e-16,0.27890286804647146,0.00033889172982546993,0.7463361895249663,0,0.00020696811312113957,0,0
0.11303135416131156,0.4591127062461653,0.0006795434703495873,1.4360810309878316,0,0.0017882498364363813,4.702720000280543,0
0.007445076664223074,0.2572119687161729,0.00041646809062217185,1.0560982330244348,0,0.00026480224772899077,5.661321380754227,0
0.040885479696212854,0.2953714843545423,0.0010897815014299331,1.3102806625630492,0,0.0012955794006539747,4.743837514911936,0
0.06657749466914105,0.29429397731034157,0.0012827512633239947,1.3193278552964385,0,0.0018091989378158657,4.811281314766113,0
0.08403131821625998,0.7859847805048339,0.0006678980721786862,1.5411029785783583,0,0.001912667470906669,4.678086959935982,0
-2.220446049250313e-16,0.2694436353507086,0.0003312637225354641,0.7583060400356589,0,0.00020320011530166435,0,0
0.008101304254304751,0.2437507518135577,0.0004429832619309381,1.1041390865199388,0,0.0002835528837954298,5.661321380754227,0
0.0,0.27145575087334706,0.0003513045117110444,0.7330409081285475,0,0.00021214912252371686,0,0
0.10022580209308765,0.48081359229671716,0.000710716913104835,1.4412492644109665,0,0.0018081344044474598,4.702720000280543,0
0.007051588633040586,0.24817362507753454,0.0004059840654101793,1.1050884897863908,0,0.0002587541364973312,5.661321380754227,0
0.05448696749729035,0.2963724948138658,0.0012121616111322223,1.3082329526039982,0,0.001735558951985367,4.811281314766113,0
0.007468932650733388,0.23947949602350008,0.0003873183201858514,1.0383126569292132,0,0.00024585942568968415,5.661321380754227,0
0.0,0.2811890817004212,0.00032345347074974373,0.7656190595664002,0,0.0002037089823056823,0,0
0.10227475487422472,0.774833178494086,0.0007273525473218727,1.4794179753420913,0,0.0018800269760083053,4.702720000280543,0
0.05538073724023299,0.3105245970742463,0.001315754449057851,1.2083056152065723,0,0.0018923901801648475,4.811281314766113,0
0.007831697266523573,0.2342686326649321,0.00041878497963312197,1.0949657798945307,0,0.00026163575277696253,5.661321380754227,0
0.04045624157173077,0.3078526113482553,0.0011383987084716233,1.1823888571789545,0,0.0017122738498335528,4.811281314766113,0
2.7755575615628914e-16,0.2768050821112517,0.00032248815073073904,0.7627089821550326,0,0.00020132126477240747,0,0
0.09731554940223777,0.4640653612925131,0.0005446497586737346,1.459470849595454,0,0.0016168571249045617,4.702720000280543,0
-9.43689570931383e-16,0.27606392035674016,0.00035088786407211245,0.7375233087888654,0,0.00021212139573428192,0,0
0.09445200028181737,0.7902115077571326,0.0006377163159826879,1.4794509759497017,0,0.0018168290329965788,4.702720000280543,0
2.7755575615628914e-16,0.25344681791278895,0.0003943449661054627,1.0445933940705674,0,0.00024740272073852005,0,0
0.05254229799550319,0.2872462377779841,0.0011217182370363628,1.2437713202605134,0,0.001734243575485409,4.811281314766113,0
2.220446049250313e-16,0.2771844278997184,0.00034097019485265453,0.7939231395245305,0,0.0002129898438408139,0,0
0.08418757434372745,0.7821208473469491,0.0005541770745392984,1.5519190940730612,0,0.001895394611424086,4.702720000280543,0
0.007292457022591885,0.2593153632692061,0.00040154619409155676,1.0809583122526962,0,0.0002598747158546731,5.661321380754227,0
0.052808719327310016,0.2830000946882986,0.0012152586717316006,1.270719235065072,0,0.0014952674767941439,4.959939359101347,0
-2.220446049250313e-16,0.27883556513787716,0.00032158718886241905,0.7739504968893671,0,0.0002005175413283177,0,0
0.07662036193750249,0.4605531593261317,0.0007443490915674001,1.4183710516821177,0,0.0018442678819954688,4.678086959935982,0
0.007989033547304264,0.23521271250718795,0.0004157269111159398,1.034271583609578,0,0.000261410274171411,5.661321380754227,0
0.06430450321295281,0.29670562266711403,0.0012585524852451232,1.28641416307355,0,0.001797439067816323,4.811281314766113,0
0.00811175748231116,0.24244282824966776,0.00043431962405102484,1.0835706436215995,0,0.0002812774967916857,5.661321380754227,0
0.050055571462866905,0.29309792049359507,0.0011261767330068102,1.2875663863642324,0,0.0012712168658101158,4.743837514911936,0
2.220446049250313e-16,0.2688062154117567,0.00032441061657029245,0.7557565649050288,0,0.00019723897135252638,0,0
0.08463382732443049,0.7737587769970216,0.0005442034873547935,1.552068473400658,0,0.0018061989034873513,4.702720000280543,0
0.007797415477718877,0.23993586340271733,0.00043852161464826933,1.1028266085271732,0,0.0002753822198314671,5.661321380754227,0
2.220446049250313e-16,0.2710028803703875,0.0003317265356949884,0.7742503400835524,0,0.0002060715052077628,0,0
0.0961701072679803,0.47611864588294367,0.0006182872633443194,1.4761795175403287,0,0.0018002542673161235,4.632901507826477,0
0.050172158021012235,0.2849648973320283,0.0011240972421693472,1.2779619654215861,0,0.0017650601189365905,4.811281314766113,0
3.3306690738754696e-16,0.2680150345706503,0.00033684288721833234,0.7640723973822553,0,0.00020539508457314485,0,0
0.08838831882712345,0.7817322753078747,0.0006791730887497543,1.413925953625335,0,0.0011854736526309844,4.797171533079171,0
0.007694545276214729,0.2521553539812247,0.0004178611909755913,1.0916223438513835,0,0.00027376263939391193,5.661321380754227,0
0.05417097793720624,0.28144873334925113,0.00112950744445136,1.275625692010084,0,0.0016327363907529008,4.811281314766113,0
0.05509304717685472,0.2900124981655353,0.0011534704974873315,1.2890115584024284,0,0.0016415822339484053,4.730067070285055,0
0.09445200028181737,0.7763377125171322,0.0006836147513881395,1.405510241445447,0,0.001805767441195071,4.702720000280543,0
6.106226635438361e-16,0.27744629235529883,0.0003393150624934609,0.7600916923363912,0,0.00021153914905524306,0,0
0.00733700939432538,0.25409675179166025,0.0004115548534601347,1.109909778858818,0,0.0002678188617537601,5.661321380754227,0
0.007904511490354333,0.2597251606144326,0.0004359046250603878,1.072020512584701,0,0.0002691807222292706,5.661321380754227,0
0.05673592818374585,0.30039956334262163,0.0014479097626357588,1.2590582403106851,0,0.0021884038526481606,4.811281314766113,0
-3.3306690738754696e-16,0.2751826379930869,0.0003232146425252291,0.7824626928495647,0,0.0002032842381807359,0,0
0.0918138182910366,0.7768599664641554,0.0006880201098354698,1.479931823572859,0,0.0017617213831821823,4.702720000280543,0
0.055367429680026364,0.28841806908056666,0.0012016901901572663,1.3090431733866343,0,0.0017246606814272476,4.811281314766113,0
0.12654241625182794,0.46904551157911567,0.0007132514265231656,1.476179980677271,0,0.0017677319487539873,4.702720000280543,0
2.220446049250313e-16,0.2707605874814042,0.00034345351359180783,0.7421241952521662,0,0.00020891921446653447,0,0
0.0072733406561899736,0.24389939988962303,0.0003900959980623506,1.081793671091808,0,0.0002521787995251736,5.661321380754227,0
0.0083579264988074,0.25675848412934704,0.00044297783977884417,1.03064434206407,0,0.0002827624035986704,5.661321380754227,0
0.08825912757893131,0.4608909453285439,0.0005626511241020279,1.4017223279105935,0,0.0015460323657902242,4.702720000280543,0
0.06427084456329171,0.28332702974234225,0.0012501050243972692,1.2710333717714584,0,0.0018074482218867396,4.811281314766113,0
-6.661338147750939e-16,0.2674941060927902,0.0003149120563361108,0.8051737273591046,0,0.00019373008809289426,0,0
-7.216449660063518e-16,0.2747977945315629,0.0003357962134810561,0.7646770928839379,0,0.00020668278961031965,0,0
0.09031249450632428,0.7925212861774668,0.0002416415924004337,1.833279174169641,0,0.0019140569568921416,4.678086959935982,0
0.007726107547639416,0.2546482342461166,0.0004126987160991915,1.0671858026967689,0,0.0002663620865542443,5.661321380754227,0
0.06435331807006997,0.28726843339419345,0.0011162165989303647,1.2807745733444862,0,0.0014124543553504512,4.811281314766113,0
0.05699621631607489,0.28888886112546197,0.0011663079206527328,1.3219737789569947,0,0.0016454282581332676,4.811281314766113,0
0.07120949306562721,0.4813874719817191,0.0007455147277279988,1.474147575302488,0,0.0019134127783316628,4.632901507826477,0
-3.885780586188048e-16,0.27350228923205067,0.0003379388462047631,0.7855404851572667,0,0.00020853102174461137,0,0
0.007625793467459559,0.25398824992881064,0.00042461911874744503,1.0696738591790191,0,0.00027053046596489395,5.661321380754227,0
0.004181241279705681,0.24931971254947793,0.00040519638122026686,1.0928313171451591,0,0.0002619198145321512,0,0
0.059298509379088545,0.29954592647594325,0.0012413197108567314,1.3339609123596023,0,0.0018186181047017886,4.811281314766113,0
-1.1102230246251565e-16,0.27779187026418134,0.0003351838865998759,0.7462769191747227,0,0.0002066235758545212,0,0
0.0970322959977013,0.7879021960196532,0.0005626753009627587,1.4563189098363654,0,0.0017877457869089493,4.702720000280543,0
0.007290961477038782,0.24288303864629965,0.00039930859736484896,1.1000282201597318,0,0.0002587233339292029,5.661321380754227,0
0.0885426808908064,0.48274534425480004,0.0007398038654771035,1.4244102137804462,0,0.0018753490028065706,4.702720000280543,0
0.046156963367718816,0.2886293705334324,0.0012144295783135858,1.284686886190801,0,0.0015370875617897381,4.959939359101347,0
3.885780586188048e-16,0.27758466309012947,0.00032847010353610697,0.7494771671680358,0,0.00020469877460158105,0,0
-5.551115123125783e-16,0.27395944168247344,0.00035014100402297395,0.7623840799186143,0,0.00021495544273907865,0,0
0.09446718605299645,0.7795459701139716,0.0005446906436289057,1.5501795887433516,0,0.0018316318008306032,4.702720000280543,0
0.007393750703569811,0.24556056442161917,0.0004059570476552694,1.0788495400253422,0,0.00025960881464125277,5.661321380754227,0
0.044511964125443594,0.294636986949192,0.0010780097073864513,1.2348150144926313,0,0.0013016633668963729,4.743837514911936,0
3.3306690738754696e-16,0.2755369699149668,0.0003263210262738269,0.8280588558638255,0,0.00020364788193889065,0,0
0.09983809689135985,0.7724567363418499,0.0005392531210087937,1.5525053856805089,0,0.0017990769124402628,4.702720000280543,0
0.0038262691313136754,0.2686799634995209,0.0004407691138932292,1.041787025931479,0,0.00028484515042782594,5.661321380754227,0
0.05729798404263728,0.30742417669411265,0.0010988013306562244,1.2995625467743408,0,0.001813225115757005,4.730067070285055,0
2.7755575615628914e-16,0.2719393476947817,0.00033866256588433575,0.7511534375922253,0,0.00020716478447162917,0,0
0.08816465959152453,0.7713367793637556,0.0006817413372112511,1.4765919225798987,0,0.0011983613497370603,4.797171533079171,0
0.00736732076995875,0.24064513350528147,0.00041372702048718375,1.1031279457222185,0,0.00026419212483150034,5.661321380754227,0
0.06089150874558116,0.29461355938316147,0.0011915331749371852,1.2781951079016398,0,0.0017070742745111827,4.811281314766113,0
-2.220446049250313e-16,0.2659610433449216,0.00033665562686680813,0.758255302355145,0,0.00020291094830763724,0,0
0.09956556405521313,0.7754388698706096,0.0005352754842824698,1.5505697736089412,0,0.0018030076285965354,4.702720000280543,0
0.002964653878889282,0.25165766343207224,0.0004055047619673054,1.0651412445231214,0,0.0002609014625103207,5.661321380754227,0
0.062131751615014705,0.2943602065155797,0.001179587181041538,1.2892364110771013,0,0.0017166992991031816,4.811281314766113,0
0.05546412478677403,0.2937219786546553,0.0012506489857300653,1.3224036845791707,0,0.0017676032199795766,4.811281314766113,0
0.10001629545405674,0.47016850548963635,0.0005223802657910575,1.512428419897325,0,0.0015510024093561968,4.702720000280543,0
-5.551115123125783e-16,0.27051400752136295,0.00035102910998677673,0.7761054315548531,0,0.0002159795614708606,0,0
0.0071328488985850785,0.25346560536896734,0.00039302012107703723,1.0982856966781953,0,0.0002546727594586775,5.661321380754227,0
-1.1102230246251565e-16,0.2773872362744139,0.0003301326512332212,0.7799560361992673,0,0.00020741312948417627,0,0
0.10596431251066193,0.4760064638190562,0.0006350224634515699,1.4484814713978196,0,0.0017482552453162482,4.702720000280543,0
0.007926650982553015,0.24376977182723966,0.0004261428163740979,1.0926433650586136,0,0.0002775460557276421,5.661321380754227,0
0.05557710030050257,0.28614362529997134,0.0012333666540733058,1.2532433556392881,0,0.0018309061226834508,4.811281314766113,0
0.05870420574253236,0.2874121206884001,0.0012015382978231195,1.277973749860337,0,0.001711872763146149,4.811281314766113,0
0.082267364356809,0.7793889962651401,0.0006919862191691398,1.400508695527295,0,0.0018218218615133773,4.702720000280543,0
0.0,0.2713105825818899,0.00033199303055903793,0.7559253899499812,0,0.00020320005363125027,0,0
0.004467584360018449,0.25154178777104674,0.0004252025184863696,1.075626700525671,0,0.0002729998909763114,0,0
-3.3306690738754696e-16,0.2748914520049888,0.0003435477273274258,0.7548593405262418,0,0.00021082408622103227,0,0
0.09845932586186217,0.4649392363594247,0.0006860054056839088,1.4361238000898584,0,0.001908985668533583,4.702720000280543,0
0.007187681546428421,0.2649358217961359,0.0004015217955171973,1.0788004439725776,0,0.00025799774094412094,5.661321380754227,0
0.047718455772440035,0.30048426463394873,0.0011243272107051287,1.335356130677984,0,0.0012649457326912184,4.743837514911936,0
0.007521659251519312,0.24373178145615643,0.00041948670629830766,1.0851756375891184,0,0.0002669041023812547,5.661321380754227,0
0.0,0.2775394267483412,0.0003326749526554252,0.7650012445551782,0,0.00020558892295342263,0,0
0.08219311659723469,0.7742148553859383,0.0005742146312966099,1.5530618601956525,0,0.0018963245691854258,4.702720000280543,0
0.05420651563667579,0.2832581481249948,0.0011378344783429509,1.2640037468173346,0,0.0012386165414030735,4.959939359101347,0
-2.220446049250313e-16,0.2749651860451843,0.00031547411295833805,0.7591934670593129,0,0.00019576549372494193,0,0
0.08380304451684999,0.7733479473030888,0.0006682457784111423,1.4801660225244615,0,0.001149269153545254,4.797171533079171,0
0.007914480588356445,0.2368921499870139,0.0004443886972115522,1.0932649343685805,0,0.00028272579047536523,5.661321380754227,0
0.04716908901901566,0.28651216648511213,0.0010888526124136274,1.2227670503633363,0,0.0016784040495992285,4.811281314766113,0
0.00730301908045055,0.25631261725910104,0.00039495352242409403,1.0628575548942887,0,0.00025625969020820613,5.661321380754227,0
0.05683774251470448,0.30063600171554183,0.0011420091498041541,1.3292850588604792,0,0.0017282266219868685,4.811281314766113,0
-3.3306690738754696e-16,0.26435544274905204,0.00034425929458647937,0.7377196960455003,0,0.00020687583326820043,0,0
0.06939728963353295,0.7815878441876459,0.000552900885024779,1.5478971434547444,0,0.001962916667069689,4.678086959935982,0
-6.106226635438361e-16,0.2685418904692606,0.0003202734940290936,0.8124449364954148,0,0.00019885140301598088,0,0
0.11082683814963931,0.46835507563414736,0.0007050478299786872,1.4661985599776066,0,0.0019258207413146672,4.632901507826477,0
0.007978776769992372,0.24574173594170148,0.00043564743676653337,1.0594125898681903,0,0.000276563271142343,5.661321380754227,0
0.0682353494225389,0.29412901560849913,0.0012356882845389189,1.3113857911743203,0,0.0018084967739773962,4.811281314766113,0
2.220446049250313e-16,0.27962001406027615,0.00034272165375625306,0.7687153986751967,0,0.0002146910618803357,0,0
0.08977076121220529,0.783233547374604,0.0005801173782670984,1.4569627840195676,0,0.0017538241447574883,4.702720000280543,0
0.007596224628223097,0.2463694071407752,0.0004067647611388772,1.056063394751018,0,0.0002578193266841446,5.661321380754227,0
0.04763521432398374,0.28618559265059296,0.001179719783173932,1.3366315564782818,0,0.0018267619333097152,4.730067070285055,0
