[9.962962962962962],2
0,265,1
[9.357142857142858],5
5,131,4
[9.5],4
4,146,4
[9.466666666666667],3
4,139,4
[9.631578947368421],2
7,182,1
[10.0],2
0,289,0
[10.0],2
0,295,0
[9.366666666666667],5
6,144,4
[10.0],2
0,299,0
[9.961538461538462],2
0,252,1
[9.5],5
4,146,4
[9.961538461538462],2
0,256,1
[9.962962962962962],2
0,261,1
[10.0],2
0,321,0
[9.357142857142858],3
5,131,4
[9.280219780219781],3
6,124,4
[9.962962962962962],2
0,261,1
[10.0],2
0,291,0
[10.0],2
0,284,0
[9.962962962962964],2
0,268,1
[10.0],2
0,293,0
[9.333333333333334],3
6,139,4
[9.961538461538462],2
0,256,1
[9.961538461538462],2
0,255,1
[9.961538461538462],2
0,258,1
[9.962962962962962],2
0,261,1
[9.428571428571429],5
5,127,3
[9.4375],5
5,150,4
[9.925925925925926],3
1,267,1
[9.425],4
6,144,3
[9.466666666666667],4
4,142,4
[9.491666666666667],5
4,145,4
[9.4],3
6,140,4
[9.961538461538462],2
0,256,1
[9.962962962962962],2
0,264,1
[10.0],2
0,293,0
[9.5],5
5,148,3
[10.0],2
0,290,0
[9.285714285714285],5
6,127,4
[9.425],5
6,144,3
[9.962962962962962],2
0,267,1
[9.333333333333334],5
6,138,4
[9.376190476190477],3
5,133,4
[9.962962962962962],2
0,260,1
[10.0],2
0,236,0
[9.597368421052632],3
7,188,1
[9.96],2
0,240,1
[9.5],5
5,147,3
[9.962962962962962],2
0,263,1
[10.0],2
0,295,0
[10.0],2
0,290,0
[9.962962962962962],2
0,260,1
[9.962962962962962],2
0,266,1
[9.961538461538462],2
0,252,1
[10.0],2
0,292,0
[9.962962962962962],2
0,263,1
[9.4],5
6,141,3
[10.0],2
0,286,0
[10.0],2
0,301,0
[10.0],2
0,325,0
[9.438095238095238],4
4,133,4
[9.961538461538462],2
0,254,1
[9.397058823529411],5
6,153,4
[10.0],2
0,283,0
[9.961538461538462],2
0,251,1
[9.5],5
5,147,3
[9.961538461538462],2
0,259,1
[9.96],2
0,243,1
[9.428571428571429],5
5,129,3
[10.0],2
0,287,0
[9.961538461538462],2
0,256,1
[10.0],2
0,284,0
[9.962962962962962],2
0,264,1
[9.962962962962962],2
0,260,1
[9.962962962962962],3
1,261,0
[9.961538461538462],2
0,252,1
[9.483333333333334],5
5,144,3
[9.962962962962962],2
0,261,1
[9.96],2
0,249,1
[9.962962962962962],2
0,267,1
[10.0],2
0,292,0
[9.958333333333334],2
0,233,1
[10.0],2
0,301,0
[10.0],2
0,287,0
[10.0],2
0,288,0
[10.0],2
0,292,0
[9.96],2
0,249,1
[10.0],2
0,227,0
[9.642105263157895],5
7,185,1
[10.0],2
0,295,0
[9.96],2
0,249,1
[9.961538461538462],2
0,259,1
[9.466666666666667],3
5,141,4
[9.961538461538462],2
0,257,1
[9.384615384615385],5
5,121,3
[10.0],2
0,255,0
[10.0],2
0,283,0
[9.425],5
6,144,3
[10.0],2
0,321,0
[9.4],3
6,139,4
