[10.0],2
0,286,0
[9.925925925925926],3
1,261,1
[9.958333333333334],2
0,233,1
[10.0],2
0,290,0
[9.428571428571429],3
6,128,3
[9.961538461538462],2
0,259,1
[9.466666666666667],5
5,142,3
[9.65],3
7,189,1
[9.961538461538462],2
0,256,1
[9.666666666666666],3
7,201,1
[10.0],2
0,290,0
[10.0],2
0,288,0
[10.0],2
0,292,0
[9.96],2
0,241,1
[9.962962962962962],2
0,265,1
[10.0],2
0,324,0
[9.408333333333333],4
6,142,3
[9.962962962962962],2
0,264,1
[9.459558823529411],5
6,154,3
[10.0],2
0,277,0
[9.597368421052632],3
8,187,1
[10.0],2
0,310,0
[10.0],2
0,291,0
[9.433333333333334],5
5,145,4
[10.0],2
0,297,0
[9.475],4
5,143,3
[9.925925925925926],3
1,262,1
[10.0],2
0,259,0
[9.65],7
7,192,0
[9.639473684210525],3
7,184,1
[9.958333333333334],2
0,238,1
[9.961538461538462],2
0,251,1
[9.647368421052633],5
6,188,1
[10.0],2
0,295,0
[10.0],2
0,288,0
[9.586842105263159],2
7,184,1
[10.0],2
0,288,0
[9.58157894736842],5
8,183,0
[10.0],2
0,248,0
[10.0],2
0,287,0
[9.4],4
5,141,4
[9.68421052631579],3
6,181,1
[9.592105263157894],5
7,186,1
[9.4],5
5,141,4
[9.395238095238096],3
5,135,4
[9.4],4
6,141,3
[9.385714285714286],5
6,134,3
[10.0],2
0,296,0
[9.466666666666667],5
5,137,3
[9.692105263157895],4
7,187,0
[9.65],3
6,189,1
[10.0],2
0,290,0
[9.649999999999999],5
7,192,1
[10.0],2
0,294,0
[9.592105263157896],3
7,186,1
[9.433333333333334],5
6,146,3
[10.0],2
0,288,0
[9.375],4
6,149,4
[9.533333333333335],3
5,140,3
[9.958333333333332],2
0,237,1
[9.65],3
7,189,1
[9.333333333333334],5
6,137,4
[9.962962962962962],2
0,262,1
[9.962962962962962],2
0,264,1
[10.0],2
0,311,0
[10.0],2
0,293,0
[10.0],2
0,293,0
[9.350000000000001],4
6,142,4
[10.0],2
0,299,0
[10.0],2
0,265,0
[10.0],2
0,296,0
[9.962962962962962],2
0,266,1
[9.408333333333333],4
5,142,4
[9.4],3
5,141,4
[10.0],2
0,303,0
[9.466666666666667],5
5,139,3
[9.961538461538462],2
0,255,1
[10.0],2
0,296,0
[10.0],2
0,300,0
[9.429166666666667],3
6,145,3
[9.4375],5
5,147,4
[10.0],2
0,319,0
[9.962962962962962],2
0,261,1
[9.961538461538462],2
0,256,1
[9.408333333333335],3
6,141,4
[9.466666666666669],5
5,140,3
[10.0],2
0,306,0
[9.375],5
6,147,4
[9.425],5
6,144,3
[9.962962962962962],2
0,265,1
[9.6],3
8,190,1
[9.375],5
6,150,4
[9.578947368421053],4
7,180,1
[10.0],2
0,291,0
[9.925925925925926],3
1,268,1
[9.375],5
6,150,4
[9.5],3
5,149,3
[9.644736842105264],3
7,187,1
[9.466666666666667],3
5,141,3
[9.962962962962962],2
0,263,1
