[9.594736842105263],6
7,187,1
[9.636842105263158],4
6,184,1
[10.0],2
0,318,0
[9.55],5
8,191,1
[10.0],2
0,319,0
[9.644736842105264],3
7,188,0
[9.961538461538462],2
0,254,1
[10.0],2
0,260,0
[9.68421052631579],3
7,181,1
[10.0],2
0,283,0
[9.55],3
8,189,1
[9.649999999999999],3
7,192,1
[9.639473684210525],3
6,185,1
[9.592105263157894],4
7,186,1
[9.607142857142858],3
8,195,0
[9.644736842105264],3
7,187,1
[10.0],2
0,292,0
[9.589473684210526],3
7,185,1
[9.642105263157895],3
7,186,1
[9.592105263157896],3
8,186,1
[9.962962962962962],2
0,263,1
[9.65],3
6,190,1
[9.631578947368421],3
7,182,1
[9.592105263157894],5
7,186,1
[9.647368421052633],3
7,187,1
[10.0],2
0,287,0
[10.0],2
0,306,0
[9.557142857142857],5
8,193,1
[10.0],2
0,301,0
[9.962962962962962],2
0,260,1
[9.594736842105263],4
8,187,1
[9.600000000000001],3
8,189,1
[9.962962962962962],2
0,262,1
[9.7],3
6,193,1
[9.65],3
7,190,1
[9.961538461538462],2
0,259,1
[9.597368421052632],3
8,188,1
[9.962962962962962],2
0,261,1
[9.600000000000001],6
7,190,1
[9.65],3
7,189,1
[10.0],2
0,281,0
[9.962962962962962],2
0,262,1
[9.961538461538462],2
0,257,1
[10.0],2
0,291,0
[10.0],2
0,325,0
[10.0],2
0,287,0
[10.0],2
0,316,0
[9.647368421052633],3
8,187,1
[9.55],3
8,189,1
[9.961538461538462],2
0,258,1
[9.962962962962962],2
0,262,1
[9.592105263157894],5
7,186,1
[10.0],2
0,286,0
[9.607142857142858],3
8,194,1
[9.961538461538462],2
0,257,1
[9.642105263157895],3
7,186,1
[9.65],3
7,191,1
[9.592105263157894],5
7,186,1
[9.544736842105264],3
8,186,1
[9.58421052631579],5
8,184,0
[9.925925925925926],3
1,266,1
[10.0],2
0,300,0
[9.631578947368421],6
6,183,1
[9.594736842105263],6
7,187,1
[9.385714285714286],5
6,134,3
[9.600000000000001],3
8,188,1
[9.491666666666667],5
5,145,3
[10.0],2
0,309,0
[9.604761904761904],3
8,193,1
[9.55],4
8,189,1
[9.647368421052633],3
7,188,1
[9.631578947368421],5
7,182,1
[10.0],2
0,281,0
[9.65],3
7,189,1
[9.357142857142858],5
5,130,4
[9.542105263157897],5
8,186,1
[9.544736842105264],3
8,187,1
[9.333333333333334],5
6,140,4
[9.65],3
7,190,1
[9.600000000000001],3
7,190,1
[9.600000000000001],6
7,189,1
[9.55],5
8,190,1
[9.592105263157894],5
8,185,1
[9.65],5
6,192,1
[9.631578947368421],3
7,183,0
[9.961538461538462],2
0,255,1
[9.600000000000001],3
7,190,1
[9.609523809523811],5
7,195,1
[10.0],2
0,282,0
[9.570175438596491],5
7,176,1
[10.0],2
0,316,0
[9.7],3
6,191,1
[10.0],2
0,292,0
[9.75],2
7,189,1
[9.597368421052632],3
7,188,1
[9.592105263157894],3
7,186,1
[9.600000000000001],3
8,189,1
[10.0],2
0,296,0
[9.604761904761904],3
8,192,1
[9.639473684210525],3
7,186,0
