[9.425],3
5,144,4
[10.0],2
0,306,0
[9.589473684210528],3
8,185,1
[9.962962962962962],2
0,262,1
[9.961538461538462],2
0,253,1
[9.375],5
6,146,4
[9.6],3
8,191,1
[10.0],2
0,289,0
[9.433333333333334],5
6,146,3
[9.433333333333334],5
6,146,3
[9.961538461538462],2
0,257,1
[9.4375],4
5,146,4
[9.366666666666667],4
6,144,4
[9.385714285714286],4
5,134,4
[10.0],2
0,291,0
[10.0],2
0,247,0
[9.594736842105263],3
7,187,1
[9.408333333333333],5
6,142,3
[9.961538461538462],2
0,258,1
[9.5],5
5,151,3
[9.466666666666667],4
4,139,4
[9.96],2
0,243,1
[9.452205882352942],5
5,153,4
[10.0],2
0,296,0
[9.4],5
6,140,3
[9.6],3
8,191,1
[9.594736842105263],5
7,187,1
[10.0],2
0,280,0
[9.31868131868132],5
5,122,4
[10.0],2
0,294,0
[10.0],2
0,315,0
[10.0],2
0,297,0
[10.0],2
0,292,0
[9.333333333333334],5
6,138,4
[9.4],3
6,140,3
[9.433333333333334],4
6,146,3
[9.961538461538462],2
0,258,1
[9.4375],5
5,148,4
[10.0],2
0,317,0
[9.962962962962962],2
0,262,1
[9.604761904761904],3
7,193,1
[10.0],2
0,301,0
[10.0],2
0,306,0
[9.65],5
7,190,1
[9.542105263157897],4
8,186,1
[9.962962962962962],2
0,266,1
[9.649999999999999],5
7,192,1
[9.961538461538462],2
0,252,1
[10.0],2
0,293,0
[9.350000000000001],5
6,142,4
[9.341666666666667],5
6,141,4
[9.4375],5
5,146,4
[9.4],3
5,138,4
[9.466666666666667],5
4,142,4
[9.4375],5
6,147,3
[10.0],2
0,287,0
[9.962962962962962],2
0,262,1
[10.0],2
0,261,0
[9.961538461538462],2
0,255,1
[9.4],5
5,136,4
[10.0],2
0,294,0
[9.7],3
6,191,1
[10.0],2
0,284,0
[9.4375],2
5,148,4
[9.639473684210527],3
7,186,1
[9.961538461538462],2
0,254,1
[9.539473684210527],5
8,185,1
[9.644736842105264],3
7,188,0
[9.962962962962962],2
0,261,1
[9.4],3
5,141,4
[9.408333333333333],5
5,142,4
[9.4375],5
5,150,4
[9.609523809523811],3
7,195,1
[10.0],2
0,292,0
[9.647368421052633],3
7,188,1
[10.0],2
0,305,0
[10.0],2
0,296,0
[9.636842105263158],3
7,185,0
[9.479166666666668],3
6,143,3
[10.0],2
0,280,0
[9.961538461538462],2
0,254,1
[9.466666666666669],3
4,140,4
[9.457142857142857],4
4,135,4
[9.375],5
6,147,4
[9.964285714285715],2
0,270,1
[9.61190476190476],3
8,195,1
[9.4],5
6,137,3
[10.0],2
0,313,0
[9.964285714285715],2
0,271,1
[9.433333333333334],4
6,146,3
[9.428571428571429],5
4,127,4
[10.0],2
0,282,0
[9.962962962962964],2
0,269,1
[9.433333333333334],5
5,145,4
[10.0],2
0,305,0
[10.0],2
0,291,0
[9.962962962962962],2
0,261,1
[9.961538461538462],2
0,255,1
[9.956521739130435],2
0,228,1
[10.0],2
0,294,0
