0,0
0.9875290855253573,0.0728537596700034,0.6459360311819328,0.7396020058373675,0.6863407248022635,0.03762331721614444,0.8003743468427483,0.7962396094471565,0.5804658513419303,0.8250837295961062,0.2449490128806451
0.9036724726562924,0.846446903098718,0.09294661622530503,0.1892178623401642,0.12068083862955642,0.4095878755963562,0.10061957868649357,0.049385582970489006,0.9356341340235498,0.7969004887054396,0.4944570163713564
0.9423518440194582,0.176310335444268,0.3061180756455588,0.36621860052733896,0.29862391300299795,0.16524362716715718,0.43885608766430984,0.43600937230238,0.7842708140567153,0.8034509509010481,0.4079014276988118
0.9740033071542655,0.12105716306336761,0.4713422901516085,0.5536600917043105,0.47174560332455073,0.06839357833123728,0.6831903178019397,0.6757696127110228,0.6554070470595879,0.8350104959302248,0.2778748441872118
0,1
0.9716299218114228,0.12634738213704053,0.4736769930810945,0.5508150357055286,0.4652107503818531,0.06979334734794082,0.6605368425516276,0.6536193414161704,0.6626610352752502,0.8295534583685096,0.2900154575029489
0.9036643763049292,0.8488771314708852,0.09158012187794995,0.18871835939380727,0.11980728211094732,0.4104066485245681,0.10023550477821663,0.04785142744245774,0.9361839829676458,0.7970017831062415,0.4925764694798481
0.9875823048923985,0.07323726256815946,0.640747883852995,0.7357896478521591,0.6783047502001751,0.03801373670956068,0.8023786962120658,0.7974472807991119,0.5807242846529959,0.8255990952524572,0.243926382562896
0.9414327286016099,0.18590477546507606,0.2855035128805622,0.3488669700859318,0.2844118844118844,0.17658966340188878,0.42979288369622937,0.4283018867924528,0.7915099800691742,0.8038649359228951,0.4087715314143423
0,2
0.9748758749365212,0.1200584494830581,0.44307131848115455,0.5332008682625621,0.4541602746730952,0.07308813409380487,0.6933403234518476,0.6891307853572004,0.6575804285078003,0.8398960202711468,0.27428979756974325
0.9863867808511496,0.07788037620488547,0.644870605217033,0.7351560402226649,0.6723467541077603,0.03809969167159881,0.7871571859437471,0.7810727423756971,0.5841920806848319,0.8234994056220977,0.2476419286464002
0.9036478688913208,0.8445668394078483,0.09180327868852484,0.18860758879118095,0.11968749082151137,0.41184102833655845,0.10002682711838407,0.04790896712701853,0.9359189196620851,0.7969415584975414,0.49374186200947184
0.9426428186770321,0.17886293163196681,0.3130295933574623,0.3740432420488883,0.3068413068413069,0.16083114162837261,0.44011007579780814,0.43577554520950745,0.7795608423173077,0.8036264899249543,0.40602101946656716
0,3
0.9876464026025423,0.07287119749501006,0.6487280949689093,0.7439209553699659,0.6892818547990962,0.037096975932183154,0.8028073323932831,0.7993233571893299,0.5781360986515377,0.8251464250413774,0.24347278904250638
0.9036719618683096,0.845220207216167,0.0923442622950818,0.18888327809538996,0.12005698005698001,0.4109500485337693,0.0992193308550186,0.04879245283018874,0.9356355149774342,0.7967848473834847,0.49462823471867046
0.9744312103081624,0.11900346137530651,0.47624509131708526,0.5580878278084155,0.4728044804090432,0.06733562718605915,0.6813575133927939,0.6766052084080636,0.6549708548970191,0.8333650019012911,0.2796211308198208
0.9420317248658542,0.17773087293019113,0.31700680272108844,0.3757278810183291,0.3111421206659303,0.1598706356968045,0.4358040614015123,0.4340649467334103,0.7790371790899396,0.8017764399026368,0.40800886572794137
0,4
0.9412369256571187,0.1860614834691217,0.3106856527462008,0.36908107006077606,0.304427392018633,0.16395119326322194,0.4224893495780533,0.4180966808979478,0.784679395211897,0.8019740681001509,0.41106275133959413
0.9872815065811917,0.07392709555869631,0.6389536975178581,0.7333547623730731,0.672373603408086,0.03837835232137313,0.7982892636142216,0.7940971195362867,0.5822195823787679,0.825459621025763,0.24293833754504612
0.9727192024436297,0.12677148142246533,0.455621530915193,0.5376092833478392,0.4560199205868498,0.07324853030977138,0.6728185463805871,0.6669737037587282,0.6636031134187854,0.8343598744247611,0.2845292481413549
0.9033065033687863,0.8507896486406885,0.09213114754098367,0.18905709897834938,0.12037786774628878,0.4100577834183906,0.09759342594404213,0.04587884806355491,0.9362028378290852,0.7967540207736141,0.49546147323065654
0,5
0.9741815111492921,0.1221436510206419,0.47233291298865077,0.5553259841646359,0.4719482796405874,0.0679274803310514,0.684114955676294,0.6777503628447024,0.6546901139484254,0.8344453332262148,0.2796442688762438
0.9036854203770012,0.8412161626097812,0.09200504413619176,0.18872680837919464,0.12049090510628968,0.41256677486880805,0.10073396244399968,0.049830672472181814,0.9351909135864844,0.7968335426757036,0.49451459481665905
0.9430821863059423,0.18015949805609172,0.30945775535939474,0.36933945924400735,0.3009350573453138,0.1639773325683206,0.4480507101324945,0.44107402031930326,0.7813663946845136,0.8044535884056604,0.403498414936777
0.9873099698434901,0.07433334788757037,0.6462873674059785,0.7408894404503026,0.685150681690474,0.03762078641853481,0.8010573571217249,0.7942939217862506,0.5800984107466655,0.8247732283938108,0.2442139444521012
0,6
0.9437003065897177,0.17999613067730194,0.30845901639344253,0.3690403733073144,0.3034567901234567,0.16453092537720101,0.450631970260223,0.4434213836477987,0.7802612501709776,0.8049548012791284,0.40044832312698103
0.9739399731383411,0.12268591183762789,0.46769527483124396,0.5484884599498642,0.4673035025976203,0.06920790284030236,0.6822800495662948,0.6761968183499815,0.6561148792713659,0.8356072443642019,0.2784407814301668
0.9034968131978967,0.8431281866658662,0.09177049180327862,0.18858261922582698,0.12035612535612539,0.4130578829058955,0.09940520446096662,0.04886792452830169,0.9357883668444836,0.7966696367784085,0.49409651760343404
0.9871648460017544,0.07440048325631468,0.6468796888024453,0.7397762337752305,0.6795113235791204,0.03766848275037965,0.798386995148384,0.794563479373201,0.5815903131802803,0.8240444613495107,0.2456829226356446
0,7
0.9040620621351398,0.850617695577004,0.09283515020387778,0.18958695717730067,0.12091630873356768,0.40604106037274135,0.0996735417885381,0.04806053060051729,0.9355486691009401,0.7970907785572795,0.49225245445928345
0.973535974900519,0.12233923184355314,0.47051702395964695,0.5514412951115865,0.4675542406311638,0.06889869607249795,0.6780669144981413,0.6717126269956457,0.6562379659732984,0.8337413574347718,0.27939469862440536
0.9872482943013038,0.07393926543002985,0.646752510068637,0.7399428829928116,0.6764755173059673,0.03754565674471788,0.7993208217028338,0.7942286348501664,0.5808754311060897,0.8241316575491615,0.2471199940315867
0.9436492779739162,0.18251375418269677,0.3098786459442197,0.37216464386008485,0.3024383024383024,0.16169002015660847,0.44433447593298897,0.4397941680960548,0.779546853433807,0.8046808471924252,0.3990126386727271
0,8
0.9734716772884059,0.12365756646038428,0.47047266696434265,0.5479137968505018,0.4664715598567739,0.06950596340178082,0.6802829328974584,0.6718302620952941,0.6574402571254785,0.8343801270684921,0.2783270488361429
0.903213035863079,0.8411618946005586,0.09071038251366148,0.1875909593841823,0.12032137958063904,0.41710963360856074,0.09608386931807034,0.04731955675351879,0.9364729272915595,0.7962302288402188,0.4974351143843661
0.9431685777713081,0.17401810085536468,0.3092543627710206,0.37157125942211305,0.30157154673283704,0.16067495723425082,0.44386617100371756,0.4417041996348143,0.7817021192105602,0.8046629194792553,0.40606358891955563
0.9873215064766733,0.07429674882363824,0.6470310872306595,0.7412338940183618,0.6828459537489638,0.03750970077363565,0.8000273526376642,0.7960497255000942,0.5809504873995267,0.8246974217301252,0.2463140497621312
0,9
0.9035434744860052,0.843804553695573,0.09208565377676708,0.1887075961392683,0.12051690999059422,0.41220423244778864,0.09919780864801431,0.04856910715897861,0.9355384885723118,0.7967081063477413,0.4949028452858196
0.9874045993179711,0.07324613570309038,0.651242541852517,0.7439668491089282,0.6872338497780196,0.03723912986181632,0.7996768557804719,0.7932528835255686,0.5797873188810334,0.8243315989469367,0.24652320885558393
0.94331721974681,0.17757236444502558,0.3087890005288208,0.369366869900772,0.29999080966822905,0.16195562250121126,0.44487348602949994,0.44058429701765056,0.7817011264510859,0.8046167787477992,0.40337825603921923
0.974958481487288,0.1187970641103509,0.4693837879867816,0.5523145866002294,0.4672252063556412,0.0686068294191981,0.6901567803458863,0.6846148109478707,0.6550337274008595,0.8357138467088834,0.27679088306965915
1,0
0.9874310795867496,0.07402818313676524,0.6505144149236857,0.743930836713659,0.6853620198447785,0.037128113295962606,0.8004486604281504,0.796291476903058,0.5792601134803974,0.8239029257433363,0.2458979120857438
0.9033796066171416,0.8430452975604925,0.09216757741347897,0.18841798438692076,0.12004662004662003,0.414035109447391,0.09870076226953534,0.04888507718696444,0.9358065679362381,0.7965927430409319,0.4955567219217132
0.9743534816590779,0.1216296635884388,0.47210573135087053,0.5540040081049685,0.46859471278075937,0.06824524186886095,0.6821993602489842,0.6761883867193214,0.6551687803978098,0.8349306532574466,0.27751552190666495
0.9446130996170602,0.18355200180286352,0.311943793911007,0.37116698527738445,0.3036778036778037,0.16250394772286053,0.4489933857963598,0.44476843910806174,0.777852866255618,0.804324337183795,0.3969995947439826
1,1
0.9870692158348291,0.07466424566241037,0.6468010018214936,0.7384851340886964,0.681772317188984,0.037735493440845605,0.795732651796778,0.7892295597484273,0.5819208284890366,0.8246007892974684,0.24646899234731362
0.9037901069983234,0.8444774802280066,0.09188524590163916,0.18888642712019604,0.12041310541310513,0.41080291458056595,0.09895910780669193,0.04873584905660372,0.9356024312679553,0.7967735224154172,0.4939294980211488
0.9418017810536758,0.18005125891634977,0.30754098360655735,0.36908718655904443,0.301259075452624,0.16433056358500575,0.4365271615301595,0.431819841752891,0.7826422624326603,0.803475475146399,0.40768699238789174
0.9734721025274063,0.1231157856208788,0.4656375582062895,0.5444898313551864,0.46215925593357504,0.07126949948295586,0.6785760779945902,0.6708024374128183,0.659971156410017,0.8330007608081351,0.28263958039895637
1,2
0.9872940892218994,0.07397214482264342,0.647933977094094,0.7425138874031582,0.6858584084611483,0.03744807201613545,0.799485664816418,0.7938485396743344,0.5805265287997274,0.8238428572745314,0.24655775440503186
0.9034071759343159,0.8515437904911546,0.0922643442622949,0.1887201120416402,0.11943554131054113,0.4105104746730356,0.09795151796778184,0.04638364779874177,0.9365644448433894,0.7967726435436209,0.49399509749925474
0.9430551411196503,0.17647179540440716,0.31488183947200343,0.3737149165277375,0.3052318052318053,0.15992250188760865,0.4432482016125138,0.43783386424895854,0.7804584623419282,0.8039633551776294,0.4063636482721408
0.9744974378857951,0.12059670506668055,0.4684770366662495,0.5510880308000471,0.4690089384745874,0.06871637832394896,0.6843128352109877,0.6792020740313984,0.6556500530936882,0.8349490639865679,0.27576718239977005
1,3
0.9741469050619516,0.12358413698848061,0.4414848936458474,0.5303325595636601,0.4497657224929953,0.07423930335991326,0.6871332452609911,0.6824886948386091,0.6608846654706899,0.8391067442381107,0.27670965124848873
0.9035518929887826,0.846108640382877,0.09188778097008615,0.1888900489079562,0.12015742943578006,0.41046625599496067,0.10088912735216338,0.048006224469947956,0.9355667459145757,0.7970076915950313,0.4943821751181558
0.9406765386522399,0.1822569582174105,0.3058580763498796,0.3640618338590448,0.300958300958301,0.16856258587636946,0.42090623131515326,0.41826098429872016,0.7858804101110239,0.8018622401377139,0.4110420506581829
0.9865210609340525,0.07696669936380984,0.6438384147898474,0.7347350318138465,0.6709268578427459,0.038042589078843544,0.7890653047516474,0.7821077999177097,0.5838681502843639,0.8240761649311218,0.24830237244137726
1,4
0.973958565635659,0.12210896196166895,0.47054110686552447,0.5519578998417064,0.46594049225628176,0.06949408683146516,0.6837493361656931,0.6766775429138885,0.6561646730696273,0.8335856456665195,0.27994385789579107
0.9035221011322002,0.8522556857235003,0.09188403456351413,0.1890766483715946,0.12019143053625797,0.4085472535448401,0.09837566612339099,0.04624965145459636,0.93665973669476,0.7969486738883771,0.4938825583189569
0.9875744182550228,0.07255970520137545,0.6481324995774886,0.7425536120510263,0.6871383675507388,0.03742595286474762,0.8048391011637861,0.8013226998638397,0.5799392103693506,0.8248581279596311,0.2447558701585832
0.9411608104903761,0.18762207006043366,0.3003044496487119,0.3625463426431485,0.29533984533984536,0.16650741143499392,0.4307753584705258,0.4280323450134771,0.7854413359516995,0.8038152364203401,0.40887069163841583
1,5
0.9866103935332329,0.07569448653392172,0.6470451325642583,0.7384769410864381,0.6733583060743558,0.03784364683814638,0.7910872458580016,0.7844863731656183,0.5834186626443176,0.8232091184830223,0.24755360258715337
0.903482497454769,0.8465967202299205,0.09158469945355213,0.18843974597117608,0.11978961209730415,0.4120070973269093,0.09892288628348134,0.04708272859216245,0.9360000210431095,0.7969066022199859,0.49523800832747256
0.9738894791260115,0.12353857611590671,0.44032654144819805,0.5279672680836354,0.44973874528530405,0.0754852653007026,0.6882290083229234,0.683416087388282,0.6630582583949558,0.8377942530788429,0.27706562431631515
0.9396891190338839,0.18314929998493848,0.3159285539515537,0.372450926661524,0.3063315899136795,0.16455197192742732,0.4151362148365977,0.40971557307800616,0.7842220983715015,0.800239873757654,0.4195579815947389
1,6
0.9426834082549486,0.17382733904924644,0.3111279991314732,0.37331463541142806,0.30618290220939226,0.15998525209478445,0.4423545631354784,0.437510933399975,0.7821329286088935,0.8044366134533915,0.4055086836608071
0.9873978730686794,0.07332870604797928,0.6472153604311701,0.7423944391604692,0.684941263708387,0.03732389450081254,0.8026302388348526,0.7992762987852158,0.5793712162944575,0.8248412300372455,0.24547100309898137
0.9036381076004272,0.8460295687610009,0.09294661622530453,0.1890003193473378,0.12065161808751546,0.41014460574335904,0.09901820608140338,0.048243831640057966,0.9358177351304172,0.7968787718072625,0.49483964329151764
0.9742925362626561,0.12078736463077788,0.47418345638843695,0.5557124406268021,0.4715099715099716,0.06777626809827958,0.6832912398195181,0.676969609678813,0.6532996003094803,0.8346590977868051,0.27810531409204653
1,7
0.9738763058758405,0.12160174326471446,0.4731085678935973,0.5549272316848107,0.4702359834435307,0.06812488071392361,0.6799887774426598,0.6739195443218227,0.655674700567511,0.8338529365240288,0.2801222931602495
0.9034904026870079,0.8436171184288912,0.09058014100059464,0.1880679602927271,0.12029287158820834,0.4149802053162412,0.09904270277558452,0.049525857855117705,0.9357187125936313,0.7965938611669586,0.49494359815814715
0.9434869444820487,0.1813098117218202,0.30585169905547716,0.36871961769060946,0.30240938850210375,0.16427919655550646,0.4453088456141214,0.4396351368236911,0.7820694073431965,0.804881156200145,0.40131964021669997
0.9873252288594963,0.07445689788030979,0.6437496479071603,0.7388094209771872,0.6815088945673138,0.03771128297338114,0.8007894837695934,0.7966024768203332,0.580692911542699,0.8252527023345582,0.2456994449882096
1,8
0.9430301341423102,0.1744757703278384,0.3115357537966409,0.37242422415967824,0.30512296156467933,0.16111503239868083,0.4449791319816635,0.44187984720453743,0.7806106522401348,0.8035995801794319,0.4053093520237785
0.9036695924941933,0.8405386028626687,0.09300321108669929,0.18922848511244494,0.12133227597145135,0.41147544502016664,0.10094661403441535,0.04942618167671692,0.93503346179391,0.7966293023493658,0.49402511425875817
0.9741273292869911,0.12052230101790459,0.4767390341160833,0.5568910867637463,0.47476047476047484,0.06765593630823014,0.6814456517058748,0.67528229037663,0.655042594619946,0.8341126570387186,0.2790074936447561
0.9873513484021975,0.07436739988190191,0.6444008312168092,0.7396303983214627,0.6841218249668957,0.037635032890713044,0.7994397612440443,0.7952830188679246,0.5803564978298201,0.825086141194135,0.24473327930813224
1,9
0.9878238002412131,0.0722377004149739,0.6499141859501688,0.7423852277191885,0.690106657615683,0.03742965231636011,0.8026787272019646,0.7976159662148354,0.5795075616733025,0.8245345883136813,0.2422307549111285
0.9038333954613152,0.8428999228448155,0.09183690626313556,0.18870331156855358,0.12033019212506407,0.4115308638093965,0.09951386903059789,0.048824383164005836,0.9356806918973543,0.7968466400651291,0.49391603718611
0.9443608128704515,0.17911673833772943,0.31069182389937106,0.3723720857896914,0.3045028579619775,0.16109114709346822,0.45299385097379063,0.4507416637000118,0.7794370978855871,0.8043078242717739,0.3982301759373945
0.9741171369953534,0.11923236669715928,0.4797489182765555,0.5588674011996602,0.4723943274129148,0.06708086707843605,0.6817346360608615,0.6763695027004278,0.6534978865171868,0.8340570704480952,0.27877696655880047
2,0
0.903851420221838,0.847879569345391,0.09317497490799609,0.18941690089843705,0.12050119192976338,0.4080578959385942,0.09995447993323725,0.04842125529457075,0.9357157512163696,0.7969125809808033,0.4928368921908818
0.9737169756879355,0.12265451558652551,0.46759811227024345,0.549923080562576,0.4665026331692999,0.0691351739010623,0.6801284217641095,0.6735420240137222,0.6558223676029914,0.8347598832785771,0.27822782540864155
0.9420252268166951,0.1742476646240708,0.30705921712947476,0.36969648814427325,0.30230439754249283,0.1637167587991567,0.448195635131376,0.4445899114362726,0.7831500060015824,0.8042921962187857,0.40794887684274395
0.9873498095840104,0.0737263657317242,0.6425334303138811,0.737573901818001,0.6800754548194822,0.03776636905332732,0.8017432787342834,0.798660570545431,0.5810830540543208,0.825514482733375,0.24473974136710686
2,1
0.987271055984883,0.0737598809534789,0.6415441565309358,0.7346147255999296,0.674138406396471,0.038125788982752,0.7973498021345484,0.7919293974437005,0.5821801328974034,0.8255604285716074,0.241518981981683
0.9033826341366392,0.8450930180885811,0.09095448115170202,0.18848442892879763,0.12003413018641446,0.4130234139454647,0.09922065178419781,0.04817546212048657,0.9361644403433556,0.7967585996708372,0.49496084221199466
0.9725749057788764,0.12736478515344396,0.46185165278151036,0.5407321291875485,0.45594554201111587,0.0722410394685489,0.6754982022061063,0.6701051654809773,0.6623578102612075,0.8341569216536485,0.282603278654868
0.942117798205818,0.1808174299515144,0.3062823192870504,0.36712674478085905,0.3017266104514428,0.16590551567172723,0.4324991891419875,0.4261111814613143,0.7839463885897802,0.8037098454155301,0.40799940189000594
2,2
0.987247212976968,0.07528275323245062,0.6484367077911104,0.7407516550137442,0.681890719691407,0.037576188976400096,0.8002401665836303,0.7951630681449782,0.5808561312074607,0.8243958364661786,0.24622593704587337
0.903140821437797,0.8448707619360325,0.09223468507333904,0.18867483093132575,0.12106762633078444,0.41345568503869257,0.09739776951672868,0.04744786494538217,0.9360916139343047,0.7964728859742725,0.4961543281360889
0.9432724200939541,0.18120628770369362,0.3103825136612021,0.37021666620248306,0.3034188034188036,0.16300613562712943,0.4445821285969985,0.43948287910552053,0.7794789814434895,0.8041384587220947,0.4028110029215479
0.9742758684677968,0.12220010361190647,0.4744402628053837,0.5559909491684748,0.4723025929251611,0.06739315911403164,0.6837255724473117,0.6773511489611628,0.6529985598163227,0.8347344552809547,0.2770986289003571
2,3
0.9441362283259088,0.1792412059542009,0.3150521609538003,0.37559302155332824,0.30617530617530614,0.15795535822101672,0.44537247139477626,0.44185248713550596,0.77848836124893,0.8044258916608034,0.4000411588273633
0.9038264523233224,0.8426800095048512,0.09227649146526967,0.18876201057265196,0.1198196610567746,0.41133396500091113,0.10039090943931328,0.048648122933281635,0.9354937729759025,0.796906867481488,0.49389172491496197
0.9876515798485472,0.07293324515044194,0.6468542312804607,0.7406244656788878,0.6870716870716873,0.03750554030581109,0.8024213804882949,0.7973355430902599,0.578886937306615,0.8245567005744192,0.244364508402797
0.9744311671270666,0.1207819297407543,0.47094006147540984,0.552281495178592,0.4696625712250713,0.06880809284637784,0.6860042983271376,0.6817069575471698,0.6551001247050697,0.8358067475939178,0.2771528602447922
2,4
0.9870839432296269,0.07497269175424509,0.6477514399645548,0.7400241981319654,0.6781974281974281,0.03759075918413558,0.7963176931578417,0.7920066292707802,0.5821102249664537,0.8240657112698658,0.24586866371745533
0.9041350787519353,0.843660253440565,0.09262715426649842,0.18904261184976257,0.12050551537731047,0.40940991844230834,0.10063864264607775,0.05004354136429606,0.9353019159748771,0.7969246640100976,0.4927088036501306
0.9417197091190463,0.17909456529067616,0.3064363516338431,0.3677477553883671,0.300866173349395,0.16405391208581716,0.43332252189316633,0.43001139673293653,0.7831022987334546,0.8038930005947424,0.40859816744212085
0.9736972940382989,0.12264454498191943,0.46509457755359396,0.5468983638919633,0.4643217181678721,0.07043964324732178,0.6791535601944524,0.6738606676342525,0.6585486963795356,0.8335693145286716,0.27969293802019624
2,5
0.9439887931486486,0.17383357671863334,0.31449354033221144,0.3753180325709743,0.30727722118450607,0.15823379033005666,0.4570521184667274,0.4520304885667874,0.7771565299861161,0.8042086478527463,0.4007268734122918
0.9874771997879678,0.0727495333909097,0.6470211915233905,0.7414964758684439,0.6861629788459057,0.03747295619696041,0.802106135771926,0.7977253303530338,0.5793837456517499,0.8250148860529049,0.24460466321217372
0.9037424749303008,0.8475102156739798,0.0912459016393441,0.18878152399171766,0.11975783475783464,0.41047729130479205,0.09862453531598514,0.04824528301886771,0.9356355149774338,0.7968375179270247,0.4938613054865093
0.9744027781123976,0.11997556006697757,0.47493430108872486,0.5559874229626869,0.46975924838520267,0.06770972672114511,0.6834898833678594,0.6772000576119831,0.6546441705012128,0.8340601067358024,0.27924126021070594
2,6
0.9719799320998153,0.12587026683738622,0.4656234475906607,0.5464530102047578,0.4630277130277131,0.07051600608104129,0.6638503999098795,0.6560034305317323,0.6627468649357776,0.8315032718579396,0.28753820848362577
0.9875866438810155,0.07216373432352313,0.6421407907425264,0.7363185025967875,0.680380984302553,0.0380179105803283,0.8011516874407754,0.7973362930077692,0.5803866923598893,0.8259596012875267,0.2445948087519677
0.9035491010078126,0.8449722377582021,0.09192097519966375,0.18854367813464445,0.1201986996858791,0.41192961358997915,0.09907539796015613,0.047682631833575184,0.9359821344023256,0.7967560163812003,0.495273306511563
0.9417853899285936,0.1899383590140663,0.2862416514875532,0.348398155861511,0.2834652316133798,0.1756907310907515,0.4316122814264078,0.43141858839972036,0.7917430356084464,0.8049440877246566,0.40385029454543725
2,7
0.9748631588727918,0.11892315089117533,0.4702069751250079,0.5546845784648042,0.47105347105347106,0.06795521637914602,0.686469262677441,0.6790704451081809,0.654472633134925,0.8357782163513559,0.2788437914880326
0.9034193220901379,0.8456644318430986,0.09151111832494718,0.18832176480917662,0.11989788722462003,0.41350600716043806,0.10011410062939385,0.04840276480478217,0.9359183097218241,0.7967980656402374,0.49519840910691354
0.9877777204981306,0.07295599692274041,0.6478454332552692,0.7441614006847078,0.6884717134717135,0.03727954538819715,0.8036245353159851,0.7985714285714285,0.57906255495633,0.8246449192434867,0.2436520713298398
0.94375663400929,0.18293290821514868,0.31052685843901434,0.36955271723758787,0.3010804708917917,0.16233164196119482,0.44520820181898946,0.4410822356710573,0.7808332881700641,0.8038980015429628,0.4012093956311896
2,8
0.9033919032425892,0.8485271683422497,0.09167147211467197,0.18859151436581678,0.12038826611690934,0.4115001286189811,0.09913881676038178,0.046762112449037385,0.9361322410163276,0.7969062459770242,0.4941302048617895
0.9873323709048475,0.07351878701260611,0.6418495724633733,0.7365799283010005,0.6759898155246995,0.03792648020782874,0.7976880040509331,0.7927411772080486,0.5816470402992641,0.8252413411932573,0.2462981417546453
0.9409511857602051,0.18200741244001373,0.2854961832061069,0.35009027526364966,0.2834214131924056,0.1757101841748323,0.42989301626039333,0.42765375198041183,0.793685610201508,0.8040801236950095,0.41441195246455764
0.9715221885838405,0.12625342747490098,0.470778231458346,0.5487585427286178,0.46583844353361087,0.07020940075656089,0.6632440126587527,0.6547099670337377,0.6613576629197051,0.8312620892588599,0.28928688311756623
2,9
0.90353901802751,0.8445956104166812,0.09272540983606553,0.18911455839630004,0.12112713675213677,0.4110328645992982,0.09828066914498124,0.048801100628931005,0.9356064491861604,0.7966344352572403,0.4950280756343618
0.9743876522169742,0.11882151553341685,0.4746686765906664,0.5544513294168021,0.4710242219820765,0.06813768322745747,0.6844136791579427,0.6766428106701367,0.6553369037680606,0.8335800006869827,0.2777117329431315
0.9873034647190313,0.07414649357191627,0.6471952715512432,0.7417815042586642,0.6859798050274241,0.0374714844556398,0.8001921958374428,0.7953151071749454,0.5799206325944429,0.8244147851364548,0.24731183058896627
0.94283333288049,0.17940413267427657,0.3109611057537769,0.37167843247256893,0.30461985363946154,0.16304792071114743,0.4352115071555265,0.4305833025033913,0.7809904361142648,0.8031002708913473,0.40495553342124674
3,0
0.9745945098809985,0.12140120701547652,0.44645037382536523,0.5301869291822403,0.4513821835997569,0.074774068410277,0.693067458897824,0.6895081708376094,0.6627532651263749,0.8380285207873375,0.2767069997691721
0.9032790421437786,0.8468248585653255,0.09111743057878863,0.18873097470187616,0.12116983545554971,0.41242775975210777,0.09872164479174567,0.0479784366576822,0.9360839586142239,0.7966200442289219,0.49538966129044903
0.9862225285790995,0.07744977680835011,0.6502419984387198,0.7391976275595609,0.6728711617600508,0.03774313512742046,0.7839499616451289,0.7779814315663371,0.5855327262898065,0.8215390526832151,0.25068377146616905
0.9422686610909716,0.17767679822502808,0.31844808743169395,0.37786463504509005,0.31327635327635334,0.15730816389087562,0.4350929368029739,0.4321761006289308,0.7781668034468634,0.8029807391927809,0.4042588512075397
3,1
0.9739203128462558,0.12225494812954157,0.4662503252667187,0.5480369213271004,0.46814091258535706,0.06923041133281757,0.6777453236561043,0.6697364480383348,0.6568003774482047,0.835175771204891,0.2790144438925223
0.9033362704506435,0.8435264394890267,0.09181983772147706,0.188437339577126,0.11993150882039777,0.4138219195118653,0.09783710713078753,0.04800838574423427,0.9358998271595753,0.7965180116835833,0.4960016332342836
0.9872946818149001,0.07394319297741098,0.6471270077827456,0.7412557383020872,0.6805183842220879,0.03748702583892123,0.800695930807455,0.7950193761514515,0.5810433012936109,0.824908637784389,0.24382708082526927
0.9443949906334166,0.18097302753640665,0.30866816672023994,0.36889437213480103,0.30195706012699486,0.16373427202017346,0.4483805913939306,0.4422000246639536,0.7813343980732791,0.8049305224773805,0.4018806246778309
3,2
0.9040471716939332,0.8433548447360345,0.09240857503152583,0.18906586717186558,0.12062239754547449,0.4098308064334425,0.10063864264607758,0.04979196903725208,0.9351840745767731,0.7968391934829353,0.49273454207880474
0.9741984470110534,0.12005377032972725,0.4727794053481269,0.5554287527864545,0.47007463737501765,0.06780552187448158,0.6835484190142338,0.679159193629385,0.6548928433793987,0.8351234760301254,0.2790038771071878
0.9871876408186053,0.07465428802610014,0.648248371884123,0.7425969218380748,0.6841802287007768,0.03740030806871286,0.800096756123644,0.7969371930731456,0.5800013069066521,0.8247124475022517,0.2474011989215032
0.9433477798007522,0.17730657874489897,0.30845901639344253,0.3709948041847285,0.3023741690408358,0.16145064881986307,0.44168525402726144,0.43969811320754715,0.7826880727670658,0.8039842508535269,0.40528629084548934
3,3
0.9875641558819042,0.07290848699364225,0.6435676576826896,0.7375757184795414,0.6817422376744411,0.03786590825255917,0.802709344086699,0.798401023345059,0.5806108858488156,0.8254934056182264,0.24513877001335868
0.9041444052822494,0.8450531767091463,0.09255737704918054,0.18927461361467512,0.12027065527065545,0.4082476116276694,0.10079925650557608,0.04964150943396195,0.9353746922445656,0.7971172411125408,0.4927946354120697
0.9414626063772414,0.17236490044224803,0.31023482498892335,0.3705974271351805,0.3028028028028028,0.16407089244143497,0.43717974480056265,0.4345996940336562,0.7841400592221297,0.8026413342726278,0.41147575480979814
0.9734685123555302,0.12251232061274522,0.4766855903552976,0.5545614902166844,0.4698194153447072,0.06825708604958773,0.6755818494785414,0.6683943910138757,0.6558318258239964,0.8321679192914466,0.2804489032762119
3,4
0.987683000729198,0.07233742242818048,0.6460154826958107,0.7376007963240666,0.683800253244698,0.037906629968325334,0.8037613589425859,0.7985980083857444,0.5804602368577048,0.8255161518824041,0.24306305917980053
0.903571367993451,0.8452144745651817,0.09243252194071866,0.18866145033317283,0.11996028662695357,0.41185237993504065,0.09890728849836639,0.04787497617686298,0.9360946353149909,0.7967863745963416,0.4938871024342423
0.941939535534901,0.17836852753570737,0.3070524810210144,0.3713765299755235,0.2994321115126484,0.16182240446339238,0.4401337291983733,0.43758389261744957,0.7820437439584947,0.8051205505971953,0.4080892652300831
0.9739692892611954,0.1231040027416167,0.4719455613980823,0.5514024494996275,0.46760199967747146,0.06893038705560511,0.6804517079329453,0.6735920256318974,0.6558701930149214,0.8347159857095697,0.2772299100537889
3,5
0.9032689377170917,0.8435303040250447,0.09147882513661187,0.18850610434397552,0.12045940170940184,0.41379748007561046,0.09928748451053321,0.04834905660377348,0.9356056477397099,0.7966227879178607,0.495535809243664
0.9739661301688768,0.12183777934341322,0.4726607818411097,0.5554787405024588,0.4712579443348675,0.06808875195510523,0.6829568201315415,0.6765166908563136,0.6531022142609156,0.8346856152018418,0.2785947271507907
0.9430006398903901,0.17999353104554097,0.3068429402432575,0.3672122622805626,0.3008547008547009,0.1653074189922774,0.44197145940760285,0.4362264150943395,0.7820992230002539,0.8039859177506885,0.40454185081395294
0.9873323151347603,0.07348017850387087,0.6470206456666479,0.7404558226210266,0.6852970061161189,0.037568598520500304,0.7997132598297321,0.794771073475433,0.5805125335940111,0.8247058318405834,0.24526301686330054
3,6
0.9872739100882999,0.07511389207705929,0.6485655737704918,0.7438214787610584,0.6894487970876859,0.037328473215603425,0.7997857290375879,0.7942741090146751,0.5805168724068772,0.8236910246281268,0.24458458336397937
0.9035096563678919,0.8406370972345008,0.09211949737871356,0.18849671672595975,0.12039567877131324,0.41392627431291573,0.09871115052931517,0.0487884302269897,0.9354666530580815,0.7965342907189764,0.4955854594763458
0.9744551842212971,0.1200496876691961,0.4731945059813913,0.5545495206885603,0.4695024695024696,0.06841994127423778,0.6845172309856324,0.6786624899832445,0.6553341107095745,0.8340638112884552,0.2782823912274934
0.943917740450644,0.1812216925596633,0.3096679277007146,0.36960588701386804,0.30122726276572437,0.16340799412092963,0.4486941187684682,0.4431785195936139,0.7799532185431882,0.8049047421236604,0.400715982647347
3,7
0.9038477489463295,0.846570687485038,0.09192344004806469,0.1893586862913978,0.12097074924300061,0.40870382070028777,0.09972946145312273,0.04923441667489853,0.9356707886917897,0.7969389653385386,0.4935338322431795
0.9746901986172669,0.12013010557062354,0.47102990864722816,0.556397337982175,0.4701507144255236,0.06724003722027279,0.685944550072363,0.6792596860146909,0.6531420029005776,0.8363064976522396,0.27610791406848645
0.9424294775624575,0.17763900437953117,0.30984650725696994,0.36905591070799015,0.3048795978732285,0.1641572988736521,0.44287642364975255,0.43814445379161154,0.7815446055895208,0.8029874379842493,0.4037867325753238
0.9874718525728827,0.07423628149170264,0.6437309214245337,0.7400790433959732,0.6824638962569995,0.03749876683707798,0.8023202153570056,0.796096291476903,0.5792663039633259,0.8253862805037866,0.24383984233727496
3,8
0.9730881786913838,0.12566602829792597,0.43673982020095187,0.5253152838828921,0.4459263854425145,0.07665049835693824,0.6850641563736659,0.6792148508825319,0.6650439875177063,0.8375690597175142,0.2806048836116686
0.90396369263937,0.849942869147211,0.09266434840205345,0.18900116256259075,0.11998906443350899,0.40815725973333,0.10046562277045551,0.047779683628739855,0.9359454205576514,0.7971368940205811,0.49255813559900363
0.9865894358062104,0.07551225929280839,0.6424781506955577,0.7338346715719741,0.6707469420403177,0.03823220882397606,0.7873066504051692,0.7818344146181775,0.5844741750795134,0.8235081085078305,0.24920223380105846
0.9394777300502927,0.18663506949491987,0.3111642934067249,0.3684837852102303,0.30261817123130996,0.16413345127120066,0.4107399668955036,0.40487536152045167,0.7839942462462846,0.8003561706963322,0.4136059131039796
3,9
0.9875581023527533,0.07281471465281938,0.648791911806706,0.7436150414380573,0.6883865908256155,0.03718667549109625,0.8027537789982255,0.7997370324107551,0.578583081100172,0.8242235089806502,0.24577546985338616
0.9034318470572322,0.8476624366079568,0.0921860697345428,0.18871240447658127,0.12068491763923228,0.4116897401971639,0.0990696884494181,0.04777320180059397,0.9358704844310144,0.7967362664112471,0.49461764490902116
0.9743285855878695,0.12103584313913088,0.4722308795113134,0.5528433671531213,0.4699229794286829,0.06866314281263143,0.6833505307645553,0.6780687280292703,0.6558268362741096,0.8342009266220972,0.2788172924530565
0.9434043809233764,0.1802573426509599,0.3142397942783671,0.37346623592556794,0.30441502336927184,0.16135808739217222,0.44706854241076843,0.44197804908126764,0.7785180000053664,0.8032535813328954,0.40309539269795575
4,0
0.9425477229419764,0.1777402358688276,0.3107103825136612,0.369077260311119,0.301272554605888,0.16417799121283333,0.4474845105328377,0.4411320754716981,0.7810097797838897,0.8042458395140268,0.40564350794658993
0.9874484030565617,0.07342205096270585,0.6472784551659765,0.7423100044313469,0.6850178949823079,0.037269735035981716,0.8003413195041607,0.7970993083999194,0.5789173652921978,0.8241109764200553,0.24690237661103065
0.9034269137295579,0.8436685869675714,0.0917380311556969,0.18864077510718696,0.12069283213561827,0.4127549897391555,0.0984482790508423,0.04808035295222024,0.9358564685803672,0.7966136939715969,0.49524608182408464
0.9739728297236157,0.12125290821737625,0.4747125030584781,0.5538198527226309,0.46805502402517335,0.06854789669207864,0.6781473672529544,0.6721627710504083,0.6567610118263851,0.8326004171554147,0.2794578406203407
4,1
0.9036870367357953,0.84384897359649,0.0932856644576211,0.18875634978906836,0.12000666787900827,0.41146085830313345,0.10037174721189612,0.04759132878362088,0.9355527920620951,0.7968576991466203,0.49416182347250537
0.9729546563986567,0.12403674616752447,0.47267967337779715,0.5509565541454595,0.46514575411913817,0.06920986401997528,0.6738660296549677,0.6661883922806514,0.6583741073532117,0.8321858474794908,0.2839972237962464
0.9872437886317583,0.07488387359263324,0.6441479222264581,0.7390013001390543,0.6800030288402386,0.03778199910587192,0.7991824031419432,0.7927161035541903,0.5817763793782745,0.8248844431079492,0.24428993425794795
0.9425302224019134,0.18485355467522466,0.290983606557377,0.3540671848924971,0.2898090398090398,0.17320324948428553,0.44072139053551695,0.4398776134625191,0.7880008650423119,0.8056678279529438,0.4020540857911397
4,2
0.9036941472018397,0.8491755857003725,0.0918032786885245,0.18883331639925383,0.11949657825946475,0.40977577556594624,0.09993101598129767,0.04765609803540133,0.9360408056212457,0.7970895891561023,0.4931618615661786
0.9719822281712377,0.1252130338440649,0.4722582284915491,0.5489725357557363,0.4648843834890347,0.0699605076501577,0.6654275092936803,0.6568377943542489,0.6609968492841328,0.8303679440969423,0.2887461903006762
0.9874609622621978,0.07352522524353836,0.6408550305368048,0.7368748361059254,0.6797292516246767,0.03786523038764904,0.8023301018052822,0.7990257738315452,0.57978727327342,0.8261431496807804,0.24329269271984347
0.9426404233997144,0.18281161707830385,0.29635188178249827,0.3609644861541048,0.2951526824766262,0.16796965506125544,0.4404157285721765,0.43996811055009294,0.7830887664930931,0.805568824592194,0.3982678798171848
4,3
0.9435482132809746,0.18011632348830126,0.3152131147540983,0.3751697517109239,0.3051851851851853,0.15913822758080445,0.44272614622057,0.4390691823899371,0.779885104636851,0.8038702413784476,0.4042818370354875
0.9872200049728225,0.07430490599143963,0.6500591515970933,0.7438190562885101,0.6815578465063002,0.03708549668067296,0.7974424813807024,0.7924268948972313,0.5804602442020022,0.8234243957574404,0.24593467441935396
0.9034583355307848,0.8423112398019543,0.09213445934757397,0.1888711996874618,0.12083800972689862,0.4126055435317721,0.09932034095602899,0.04892319420621288,0.9355412972565236,0.7965981798357963,0.4953355527549631
0.9744562011902166,0.12059441543949809,0.4685635324414296,0.5533682260097708,0.4703911102378536,0.06783037119769872,0.6846130837926762,0.6793609484565892,0.6546305991444183,0.8353177224495942,0.2764907867547112
4,4
0.9418799674597762,0.17974002834091582,0.30544171220400723,0.3644148203973624,0.3002334599556822,0.16742713548584856,0.4244630318050392,0.4216981132075471,0.786367146537184,0.8016702041005572,0.40987170496036035
0.9862487242673593,0.07788101584030444,0.6437427490542242,0.7332981923470223,0.6698663160201623,0.03839642068363844,0.7869030597655133,0.7807373004354138,0.5859589343770732,0.8236344671816636,0.24772035359076205
0.9036134801613609,0.8533329527327441,0.09245901639344278,0.1891578502194095,0.11983344291036596,0.4078943679868375,0.09873224668763725,0.04669569424286424,0.9361859894994925,0.7969836623727092,0.4930714921474134
0.972932152146379,0.1274135645970444,0.43777438177271466,0.5230693511318264,0.44381669805398627,0.0767946237918512,0.6836683258773865,0.6782539174928046,0.6665924083514763,0.8382660335445421,0.2825394671144685
4,5
0.94326667807902,0.17770732548299295,0.31267759562841535,0.37249906602757826,0.30377967711301046,0.15961283675624124,0.44327137546468404,0.43901886792452827,0.7805501983312841,0.8047943274654706,0.4019630238618913
0.9874937885994592,0.07427826909309684,0.6496372879419658,0.7423317209733427,0.6880788588105662,0.03749591917601004,0.8022227115526598,0.7977647754914207,0.5801774401324545,0.8242127582179725,0.2431130436901157
0.974869938182541,0.11900941765770243,0.47555719285319586,0.5581482897512899,0.4705336278369987,0.06738463734473112,0.6876070339584812,0.6827220691117236,0.6538417944946762,0.8349574347151241,0.27625796391079527
0.903745315535871,0.8413646857588417,0.0921545667447306,0.18869884425471217,0.12082097796383512,0.4123373779878765,0.10031484712844252,0.049383904505198306,0.9354176785609634,0.7967392734060431,0.4946209920615645
4,6
0.9398903261722722,0.17801634231309427,0.31553364668118766,0.3743560646372056,0.3095850018926942,0.16251104826510976,0.41627888839784744,0.4099221533183798,0.7837648604985519,0.8002064487962783,0.4200298726691806
0.986484155068948,0.07613213158472765,0.6428927163311889,0.7327491484532697,0.6743752028562155,0.03836447341021994,0.7867865041645096,0.7797707188918082,0.5844735109571341,0.8238479792607764,0.25030892611117395
0.9035904098890368,0.840435391257542,0.09165573770491786,0.18837766628316027,0.12015669515669514,0.4140814345560436,0.09960966542750882,0.049584905660377654,0.9355075400082093,0.7966515742011181,0.49480851581163643
0.9739899731904121,0.12524311776294256,0.4358206924699,0.5228124512295007,0.4460403589034295,0.07747819001156156,0.6884264758055809,0.684866515305723,0.6648960442146256,0.8389049271419105,0.27656139710284117
4,7
0.9875573581312282,0.07291365371223674,0.6474966770048736,0.7410742110920532,0.6838376838376838,0.03747313555764818,0.8019566964734248,0.7986868944416115,0.5799025649059006,0.8247691553854642,0.24542483205044752
0.9038447282369905,0.8488674028246518,0.09250585480093687,0.1890214181944857,0.12010872725158428,0.4088800637246828,0.0992716789317955,0.04847901424720852,0.9359541570013342,0.7969311845984983,0.49401847060817305
0.9742285855336821,0.11952305988082332,0.4742953411520767,0.5556909103645984,0.4746123441775616,0.06777896871343815,0.6815316572872739,0.6765157729882914,0.6532540981346555,0.8350707669137221,0.2808297569912194
0.9433266595674782,0.18047110764143326,0.3114542570068746,0.3718441971096329,0.3053947247495634,0.16225959716147487,0.44422592637006836,0.4394643944004868,0.7794250598964907,0.8034820613897327,0.4005696608499809
4,8
0.9410568595441268,0.1781334165307418,0.3057546636517807,0.3681717556869235,0.30226937813144716,0.16512474323786303,0.4318677092680425,0.425452179570592,0.7837536966026654,0.802870259738658,0.4119531466644346
0.9034872380482889,0.8425023224011936,0.09147209802947537,0.18872054065094296,0.12060778727445393,0.4128172498459614,0.09905748939206227,0.04917095483133238,0.9357192669410587,0.7966368204969397,0.4943829959713248
0.9874383268123967,0.07385793117388378,0.6456330778268897,0.7398884084609664,0.679851812957615,0.03766314652263868,0.7996244465026582,0.7936377100907978,0.581636418637027,0.8250737155374236,0.24496973909530811
0.9734124146312089,0.12380454899026569,0.461698956780924,0.5439265335820879,0.4617542950876285,0.07103017763204747,0.6792835417370734,0.6729273870783303,0.6589014762935076,0.8351846870972882,0.2807053385947008
4,9
0.9034444254625902,0.8503881920743848,0.09112726043603175,0.188645486577053,0.12064205363174424,0.4109748993773561,0.09789981987506224,0.04695584516631035,0.9362803472242813,0.7968383588245027,0.49513014642680575
0.9743374912159031,0.12089720147333738,0.4665231976707387,0.55019475342726,0.4678304678304679,0.0694849522631274,0.6871725682134603,0.6815618853354701,0.6556709781473856,0.8354492199090243,0.27688098526402743
0.9424029086246832,0.18092963528302797,0.31477566867989654,0.37278062832390313,0.3075985904933274,0.15976718579425983,0.43758559968694977,0.43239821251241306,0.7809577673152952,0.8034720299994882,0.40578172057962153
0.9874440005582185,0.07251035821456936,0.6479244234509588,0.7419625133403019,0.682350668791347,0.037401655256973546,0.8007308928233887,0.794537895746722,0.5796518016733567,0.8242928272763379,0.2459379441701685
5,0
0.9035997112594192,0.8475602359812744,0.09223820675811267,0.18894913001921027,0.12051572765858454,0.4101682808098205,0.09889234504210609,0.04736234116288007,0.9359601760277383,0.7967690490437005,0.49524065966302533
0.9738751591149654,0.12280934857888826,0.4743377173845291,0.5544663158393607,0.4702587934527099,0.06813633239716996,0.6807355788938046,0.6725446588707941,0.6551161513485873,0.8336528414945167,0.2793575111433853
0.941044342647181,0.1756485799855667,0.3100206275105851,0.37081910787844574,0.30273013716722336,0.16318232321967846,0.4380462345207908,0.43521179557665873,0.7820952234725707,0.802735924345998,0.4108077949680017
0.9876962204661446,0.07183168407516963,0.6457433578292823,0.7419231675065318,0.6876706945672466,0.03743895843536289,0.8053070119215485,0.8005595315549773,0.5792611747060423,0.8252947810991902,0.2444630204913102
5,1
0.9875500195670995,0.07300000318597019,0.6491803278688524,0.7416225090500304,0.6833185971117008,0.03747745073514125,0.8006281245994105,0.7956148340923878,0.5798183181695998,0.8245502342739762,0.2443030386095319
0.9040599128529083,0.8497344631426825,0.09271590332939006,0.18908795282586788,0.11990777454694962,0.40762296187136515,0.10109991185375372,0.04855086559035221,0.9357428327883303,0.7973385367885095,0.4917668908338586
0.9426615986323378,0.17954518436054673,0.3093389740877842,0.37114405037057707,0.3047514015255951,0.16282906554778062,0.44482551864731984,0.4398539257455873,0.7796030947622036,0.8037815874359431,0.40619607793180784
0.9744108036687957,0.1209713279947914,0.47392751711575903,0.5570820167603624,0.4713516935739158,0.06744544819991485,0.6857810252246863,0.6787970794476975,0.6526820709464738,0.8345969406398186,0.278367199996734
5,2
0.9034657207614196,0.8430380565245258,0.09259016393442598,0.1887692008781484,0.12035612535612566,0.41251781700214557,0.09977695167286238,0.048943396226414915,0.935501128436605,0.7966718346552953,0.4952081670333159
0.9874749946914763,0.0731232059519081,0.6460277427490543,0.7420340133699713,0.6832426832426832,0.03739409027674072,0.8018041438115788,0.7963847473281437,0.5802531485748574,0.8239635749790165,0.24591120586232024
0.9433564444802203,0.1861627138001753,0.3052525928404149,0.3675485031928136,0.29920344206058497,0.1641311986120697,0.44526211971777563,0.4389937106918238,0.7816045991642475,0.8044218291172763,0.4006343541088087
0.9737471884469159,0.12205660808317251,0.4716767974458157,0.5515019814190859,0.46871965598557364,0.06909987030873714,0.6775406206925357,0.6718535792523495,0.6568738195023989,0.8337280480926311,0.2794201450822619
5,3
0.9875865626386333,0.07251806780957837,0.6458570313371248,0.7398766090479493,0.6828788495455165,0.03762057852670034,0.8016210201552741,0.7963804389680399,0.5807470710894143,0.8247693047765228,0.24671015113208233
0.9036921629722849,0.8462834385399064,0.0924170233384482,0.18888121956678916,0.12034581000098232,0.41073970397043225,0.10018862050652871,0.048591876568454484,0.935501737377987,0.7968537942028959,0.49360894153805124
0.9441833761253027,0.1798703179786284,0.31158469945355194,0.37032427714999894,0.3021842355175688,0.16230688668642074,0.4454275092936803,0.4403522012578616,0.7798710846669428,0.8041307624597773,0.4005255705135198
0.9736353358210272,0.12286028569397656,0.4677638825892568,0.54967824131266,0.46698872785829315,0.06959133697964266,0.6786811055438824,0.6730404951897977,0.6581295281407701,0.8352226102126845,0.27990108711412715
5,4
0.9034724619157778,0.840129623962337,0.09232719283420682,0.18854612974347612,0.12112667782770853,0.41425132381583385,0.09864714674433755,0.048764831744797066,0.9354110174331319,0.7964177220966826,0.4951830327124842
0.9742284761536614,0.1220727157641035,0.4719278180200788,0.5554399443709749,0.4700744274387686,0.06776435954038065,0.683308838362007,0.6768026912388474,0.6542733472658296,0.835464476778542,0.27713263227695717
0.9428750038084289,0.18037455377622424,0.30968894493484656,0.37118913815863086,0.3036927460004383,0.16338793546122143,0.44021065675340776,0.4356797290759554,0.7815252043811772,0.804058953551012,0.4053292072021422
0.987378695279742,0.07326639978573024,0.645272849764204,0.7410387221363688,0.6860047613472272,0.03742064711225822,0.8018791057697203,0.7975187386921683,0.5798799261949079,0.8250531476195869,0.24534009233405285
5,5
0.9434035632641825,0.1759512520165284,0.3095716552088842,0.3706324267711748,0.3056336733756088,0.16308846165255422,0.4474397409761362,0.44489348752282404,0.7816405681231575,0.8036471147426796,0.4029996602021584
0.9035291029925725,0.8460440975212308,0.09127936454284263,0.18873421301437288,0.1206126824683525,0.41191285462832544,0.09866630897175482,0.048375802373079646,0.9360757057223503,0.7966807536855196,0.4947192736152093
0.9874198135413381,0.07460231999686728,0.6486776717884275,0.7425576894283484,0.6865004913785402,0.03742881031475659,0.8016398326489906,0.7973308789691668,0.5801036288691059,0.824947610483339,0.24277249744616367
0.9742198891059457,0.12122969076161105,0.47044212617983117,0.5520010299183564,0.47027972027972037,0.06857770318387717,0.6837754872141489,0.6778444825614638,0.6545583165466752,0.8350944111401716,0.27756800067605264
5,6
0.9871674803309962,0.07514798642883241,0.649863387978142,0.7398390450605739,0.6845520734409626,0.0375445336358889,0.7977850061957868,0.7931996855345907,0.5800404570168258,0.8244282831068567,0.24541019558218774
0.9038311999885194,0.8485664059716027,0.09233050498393625,0.1893274441204879,0.12010193417228582,0.4080188158530468,0.09997945115914147,0.04867734900919707,0.9356309141109762,0.7970235360030631,0.4930642212101549
0.974136887161141,0.12071705440344746,0.46886492551268466,0.5522987268467969,0.46736645976189706,0.06842766127644297,0.6833222610146014,0.6790157113135806,0.6557035780762692,0.8343827601729363,0.2796094419287445
0.9430308790923967,0.17696367883282743,0.3071693989071037,0.3680304128529502,0.2961253561253563,0.16365552944382,0.44460966542750924,0.44123270440251566,0.7819624538366869,0.8042274480014183,0.40739406767325714
5,7
0.9426354596920862,0.1770738331553903,0.31106299618517375,0.36996251732507246,0.302567686215485,0.16351165035379364,0.44315073297327623,0.43863771211581815,0.7834982437939237,0.8036473556146002,0.40337563725170017
0.9038944122417014,0.8452292029305346,0.09131316545546708,0.18896695874687935,0.12067142479513626,0.4103626970976647,0.09918368911202258,0.049017700836413325,0.9357066107136992,0.7968175933560003,0.49332209010807926
0.9746898679943001,0.11938068941839883,0.4762891778154639,0.5575657292931699,0.4717774066433071,0.06746438605907351,0.6848267316156049,0.6782765849779511,0.6536733343080908,0.8341764306197113,0.2777880875293796
0.987342930780993,0.07371250387461259,0.6475180557147768,0.7412071283454782,0.6843782997629153,0.03754146002153562,0.7988275664855591,0.7943660113471431,0.5807208794488254,0.8245380302666881,0.24646931047582302
5,8
0.9433670139078156,0.18371528099579937,0.3001993797075765,0.36468533432732386,0.29598829598829607,0.1660362339451948,0.4368532100874108,0.43518612952575214,0.7833020494848586,0.8056625271183435,0.4017003148291428
0.9029146221630123,0.8463157288879422,0.09037410676754937,0.18775898508260014,0.11993571480750981,0.415761816433626,0.09680678676961224,0.046173197871310856,0.9368477952084874,0.796570900697354,0.4972247400598978
0.9737568596337713,0.12133599985776727,0.4687628073770492,0.5465440881881889,0.46489939458689467,0.06974284685679992,0.6786129182156134,0.6722877358490565,0.6581344009668672,0.8345987309363317,0.27951708148725496
0.9873688791805773,0.07379525893389599,0.6457273568977725,0.7396938446269639,0.6808738204087041,0.03761358633240178,0.7994417616618706,0.7946342380743432,0.5807551289164707,0.824566736290529,0.24488508021874794
5,9
0.9741855695058056,0.12387825540456793,0.4358313817330211,0.5238168474790644,0.44669491728315264,0.07757820355075715,0.6925275686482772,0.6880608847312508,0.6648105795457311,0.8388179104874206,0.27605777226050554
0.9037368937285719,0.840958027366308,0.09289617486338791,0.18894352544442844,0.12026650047483411,0.4117937990659377,0.1002555762081781,0.04944968553459128,0.9352586214266201,0.7967402447239176,0.49397913617131617
0.9405822150650446,0.177554701112136,0.3284341435839457,0.3833251906081079,0.3189704293152568,0.15437949003428192,0.4194077682348417,0.4119453480806766,0.7784663166980343,0.8003219936050691,0.412531403689939
0.9862055825935567,0.07787557916560012,0.6434804539722573,0.7351435566418665,0.6689108042954198,0.03812765756773104,0.7858164140692021,0.7799825834542817,0.5851376219185018,0.8227982602346752,0.24910309092287877
6,0
0.9036630675292953,0.8447993800907492,0.09221935591245756,0.18867808499595695,0.11970150548830744,0.41134872012443746,0.09969241220538577,0.047524183507326734,0.9355476276273802,0.7969126404119932,0.4954878289766633
0.972198358546696,0.12508628998324361,0.47660875948128206,0.5508220178015081,0.46963898456435776,0.06923615739123937,0.6640542639960051,0.656279921148972,0.6607155160798409,0.8299429239087469,0.2871378258470057
0.9873323938774037,0.07517535333113562,0.6422772387643583,0.7366839232986286,0.6769288912146054,0.03797954248624966,0.8002807070783705,0.7956744962135797,0.580956079600492,0.8260608424353107,0.2416295138274522
0.9427890582932466,0.18675718265493785,0.28812928729217535,0.35151790318109316,0.285627689883009,0.17321772911960934,0.43924174114793435,0.43543422989428604,0.7885138104342941,0.8059018588746488,0.4049950633099457
6,1
0.9421633143862045,0.17728874976487452,0.3121668339466934,0.36946663343782055,0.30090896757563423,0.16345332451975372,0.4406089573375819,0.4361185983827493,0.7823356055594195,0.8030744601396445,0.4097045680453292
0.9874650632921483,0.07366911592270944,0.6457595628415302,0.7411824423087945,0.6829819563152895,0.03743188242907257,0.8016356877323422,0.7972704402515722,0.5803978593899622,0.8244855779046835,0.24392059239299269
0.9036220740246274,0.8433307327377086,0.09231660871005115,0.18893872706353043,0.12083800972689857,0.4113742023277631,0.09995869475423391,0.0489613112254621,0.9353192884943015,0.7966603001846556,0.4953648302298159
0.9740446563584606,0.12141934376360758,0.4745355191256831,0.5540340783488609,0.47343723814312055,0.0683735627693399,0.6794081201253734,0.6718165001849796,0.6547464738870539,0.8342607297723744,0.27792161164301077
6,2
0.9745087759504243,0.12238772924588545,0.471233559808016,0.5552448751696573,0.4663806831107212,0.06740492645439107,0.6862481801348466,0.6794031135662529,0.6533154504931128,0.8358458255641227,0.2781966839976119
0.9034413143490547,0.8467827142143542,0.09187230371009525,0.18859433545876664,0.11995801469485684,0.4120631288551405,0.0991586773625514,0.04766633565044698,0.9358432498974175,0.7968470767708,0.4948558436775379
0.9874122561782631,0.07426835556509948,0.6535788501500807,0.7448433060510936,0.6882448537378115,0.03715509183639697,0.801599560186397,0.796465585968642,0.5791953712426402,0.8237172978294274,0.24435160588120156
0.9427660083326708,0.1758388408625517,0.31197827617419294,0.3728302797669259,0.30550748955656937,0.16144718391305354,0.443884416265651,0.4402592892695914,0.7806880631169294,0.8036372756211365,0.40495908735291747
6,3
0.9745825951828608,0.11940440888537282,0.47088153417878137,0.5550895848000127,0.4704079987098856,0.0680380308109911,0.6878305393841622,0.6823353506585973,0.653731002392365,0.8353527301420567,0.2760119051561226
0.9043791286861047,0.849725730592128,0.09178646490121911,0.18942495689794925,0.1206516180875154,0.40569967224968767,0.09968544466685741,0.04905660377358528,0.9359413633828924,0.797274898888173,0.49095391148595235
0.9429541510196258,0.17884813920796439,0.31254046152239745,0.37195193499090273,0.3048977443881903,0.16010132054805573,0.44287642364975255,0.43720706645835833,0.7800022346573158,0.8033169252928342,0.4034074437520298
0.9875423799445805,0.07195123600769998,0.648450443144297,0.7431045393163643,0.6882405645656529,0.037314724118422044,0.8040642610374769,0.7984265617707846,0.5790570793900297,0.8245759798785248,0.24749797276632712
6,4
0.9875203074616059,0.07262733882955119,0.6401771124347686,0.7345150775242828,0.6770458313866674,0.03816935780353027,0.8003442546528168,0.7966025602135534,0.5814529355184757,0.8263808045761359,0.24319608400038967
0.9415488507028403,0.18278339122819767,0.3054912300813941,0.36649551835337724,0.30203414818799434,0.16697858440731636,0.42982296513895024,0.425570655759335,0.7843165246735233,0.8034044088606213,0.40784157779373514
0.9033456918198477,0.8471958579871744,0.09171877640696263,0.18857136453142676,0.11990777454694979,0.41217606408248264,0.09780400873797584,0.04707255397782495,0.9362985904589494,0.7967140858543664,0.49576581466760206
0.9729082813948017,0.12340839503497439,0.4608899297423888,0.5412508467258048,0.4573667073667074,0.07227081681076779,0.6753850238980351,0.6692123390236597,0.6627159173066047,0.8335494469119042,0.2853228829092006
6,5
0.9873256124538893,0.0733044593115402,0.6500307726738657,0.7422530383086793,0.684062114096244,0.03735247634687093,0.7996498217389649,0.7944233369824198,0.580093089892599,0.8241525639216639,0.2469468346589057
0.9033990009065074,0.8416417329314035,0.09190313722226834,0.18824824917018868,0.1202076735071661,0.4142449919322173,0.09980563470647086,0.048098841107173884,0.935867880747114,0.7967298766984908,0.4955994572782274
0.9745219222388278,0.12027651305897308,0.4674381227900997,0.5515432638263001,0.4705323724931568,0.06880600917183062,0.6856622202784459,0.6809322974472809,0.6555969248594001,0.835162071072501,0.2773980335479226
0.943747825555319,0.1854445845163439,0.3108831306187203,0.3716157979371725,0.3043654075912141,0.16167620312659647,0.442475116920494,0.4401460742544126,0.7784643996452565,0.8038564921459355,0.3964703536651267
6,6
0.9874806993192663,0.07309191153173067,0.6432943546131037,0.7380553900135868,0.6831189288527176,0.03783371652373023,0.8012484616262987,0.798815120097881,0.5804600156013469,0.8250660104236116,0.24642960072357173
0.9443707209616333,0.177460560319463,0.3147540983606558,0.3739939886694172,0.30795300076345833,0.1605704779783239,0.4444444444444444,0.44252065606116653,0.779130158423651,0.8038258171002631,0.39916190328048456
0.903475395369467,0.8413940437881262,0.09290180834882533,0.1886627784022823,0.12037771316121842,0.4133671559895886,0.0991645268846052,0.0489398949620693,0.935601381620975,0.7965605307465133,0.49510203802548974
0.9743388793782921,0.12082103434432512,0.4719546027742749,0.5521853039381,0.4669844400613632,0.06884210609049686,0.6818844724049186,0.67477503628447,0.6561549114611303,0.8351100025756192,0.27571018915274836
6,7
0.9417023097123904,0.1793983742419799,0.30826143226919756,0.36949824561589806,0.3032688559004349,0.16415404699036854,0.4346018391704167,0.42949354518371397,0.7828316334794746,0.8031749127162657,0.41029765480325664
0.9868236772746299,0.07581601820558839,0.6446071409623852,0.737924816610609,0.6759328409813847,0.037822446591360415,0.792062174420423,0.7847591133907308,0.5827923543855333,0.8235761302101072,0.24592960179034365
0.903519792421622,0.8505834363579955,0.09138293400588499,0.18876771349649474,0.12041785375118713,0.4107232121102562,0.09915165379849372,0.04787614900822462,0.9360839304314914,0.7967899398897235,0.4930421490312006
0.9732127969265021,0.12267242990009614,0.4534802472453641,0.5398813497092885,0.45830414273037234,0.0719463402439167,0.6797184471936132,0.6746674914939684,0.6606870177657314,0.8351243342356653,0.2829323052836024
6,8
0.987451174688377,0.07388467487250949,0.6418992269313011,0.7368252553534438,0.6789774080743983,0.03792502715874897,0.8007236015963992,0.7970215182684417,0.5806226609557522,0.8255282468461546,0.24375074356214402
0.9038557434841868,0.8440875242626019,0.09240383054698914,0.1889913986055506,0.12077233364362061,0.41049148850718314,0.10029813390260955,0.049299458247711536,0.935519649626024,0.7968897387142355,0.4933799615802126
0.9728193734436483,0.12422310164411943,0.47449630834689027,0.5505476973653851,0.4650399077879994,0.06943760885486826,0.6688044496154828,0.6610110903067837,0.6602154836224011,0.8320614069263538,0.28558906985108456
0.9418473915446804,0.17859834927435586,0.29142036616010536,0.3572378205658422,0.28837315698629573,0.16986129373166697,0.44365451930643374,0.44225313317724824,0.7882354306629272,0.806110519754539,0.4080277346159091
6,9
0.9741930777638836,0.12185570866416481,0.4739251469223631,0.5554888685811458,0.4718808794280493,0.06790322549550719,0.6841691800519043,0.6788892844428622,0.6544732930218895,0.8344557207545784,0.27818189424402195
0.9032714638418735,0.8462244250960644,0.091753601589667,0.18882318641365786,0.12037756482200934,0.412267019845951,0.09813750891817813,0.04806556127310824,0.9360446380091462,0.7965443655426845,0.49446665016818525
0.9427961154876703,0.18011839903860496,0.3062732240437158,0.3703822872329068,0.300360873694207,0.16259519430537106,0.44503097893432475,0.43798742138364777,0.7818879086308327,0.8047597091780139,0.40325035192672415
0.9873602458357501,0.0738770988106246,0.6444279431084711,0.739710199077872,0.6836117811727571,0.03766240077411946,0.8007849435902747,0.7955426993623037,0.5803173777092148,0.8250865007508617,0.24699568332162464
7,0
0.9874530302920307,0.07359351535796396,0.6464665485157288,0.7416484951955333,0.6850023100023104,0.03745613493078241,0.8011529187179746,0.7970550739418663,0.5793334946045777,0.8246028742258028,0.24509056899566373
0.9036839900652018,0.8391398568908224,0.09287387085981957,0.18878749171440407,0.12063201348915648,0.4131863931329147,0.0998027463773613,0.04949942241047317,0.9351489159471774,0.7965413237590125,0.4945165048466764
0.9425631036443983,0.18105943685377518,0.31705569427858,0.3747582923967677,0.30840927529669254,0.16026150042257703,0.44309313375513926,0.43586155191803067,0.778119199863041,0.8027795578496736,0.40298462203564733
0.9744825037463282,0.12272132025385377,0.4724628436563118,0.5559054429919646,0.470739521323179,0.0678766580300478,0.6828576801238193,0.675706629469202,0.6547754383219805,0.833693000831562,0.27650357959357796
7,1
0.9743707631059335,0.12012241892832168,0.4730521274636213,0.555144829064802,0.47212352081265946,0.06782591865920126,0.685657797641424,0.6792028831884671,0.6546388464972764,0.8347569436837349,0.27639703979630686
0.9031914668772087,0.8439857004393186,0.09163071613459867,0.18834813986825544,0.12049782576098356,0.41447946524121676,0.09829778908237152,0.04766633565044687,0.9360586787033265,0.7965133713010749,0.49673152759003836
0.9431917201098532,0.1780238368391907,0.309681410454686,0.3719878383066147,0.30552419860595964,0.1622130788306655,0.44146734937223825,0.4388987777382223,0.7812687911469689,0.8035133704564098,0.4052836084056387
0.9874347592074769,0.0733891620568583,0.6480951281459247,0.7433359690565435,0.6882548854379842,0.0372482288232306,0.8006832818472172,0.7964522986978475,0.5793949426968064,0.8245996026775242,0.24610108575909934
7,2
0.9422333734389381,0.1772430346497137,0.30871783736836395,0.36966211838282065,0.3026357993245411,0.1627007917652623,0.4402373273591177,0.43463701112082964,0.7814498202382173,0.8038407313398857,0.40556456682528036
0.9875228865521557,0.07269764613247462,0.6481885537599908,0.7456451335224122,0.6882318946375887,0.03696375139219829,0.8032121075817911,0.7976364735110455,0.5789845384836692,0.823190082895561,0.24806564819211768
0.9038391337743806,0.8455581613209538,0.09307922151336512,0.18927838038642958,0.12093525886629336,0.409113438908857,0.1009577526690717,0.049298261920252995,0.9353064213247761,0.7969289774663808,0.49360678043371675
0.9738766351063317,0.12230307198878365,0.4733065264460254,0.5547754300652841,0.469838198140085,0.06813953241785888,0.6808024128498282,0.6742043431826271,0.6544789061713696,0.8328222225825962,0.27936492630295917
7,3
0.9427890767121192,0.18187492103818065,0.31029508196721317,0.3715646476146941,0.30469135802469144,0.16230169272163752,0.4413135068153656,0.4376603773584905,0.7808726576391763,0.8039895706529635,0.4034015163980248
0.9035746334946179,0.841237866559636,0.09053840392776885,0.18806858303423707,0.12042460265810506,0.4148918927469828,0.0984658351102975,0.047964754333876036,0.9361495993451242,0.7966566176991989,0.4949856381462654
0.9873140932744954,0.07390928730212379,0.6461374354367843,0.7405485414875803,0.6851364008898256,0.037641008620605154,0.7989764220603961,0.7951667097441195,0.5806830414106741,0.8252724282567248,0.24527788827678076
0.9745754669136518,0.12021560461499373,0.47442999811569625,0.5563023786957806,0.4690157295521281,0.06763233110463608,0.6850403794385336,0.6779729632039325,0.6548102214109762,0.8353397610981681,0.27695187734051896
7,4
0.9873743917484866,0.07330681604606154,0.6432613753178595,0.7357633920633461,0.6775925455793443,0.03807186302568133,0.8004097807550273,0.7962139610187432,0.5815050832124674,0.8259435661755974,0.24369482092795666
0.9430816906842227,0.19014450325667512,0.2803868380705272,0.3447085757762307,0.2756768943819303,0.17762909321056486,0.44467920087721646,0.4420252477263471,0.7905314648568408,0.8075362901843807,0.40225049103281896
0.9033015437020974,0.8459096256642233,0.0909836065573772,0.18832294546412343,0.11959997674283368,0.41305300346357005,0.0985130111524164,0.047169811320754707,0.9361998902967039,0.7967843827256675,0.49626261575508873
0.9711868026848849,0.12489120118216007,0.47111750719559503,0.5466074052710509,0.46496378939127037,0.07063315997151538,0.6584324186270893,0.650280858418551,0.6642730785254074,0.8303736578480208,0.2925827705733023
7,5
0.9411327244057445,0.17501029371982946,0.30596632095461135,0.36727040394160204,0.3019943019943021,0.16544055038997307,0.43135321042915303,0.4281606982415608,0.7852495121971668,0.8028424662471337,0.4132294570019216
0.9036508242457443,0.846361751071038,0.09234131988230332,0.18891729058980367,0.12034480239608458,0.41092284899120496,0.0990944619197407,0.04814707305273319,0.935938996033377,0.7968207270546456,0.49272117799822895
0.9871441791008083,0.07481851419575783,0.6419349637194305,0.7348311405496065,0.6753444491149408,0.03814649576973138,0.7972576025351941,0.7915372718836993,0.5821895369878328,0.8253156453371571,0.244792511905892
0.9735604180810576,0.12404263837864216,0.46740102378021126,0.5461994169230876,0.4639595509160727,0.07075717728324776,0.6788427347664457,0.6729510030576478,0.6591399715518843,0.8340630429130321,0.2790582107839269
7,6
0.9740722550911817,0.1210360410633125,0.46818647540983604,0.5509440005281999,0.46888354700854706,0.0688846253320732,0.6807766031598513,0.6766951650943396,0.6547260495742738,0.8355969515066722,0.2782413480051909
0.9036304219078721,0.844961411341132,0.09258949481431938,0.18904355019133856,0.12045758474329898,0.41054205860335347,0.09891131173659057,0.04888332691567182,0.9355791454866749,0.7968273330760817,0.4942105529228544
0.9870034756451582,0.07508893044102888,0.6480062029242355,0.7430741329473782,0.6769943019943022,0.03719102870879466,0.79761127298302,0.7932432432432431,0.5811639116547833,0.8237335629055855,0.24711904908097237
0.9435039678097752,0.18229927070366647,0.30526315789473685,0.3664580161490818,0.2974958764432449,0.1639587691513447,0.44440911758951274,0.4409384309831181,0.7815759777984173,0.8049296251250097,0.39969254553659617
7,7
0.987382127722983,0.07421734196462312,0.6516393442622952,0.7416488704554766,0.6835200585200587,0.03751373857764992,0.7990304430824875,0.793434472208057,0.5808627410750942,0.8243295809824894,0.24367973228594722
0.9436719784178378,0.18207763509237246,0.3078469945355191,0.3665938349069974,0.2981576448243115,0.16563272708695206,0.4436431226765799,0.4391194968553459,0.7827862125564243,0.8036381992667276,0.4030931780950557
0.9040537547257822,0.8509843649812432,0.09270833333333328,0.18942986326962336,0.12029617758784422,0.4065292554323761,0.10056536555142503,0.04880110062893117,0.9356700306045711,0.797094037872683,0.4916810119964371
0.974089574123313,0.12132661807153552,0.46875234638968843,0.5511240057261105,0.46808464365716285,0.06854122581988724,0.6847526887823151,0.6784243122569493,0.6549380260425335,0.8352586887622768,0.2790229317206663
7,8
0.9876953984222834,0.0726929815788889,0.6444699453551912,0.7381170243094466,0.6827255460588794,0.03776523279179861,0.8028872366790583,0.7971572327044023,0.5799452879223106,0.8246592287955586,0.24467109903929307
0.9040331274818816,0.8472354688142882,0.0926312303361485,0.18924188451554508,0.1204207315318428,0.4079505203253541,0.10022154631820085,0.04922813036020568,0.9354454474992046,0.7970198704533474,0.4934473899915405
0.9438620941004348,0.17756881247108214,0.31615616911130295,0.37726391144899274,0.3082171240065978,0.15748325853844786,0.44110741537859516,0.43676762661370405,0.7787062933287285,0.804502740805514,0.40249922997856896
0.9734286600135074,0.12194772447423394,0.4624655737704918,0.5438080209244716,0.4632478632478633,0.07107290283028506,0.6792862453531598,0.6748528301886791,0.6592107098892102,0.8350455849318095,0.28209597951146864
7,9
0.9423703680735592,0.1746695948646072,0.30868639557164157,0.37087805401097496,0.3027158027158028,0.16230871789904178,0.44607251484574895,0.4419014947316834,0.7825681192012772,0.8037290595300012,0.4072749632071272
0.9032244402431399,0.8486468931044333,0.09110779930452068,0.18852256669441292,0.12020489798267586,0.41249349786822964,0.09864443693439973,0.0472079283400042,0.9361503317955949,0.7966941757256328,0.4951769970376542
0.9876621578158087,0.07278422536989679,0.6445901639344263,0.738865617445015,0.68495115995116,0.03768008582813935,0.8024163568773235,0.7981401617250674,0.5799905841491312,0.8255120316736624,0.24304370139009074
0.9744609578061025,0.11924044627893804,0.47054073892830933,0.5536777906879167,0.4706063698601013,0.06819132789612782,0.686151029240415,0.6794705716699521,0.6543253801774898,0.8355268410989687,0.2777910839078393
8,0
0.9437409078912078,0.18228236410997956,0.30304749894913835,0.36623169224809127,0.2984147855942728,0.16595347897393975,0.44831283957678014,0.44158200290275756,0.7829153646244357,0.8052359781799782,0.4000509465099825
0.903653542445118,0.8452862726137071,0.09211949737871361,0.1887744323867911,0.12075722735621236,0.4111959094188447,0.09931500386843539,0.04796475433387598,0.9358322102776804,0.7968900207119775,0.4950962791495298
0.9744835549875493,0.12086266360633463,0.4688010286081646,0.5524339334075034,0.470543545053349,0.06878041499628357,0.6874261972446971,0.6815390307066223,0.6556608897149361,0.8350498352915525,0.27734291946307243
0.9875153781219103,0.07254418182064551,0.6479676622501684,0.7433810456436917,0.6889610896460212,0.037228804004753244,0.8020700718032286,0.7979322822434736,0.5793497858359442,0.8245051658866094,0.24535526466531338
8,1
0.9860967542585527,0.07917206059316945,0.6488925432961612,0.7382015933708346,0.6712572229813611,0.03786010359209149,0.7845497663469718,0.7761400603300406,0.5854698271038333,0.8226124369874219,0.2482399493486947
0.9035390185474379,0.8434942196519133,0.0922646016970099,0.1885079674558019,0.12015920056121077,0.41321312293561385,0.0992135398180492,0.04871527448563551,0.9357734507581017,0.7967441797997157,0.4947545685475549
0.9422707360017363,0.17811050278772814,0.31391227292866636,0.37249903331150225,0.30930930930930933,0.16261160005412584,0.4354465990153722,0.4317950025497194,0.7797282048154046,0.8024785057283083,0.40404544348995486
0.9740833786158261,0.12408027566582358,0.4419924337957125,0.5308181531310436,0.4523218155696789,0.07415525479028083,0.6893210053061354,0.687889050153201,0.6613385958636288,0.8396244358725091,0.27664920659106235
8,2
0.9736885081165968,0.12174690529152721,0.4613440120135152,0.544335116243211,0.462310519562428,0.07095299731611569,0.6797440335991373,0.6742618464640645,0.6593311761739364,0.8353436851737134,0.27896549677484644
0.9033314637853929,0.8476770074624125,0.09141456819334148,0.1884238389042746,0.11961406291303206,0.41262736493497054,0.09809144214923543,0.04728652013226986,0.9363493542423745,0.7967426964187982,0.49416212811925986
0.9419646274581952,0.1869558641525217,0.3044136191677176,0.3638383228836884,0.29791006714083634,0.16784467193172617,0.4288611017235552,0.4243567753001715,0.7840984415666425,0.803134521527385,0.4078751620144626
0.9872801538814678,0.07398374712046377,0.6445727356897772,0.7382479177407454,0.6798231914510987,0.037725437194298286,0.7992812063876299,0.7935560709584405,0.5808394804897385,0.8245621868849875,0.24486208254771427
8,3
0.9736203055989753,0.1224597955976808,0.47492504943547875,0.5527203479408062,0.46691498442471213,0.06878948649025804,0.6805143708503898,0.6725350561632772,0.6558290316760598,0.833849774714236,0.27998169798475886
0.9032622133968722,0.8456202892169197,0.0913749073235029,0.1884298412031274,0.1204455325058339,0.41376495227748034,0.09852235153462463,0.047387882810277504,0.9358732006359275,0.7966525449869638,0.49487050050423
0.941544242816477,0.17791561357952362,0.31310431241516135,0.37017852152009517,0.30235723229353806,0.16405382090762538,0.44164515899888707,0.4351880783559668,0.782382275377738,0.8027962273000186,0.4091525918601572
0.9875015692766212,0.07324849496602004,0.6415148226423716,0.7371905179223612,0.682261731042219,0.03792598551231838,0.8025465331658096,0.7992373939911905,0.5805357732632388,0.8255170315153527,0.24446600327781734
8,4
0.9423757434043405,0.1792466018282262,0.3097817826511779,0.3681647742574835,0.300843380313579,0.16406816177968206,0.4422314680322017,0.43613644883168806,0.7815653134485754,0.8034442587584062,0.40609447219504324
0.9036759434113106,0.840024754678647,0.0924935289042278,0.18876097794712027,0.12105263157894708,0.4125471221222567,0.10003913128546271,0.04947368421052656,0.9351939939096845,0.7965457916071245,0.49500003215904465
0.9737620547727931,0.12186888393217796,0.4738249349706612,0.5534990124469212,0.46865571219814767,0.0683183261024395,0.6804620090810573,0.6743994987119681,0.6548695010955055,0.8337412493538078,0.27931936055041373
0.9875742536300871,0.07282764396077557,0.6490437158469945,0.7414830674056143,0.6871735517568851,0.037523956453004506,0.7997211895910781,0.7955974842767294,0.580249723590026,0.8247053044513509,0.24444894418047317
8,5
0.9421447820116337,0.17921703847276094,0.3097474523704033,0.3697843631793931,0.3022253022253022,0.16349666822232467,0.44024414749321816,0.43630800611932685,0.7819802260200316,0.8024752436638679,0.4082144278852804
0.9744659725745916,0.12001713616402088,0.473719262295082,0.5540666333858991,0.469428863960114,0.06838611646827432,0.6847118959107805,0.6775943396226414,0.6553946562756484,0.8336146677117757,0.28069851742171514
0.9034405613439147,0.8454610736852958,0.09178720668595292,0.18862154442981172,0.12055192447349294,0.4126072851742104,0.09867701727531158,0.04866814650388451,0.9356826337428721,0.7966175357641472,0.49503873888446837
0.987464930555137,0.07393770941555164,0.6494385807320909,0.7438187043338075,0.6860242750653709,0.03732170750688288,0.8024138106635432,0.7985009046265185,0.5796772151365103,0.8243973303258528,0.24377042576289248
8,6
0.9873111804850908,0.07385303893345918,0.638529947498125,0.7339066941068177,0.6746364262704135,0.03827669056792021,0.7987584129066746,0.7946602540387223,0.582222497123595,0.8265263487797432,0.24588538590099063
0.9039814829988839,0.8489621368377642,0.09278026163272096,0.18944234449741454,0.12047828714495373,0.4070529939220549,0.10048439788216751,0.048561082523346843,0.9355695340769228,0.7970979669665225,0.4930851476085867
0.9447567907179302,0.17460290413290153,0.3151134066921177,0.37611578763122006,0.3082972329547673,0.1576976587617625,0.44693690482252896,0.4471698113207547,0.7779242387620104,0.8047925362001935,0.3957040868726202
0.9732260161223748,0.12393861591882122,0.47210491803278687,0.5489771574914949,0.4670199430199431,0.06978609379789519,0.6721933085501859,0.6637132075471697,0.6593313500205191,0.8329705040414426,0.2814655543224157
8,7
0.9419538326446184,0.18015148099601536,0.31540148271901425,0.37577477651330027,0.3079100658718493,0.15951535216024895,0.43203182345559166,0.4260305251772623,0.779880373958796,0.8028533679655275,0.40952491229781296
0.9037343533894274,0.8441674623925813,0.09225551158846801,0.18897176753007716,0.1204019479881549,0.41078041093015205,0.10057318658780029,0.04927967283204748,0.9355510085686416,0.7967949747874687,0.4937382698520088
0.9864054863815807,0.07648630248443855,0.6463101660294348,0.7354630307364969,0.6718822533519018,0.03811720803269378,0.7883059966507118,0.7820965700162759,0.5842137192719814,0.823187353366876,0.24854407868022432
0.9743518799672178,0.12304941291569405,0.444298403986423,0.5325427495667665,0.45359388531194705,0.0735334992161228,0.6929728313381263,0.687806499875322,0.6590239226752058,0.8384383936639987,0.27435610887474254
8,8
0.9436170498414228,0.17885313487064528,0.3102753669773921,0.3736583187099402,0.30480606297599766,0.1591521966914895,0.44582938503778213,0.4410161548896288,0.7798683691777927,0.8049586573808435,0.40382664175979077
0.987545396518025,0.07312162937768138,0.6509475642367167,0.7453596149127844,0.689761774868158,0.037029508676656706,0.8014052571910675,0.7971765020741334,0.5785165605892625,0.8240605078465031,0.24692971740723801
0.9745434137792853,0.12071743761746107,0.4731075216972035,0.5569914122719438,0.4711643204290264,0.06730740695941195,0.6846708943800567,0.6788845726970032,0.6544543827994903,0.835214566223845,0.2771602439382837
0.9034338465447792,0.8471573237915836,0.09110676972734211,0.18862824158995162,0.120012399805146,0.41173160600585224,0.09846485736849231,0.04751197575520594,0.9362855885410823,0.7968294854139796,0.49503780009617804
8,9
0.9739663977952208,0.11968006892178173,0.47288302724023173,0.5540853278028995,0.4704603388813916,0.06836227241753098,0.6784945635464126,0.6733862959285004,0.6558507470975367,0.8339313842317437,0.27974083206972095
0.9041790353707164,0.8460906828971999,0.09296151104775474,0.18945228563945876,0.12035488665923444,0.4073184092918291,0.10018991433651203,0.04907711238720275,0.9355062799950071,0.7969839101019522,0.4924216586085505
0.942534410060435,0.1777281534159778,0.3078159703860392,0.3718362391418115,0.30125907545262376,0.1622146066045478,0.43906943278570576,0.4374437005477784,0.7821981680278527,0.8040973029923693,0.40945184677621815
0.9875154459939625,0.07378948908566302,0.6443011947763269,0.7388984022622811,0.6817229224008888,0.03759267308934544,0.8026967424862956,0.7970962583946273,0.579975553438169,0.8246998515823226,0.24501655395479716
9,0
0.903677576147438,0.8528987944649853,0.09135843150177125,0.1887266552350378,0.11971538604704424,0.4090116979091841,0.09751359025611317,0.04623115577889464,0.9366822829782918,0.7969856897327261,0.4938441917291616
0.9870258955320399,0.07482185152080068,0.6432869890018676,0.73390204403795,0.6719499441018428,0.038358774491607975,0.7962213542892096,0.7916527346548843,0.583007939311149,0.8256107405908111,0.24299993085816823
0.9392807346422024,0.1790907899707318,0.3152398299939284,0.3707420966288756,0.30705919594808495,0.1649672278797649,0.41357565744182845,0.41193570929419987,0.7854142920105194,0.7990769302895594,0.42159125103721545
0.9728316010156273,0.1263877102455293,0.4537049180327869,0.5350611987852346,0.4496296296296297,0.07381858587922754,0.6754052044609665,0.6700075471698113,0.6647587197373842,0.8344625925167825,0.28394012719764955
9,1
0.9431329693297138,0.17900121326648322,0.311516393442623,0.37336019807025284,0.3046296296296297,0.16080163737611114,0.4414730483271375,0.43660377358490554,0.7802488330939705,0.8040371444618739,0.40345392402095853
0.9036782272607949,0.8429796460186482,0.09195230998509707,0.18876451164117258,0.12032000920889807,0.41197564951652005,0.09984604408396236,0.048999428244710874,0.9354617678632888,0.7968080532159092,0.49476604925267836
0.9873021842368547,0.07490132657673965,0.6386234158818742,0.7341749892210568,0.6811238406983091,0.038228405099542326,0.801958923251338,0.7958517329051251,0.581125751927293,0.8257589312874539,0.24509296730564795
0.9739227511863723,0.12068046350130152,0.475359394703657,0.5560082474105182,0.4673898750821829,0.06782898821828008,0.6816414069202174,0.6736429608127721,0.6544731069095062,0.8330796765805064,0.2792237909437161
9,2
0.9039046141519833,0.8475264397377594,0.0926403906522495,0.18948816012526776,0.12074922713220604,0.4076650474250471,0.10104405599936728,0.04889602569249346,0.9356245470974978,0.7969723983751396,0.49250259075944613
0.9873323681141783,0.07397150771533209,0.6480799461037504,0.7426595632998796,0.6865901728915428,0.03732306344311921,0.8018663747008199,0.7965365727578184,0.5795725220768874,0.8245466329878374,0.2455901162127519
0.9741427745085782,0.12080707137516178,0.46893746205221615,0.552214070341659,0.471087897013823,0.06863592672063092,0.6819220707696543,0.6763522012578616,0.6551182388790124,0.8353604575192404,0.2780009291005668
0.9427881025730975,0.18035093099692023,0.3048743169398907,0.3665397459010676,0.2979107312440646,0.16425266509996253,0.441908302354399,0.4397232704402515,0.7828559704554805,0.8042586279831795,0.4029553455563155
9,3
0.9874847618392006,0.07247746297136123,0.649709875499972,0.7442906159462546,0.68820551982064,0.037211417628476184,0.8001507428556828,0.7969915061920506,0.5800120070448869,0.823921465466098,0.24566453164229884
0.9038438526003167,0.8451320861850575,0.09261879004743273,0.18908070863212156,0.12054029820527268,0.409845249499621,0.10071141471515138,0.04903744852025621,0.935341155494088,0.7968271290964951,0.4939336320359389
0.9426088647037496,0.18157272988266057,0.30845220353417074,0.36848634376936834,0.3003293003293004,0.1633977420352203,0.4461207937044368,0.4408478314138691,0.7813977159483955,0.8045900878665163,0.4020617914574688
0.9742885146467724,0.120980365971601,0.4725505146778498,0.5534637310541204,0.4714105876896575,0.06846810909583433,0.6864211406011353,0.6802837501828287,0.6548204680427411,0.8351076520616946,0.2773536804197103
9,4
0.9709554501497305,0.12629513627539668,0.46953248330297515,0.5446852345059859,0.4622137807322993,0.07122155618375096,0.6598099958694754,0.6525227113906359,0.6641164759342869,0.8301437014177974,0.2912595541774476
0.9027718002860757,0.8488938301708933,0.09009702241552353,0.18752998039469015,0.11922204779347634,0.41642358511811794,0.09608527425840241,0.04522525991528714,0.9369818403356447,0.7965287369842815,0.4977673527275225
0.9877335276654025,0.07152819138155861,0.6398172534264981,0.7353470134514938,0.6778384942319368,0.03809080128038703,0.8017063806447682,0.7965604701515618,0.5804879689486553,0.826190492815521,0.24338434379005153
0.9411454424745791,0.18984680948600927,0.2754352522556869,0.34097547954794033,0.2754256940303452,0.1813602603675339,0.43090977205267855,0.43062746818780157,0.7962837934555473,0.805369179389306,0.4142861366974162
9,5
0.9429778182823584,0.17642501420911239,0.3097540983606557,0.37196351360122015,0.30220797720797726,0.16146825827628486,0.4460037174721189,0.44160377358490566,0.7821258206811679,0.8044385264511031,0.4065910363291177
0.9036021608199379,0.841928229805617,0.0923947946594561,0.18894926008202106,0.12090639410227044,0.4120339257104153,0.10044839612156542,0.04874538027621095,0.9355450655487381,0.7968315520233885,0.49305001965907924
0.987489299406243,0.0728040815614531,0.6477268886259927,0.7426852065611081,0.6848572071939769,0.0372598285052371,0.800533987404029,0.7950204240420151,0.5791915021426565,0.8241185680302435,0.2455476729204351
0.9737589122823678,0.12345153816425633,0.47427836708453874,0.5553660689714763,0.4704541645718117,0.06795694368479999,0.6817552299730301,0.6752793192748797,0.6543542365653711,0.8342698313571005,0.27973930137528924
9,6
0.9448998509143818,0.1826244924306808,0.3107444920121123,0.3706613317810623,0.3038996860652913,0.16121427813705816,0.44891435607226576,0.44206225213315703,0.7783517246065851,0.8048970090184983,0.39910751881947637
0.9034274851660263,0.8421421320434475,0.09238284484186121,0.18857158872502422,0.12067973179084307,0.41345282032545744,0.09862566182268778,0.048694492090718355,0.935555286140024,0.7966152949283274,0.49595490452235325
0.9744012726112091,0.12011092072352311,0.47353272431485427,0.5574008894047374,0.4725212587808008,0.06721473687248307,0.6818439796816029,0.6763214748667722,0.6534836270975158,0.8346176183468815,0.27776286243828496
0.9871860554463351,0.07536685948551805,0.6485894688061169,0.7414764729020472,0.6833579978456304,0.03745670592814221,0.7996243120049393,0.7952130142009466,0.5801936720552282,0.8250044463910942,0.24603572650629213
9,7
0.9037180174973626,0.8457794041427769,0.0921563682219419,0.18881624966583327,0.12052012564833087,0.41096273706879616,0.10040987513106503,0.04895984518626034,0.935678061509004,0.796862792337411,0.49363879396478827
0.9874805880039105,0.07395499807945452,0.6453588834736379,0.7390587325283993,0.6816239316239316,0.03772434786630903,0.8014543353762685,0.798125956144824,0.580270623773139,0.8245857535799952,0.2454050432672234
0.9737717175881921,0.12195586305043071,0.4660732581967213,0.5483655820331904,0.46652421652421655,0.06942479301305304,0.6779739776951673,0.6714327830188679,0.6571071469788696,0.8357253223653299,0.27878173799671563
0.9440726696832538,0.1782771927928371,0.304725168756027,0.3661966323990706,0.29979703182317563,0.16577771567058075,0.44908521029229537,0.4451596990997656,0.7815694052207146,0.8046019008302467,0.39894156910144174
9,8
0.942814302344993,0.17822686996422088,0.3181648146110684,0.3766651708255157,0.3104457064188608,0.15925350914066938,0.43354706718894237,0.42917563631758887,0.7789575834519857,0.8034106200686932,0.40293097955620477
0.9033158625655225,0.8453418207293915,0.09173803115569723,0.18840344276915227,0.12002664738983149,0.4137642989710689,0.09804139155523495,0.047779968084108004,0.9359682404555012,0.7966245710545882,0.4952496836739542
0.9742790113752914,0.12284868657712153,0.4432672345908798,0.5301464925873679,0.4519215217905175,0.07458087615556323,0.6891608902452883,0.6850622064760649,0.6627667885742567,0.8377589865578084,0.2785743747157765
0.9862949323997833,0.07745958867069219,0.646024207139574,0.7364993510422432,0.6740243718436867,0.038008410928477454,0.786042687234363,0.7802739081878561,0.5850330189945523,0.822928271932431,0.250128207231994
9,9
0.9748012036481221,0.12034300976206155,0.47439145553899653,0.5559797673626533,0.47223301389968064,0.06760649562963855,0.685521572603357,0.679559748427673,0.6545668653088145,0.8348977438913114,0.27485072625879314
0.9039399422926626,0.8450452790103569,0.09285653614201994,0.18924411990742385,0.12048477333451446,0.408927381198809,0.0996590712098156,0.049213021800762535,0.9353437187062179,0.7968491489664488,0.4933060448650048
0.9875590072445671,0.07303789093971214,0.6478978476636557,0.7423062032266957,0.6833827548113263,0.03733789929581713,0.8023291100826948,0.797112052368117,0.5802430430522658,0.8239760436612631,0.2449186506890768
0.9423684403003317,0.17749030530884152,0.3119375068764441,0.37330600616655024,0.3068701122392398,0.16167556881029002,0.44060776926723383,0.4331518298087881,0.7799820579268737,0.803172618648527,0.40462482851235704
