0,0,0,1.0
0,0,1,0.9565217391304348
0,0,2,0.9375
0,0,3,1.0
0,1,0,1.0
0,1,1,0.9230769230769231
0,1,2,1.0
0,1,3,1.0
0,2,0,1.0
0,2,1,1.0
0,2,2,1.0
0,2,3,0.8
0,3,0,1.0
0,3,1,0.9473684210526315
0,3,2,1.0
0,3,3,0.9523809523809523
0,4,0,1.0
0,4,1,1.0
0,4,2,1.0
0,4,3,0.8571428571428571
0,5,0,1.0
0,5,1,0.9130434782608695
0,5,2,1.0
0,5,3,1.0
0,6,0,0.8888888888888888
0,6,1,1.0
0,6,2,0.9473684210526315
0,6,3,1.0
0,7,0,0.9523809523809523
0,7,1,0.9615384615384616
0,7,2,1.0
0,7,3,1.0
0,8,0,1.0
0,8,1,0.9655172413793104
0,8,2,0.9375
0,8,3,1.0
0,9,0,0.8
0,9,1,1.0
0,9,2,0.9375
0,9,3,1.0
1,0,0,1.0
1,0,1,0.9545454545454546
1,0,2,1.0
1,0,3,0.9333333333333333
1,1,0,1.0
1,1,1,0.9444444444444444
1,1,2,0.875
1,1,3,1.0
1,2,0,1.0
1,2,1,0.92
1,2,2,1.0
1,2,3,1.0
1,3,0,1.0
1,3,1,0.9565217391304348
1,3,2,0.9375
1,3,3,1.0
1,4,0,1.0
1,4,1,0.8666666666666667
1,4,2,1.0
1,4,3,0.9565217391304348
1,5,0,1.0
1,5,1,0.9545454545454546
1,5,2,0.9666666666666667
1,5,3,0.9523809523809523
1,6,0,0.9523809523809523
1,6,1,1.0
1,6,2,0.9565217391304348
1,6,3,1.0
1,7,0,1.0
1,7,1,0.96
1,7,2,0.9444444444444444
1,7,3,1.0
1,8,0,0.875
1,8,1,0.9583333333333334
1,8,2,1.0
1,8,3,1.0
1,9,0,1.0
1,9,1,0.9583333333333334
1,9,2,0.9285714285714286
1,9,3,1.0
2,0,0,1.0
2,0,1,1.0
2,0,2,0.9130434782608695
2,0,3,1.0
2,1,0,1.0
2,1,1,0.9
2,1,2,1.0
2,1,3,0.9333333333333333
2,2,0,1.0
2,2,1,0.9642857142857143
2,2,2,0.875
2,2,3,1.0
2,3,0,1.0
2,3,1,0.92
2,3,2,1.0
2,3,3,1.0
2,4,0,1.0
2,4,1,0.9565217391304348
2,4,2,0.9230769230769231
2,4,3,1.0
2,5,0,0.9090909090909091
2,5,1,1.0
2,5,2,0.9473684210526315
2,5,3,1.0
2,6,0,1.0
2,6,1,1.0
2,6,2,0.9130434782608695
2,6,3,1.0
2,7,0,0.967741935483871
2,7,1,1.0
2,7,2,1.0
2,7,3,0.9230769230769231
2,8,0,0.8888888888888888
2,8,1,1.0
2,8,2,1.0
2,8,3,1.0
2,9,0,0.9615384615384616
2,9,1,1.0
2,9,2,1.0
2,9,3,0.9333333333333333
3,0,0,1.0
3,0,1,0.9545454545454546
3,0,2,1.0
3,0,3,0.8823529411764706
3,1,0,1.0
3,1,1,0.9523809523809523
3,1,2,1.0
3,1,3,0.9333333333333333
3,2,0,0.9166666666666666
3,2,1,1.0
3,2,2,1.0
3,2,3,1.0
3,3,0,1.0
3,3,1,0.8888888888888888
3,3,2,1.0
3,3,3,1.0
3,4,0,1.0
3,4,1,0.95
3,4,2,0.9444444444444444
3,4,3,1.0
3,5,0,0.9615384615384616
3,5,1,1.0
3,5,2,0.9333333333333333
3,5,3,1.0
3,6,0,1.0
3,6,1,0.9545454545454546
3,6,2,1.0
3,6,3,0.8461538461538461
3,7,0,0.9629629629629629
3,7,1,1.0
3,7,2,0.9230769230769231
3,7,3,1.0
3,8,0,0.9655172413793104
3,8,1,0.9473684210526315
3,8,2,1.0
3,8,3,1.0
3,9,0,1.0
3,9,1,0.9090909090909091
3,9,2,1.0
3,9,3,1.0
4,0,0,0.95
4,0,1,1.0
4,0,2,0.8888888888888888
4,0,3,1.0
4,1,0,0.9310344827586207
4,1,1,1.0
4,1,2,1.0
4,1,3,1.0
4,2,0,0.9565217391304348
4,2,1,1.0
4,2,2,1.0
4,2,3,0.8888888888888888
4,3,0,1.0
4,3,1,1.0
4,3,2,0.9047619047619048
4,3,3,1.0
4,4,0,0.9285714285714286
4,4,1,1.0
4,4,2,0.9545454545454546
4,4,3,0.9655172413793104
4,5,0,0.95
4,5,1,1.0
4,5,2,1.0
4,5,3,0.9545454545454546
4,6,0,0.9090909090909091
4,6,1,1.0
4,6,2,0.9444444444444444
4,6,3,1.0
4,7,0,1.0
4,7,1,0.9565217391304348
4,7,2,1.0
4,7,3,0.9285714285714286
4,8,0,0.8823529411764706
4,8,1,1.0
4,8,2,1.0
4,8,3,1.0
4,9,0,0.92
4,9,1,1.0
4,9,2,1.0
4,9,3,1.0
5,0,0,0.9545454545454546
5,0,1,1.0
5,0,2,1.0
5,0,3,1.0
5,1,0,1.0
5,1,1,0.9565217391304348
5,1,2,0.9473684210526315
5,1,3,1.0
5,2,0,0.8947368421052632
5,2,1,1.0
5,2,2,1.0
5,2,3,1.0
5,3,0,1.0
5,3,1,0.8823529411764706
5,3,2,0.8888888888888888
5,3,3,1.0
5,4,0,0.9583333333333334
5,4,1,1.0
5,4,2,0.9285714285714286
5,4,3,1.0
5,5,0,0.9375
5,5,1,0.9583333333333334
5,5,2,1.0
5,5,3,1.0
5,6,0,1.0
5,6,1,0.9473684210526315
5,6,2,1.0
5,6,3,0.9444444444444444
5,7,0,1.0
5,7,1,0.9583333333333334
5,7,2,0.9629629629629629
5,7,3,1.0
5,8,0,0.9375
5,8,1,0.9565217391304348
5,8,2,1.0
5,8,3,1.0
5,9,0,1.0
5,9,1,0.9615384615384616
5,9,2,0.9411764705882353
5,9,3,1.0
6,0,0,0.95
6,0,1,1.0
6,0,2,1.0
6,0,3,0.9411764705882353
6,1,0,1.0
6,1,1,1.0
6,1,2,0.8571428571428571
6,1,3,1.0
6,2,0,1.0
6,2,1,0.9285714285714286
6,2,2,1.0
6,2,3,1.0
6,3,0,1.0
6,3,1,0.9565217391304348
6,3,2,0.8
6,3,3,1.0
6,4,0,1.0
6,4,1,0.9473684210526315
6,4,2,0.9565217391304348
6,4,3,1.0
6,5,0,1.0
6,5,1,0.9090909090909091
6,5,2,1.0
6,5,3,1.0
6,6,0,1.0
6,6,1,0.875
6,6,2,1.0
6,6,3,1.0
6,7,0,0.9
6,7,1,1.0
6,7,2,0.9130434782608695
6,7,3,1.0
6,8,0,1.0
6,8,1,1.0
6,8,2,1.0
6,8,3,0.92
6,9,0,0.9615384615384616
6,9,1,1.0
6,9,2,0.9523809523809523
6,9,3,1.0
7,0,0,1.0
7,0,1,0.9545454545454546
7,0,2,0.9375
7,0,3,1.0
7,1,0,1.0
7,1,1,0.9642857142857143
7,1,2,0.9166666666666666
7,1,3,1.0
7,2,0,0.9473684210526315
7,2,1,1.0
7,2,2,0.9333333333333333
7,2,3,1.0
7,3,0,1.0
7,3,1,0.9090909090909091
7,3,2,1.0
7,3,3,1.0
7,4,0,1.0
7,4,1,1.0
7,4,2,0.9523809523809523
7,4,3,0.967741935483871
7,5,0,0.875
7,5,1,1.0
7,5,2,1.0
7,5,3,1.0
7,6,0,1.0
7,6,1,0.9565217391304348
7,6,2,1.0
7,6,3,0.875
7,7,0,1.0
7,7,1,1.0
7,7,2,0.9230769230769231
7,7,3,1.0
7,8,0,1.0
7,8,1,0.9047619047619048
7,8,2,1.0
7,8,3,1.0
7,9,0,0.8947368421052632
7,9,1,1.0
7,9,2,1.0
7,9,3,1.0
8,0,0,0.9375
8,0,1,0.9523809523809523
8,0,2,1.0
8,0,3,1.0
8,1,0,1.0
8,1,1,1.0
8,1,2,0.875
8,1,3,1.0
8,2,0,1.0
8,2,1,1.0
8,2,2,0.9
8,2,3,1.0
8,3,0,1.0
8,3,1,0.8947368421052632
8,3,2,1.0
8,3,3,1.0
8,4,0,0.9444444444444444
8,4,1,0.9285714285714286
8,4,2,1.0
8,4,3,1.0
8,5,0,0.9565217391304348
8,5,1,1.0
8,5,2,0.9333333333333333
8,5,3,1.0
8,6,0,1.0
8,6,1,0.9523809523809523
8,6,2,0.9523809523809523
8,6,3,1.0
8,7,0,1.0
8,7,1,0.9333333333333333
8,7,2,1.0
8,7,3,0.9714285714285714
8,8,0,1.0
8,8,1,1.0
8,8,2,1.0
8,8,3,0.92
8,9,0,1.0
8,9,1,0.9705882352941176
8,9,2,0.9166666666666666
8,9,3,1.0
9,0,0,1.0
9,0,1,1.0
9,0,2,0.8947368421052632
9,0,3,1.0
9,1,0,1.0
9,1,1,0.9
9,1,2,1.0
9,1,3,1.0
9,2,0,0.9666666666666667
9,2,1,1.0
9,2,2,1.0
9,2,3,0.95
9,3,0,1.0
9,3,1,0.9047619047619048
9,3,2,0.9444444444444444
9,3,3,1.0
9,4,0,1.0
9,4,1,0.95
9,4,2,1.0
9,4,3,0.9473684210526315
9,5,0,1.0
9,5,1,0.9565217391304348
9,5,2,1.0
9,5,3,0.9714285714285714
9,6,0,0.9230769230769231
9,6,1,0.9545454545454546
9,6,2,1.0
9,6,3,1.0
9,7,0,0.9166666666666666
9,7,1,1.0
9,7,2,1.0
9,7,3,0.9333333333333333
9,8,0,0.9375
9,8,1,0.9444444444444444
9,8,2,1.0
9,8,3,1.0
9,9,0,1.0
9,9,1,0.92
9,9,2,1.0
9,9,3,0.9523809523809523
