0.0,0.2760449050774596,0.0003367872145549363,0.7622675289634923,0,0.00020863596145477507,0,0
0.045070728290251355,0.780449777866526,0.0007190765969933934,1.3903526303918892,0,0.0017555905944045846,4.678086959935982,0
0.028589122678502603,0.2775735074958045,0.0012185751445268481,1.2646389328221457,0,0.0020028713391862718,4.931689097891172,0
0.0031546723670851963,0.25118898727893657,0.0004104553108367924,1.113382058979212,0,0.00026762605776690045,5.661321380754227,0
0.03500848234897921,0.2969801145488178,0.0012638625981466266,1.2372400608882717,0,0.0021642661151557692,4.931689097891172,0
0.04555658750209686,0.7993034807903717,0.00028972906495456545,1.6547689816985007,0,0.001795478896832842,4.678086959935982,0
0.005042712524527888,0.248527221563936,0.0004231286846197682,1.0048166744981966,0,0.00025674494739636497,5.661321380754227,0
-1.6653345369377348e-16,0.2733202684221624,0.0003311244026355013,0.7726174458844709,0,0.00020390291487251458,0,0
0.035366641115452,0.30444589530997973,0.001141411212812333,1.3271220720506292,0,0.002145516237747566,4.931689097891172,0
0.003744602898161843,0.26435055616439507,0.0004356540650715435,1.02187025999244,0,0.0002786613352180528,5.661321380754227,0
-2.7755575615628914e-16,0.2736583710563134,0.00031558865862214456,0.7994032181786863,0,0.00019571443877467904,0,0
0.04303939625212577,0.7743992612527402,0.0005585178012093277,1.5535984474570435,0,0.001696258865873157,4.678086959935982,0
3.3306690738754696e-16,0.2760760163697983,0.00033067549770145525,0.7754962038309247,0,0.000206365988021645,0,0
0.038584461230420176,0.7692120762953097,0.0007215293199187941,1.470684438991957,0,0.0012964328612470421,4.678086959935982,0
0.031232562052785337,0.2981575244080482,0.001180481979957837,1.2837698744641581,0,0.0020437711196937933,4.931689097891172,0
0.0030147926558974046,0.24268912313546828,0.0004024828302989346,1.0500484175543734,0,0.0002512157428320773,5.661321380754227,0
0.0037207839587969985,0.23825472787156166,0.00043065521937332555,1.1031268227046733,0,0.0002698339846908723,5.661321380754227,0
0.045670055396842,0.2915042389666157,0.0013448133183627897,1.2869036813426955,0,0.0023026756115550797,4.931689097891172,0
0.037149445426804664,0.4770801494547989,0.0005544023408172575,1.5095867026763825,0,0.0009760331220919624,4.842356985188674,0
-2.7755575615628914e-16,0.2750421991226434,0.0003162611182921398,0.7902048048180577,0,0.00019856095828286124,0,0
2.7755575615628914e-16,0.2751321993633583,0.00034484960632638915,0.767515269931532,0,0.00021176516033786854,0,0
0.03567915409313287,0.7790276528855202,0.0005585120686935291,1.5511190055973807,0,0.0009944818579058782,4.5138169346832875,0
0.03665456683694036,0.28885102806068025,0.0011764329576265586,1.2915926238147863,0,0.0020278055352539663,4.931689097891172,0
0.0029504200019107793,0.260002145771312,0.0004090385913874083,1.0928390977199096,0,0.0002653142878750848,5.661321380754227,0
0.0443605554899259,0.47082794870077715,0.0006413684845887588,1.4579705950828554,0,0.0016500699582101314,4.678086959935982,0
0.0,0.27035474153931643,0.0003306685103321372,0.7490430031043995,0,0.0002032708033919384,0,0
0.003224848673842408,0.24216161743906056,0.0004241031279606147,1.0885107995477288,0,0.00027007646036432756,5.661321380754227,0
0.026303584219916923,0.2925102796978676,0.0011611627308433705,1.3119052426539843,0,0.0016970324335959838,4.9244491895995255,0
-6.106226635438361e-16,0.24746205521034528,0.00039928356635493426,1.0731101989362581,0,0.0002634203847793101,0,0
0.03334095373724951,0.2927642474813201,0.001089551556103369,1.2550046371660433,0,0.0020031621643394988,4.931689097891172,0
0.03765976406497448,0.7804950316107141,0.0005616844317946346,1.5528912917405566,0,0.0016165403447151263,4.678086959935982,0
3.885780586188048e-16,0.272996918103155,0.0003360040005571593,0.7458911523612931,0,0.00020583582729395374,0,0
1.6653345369377348e-16,0.2696455433310773,0.000333033341820045,0.7389835018527142,0,0.00020226813321461682,0,0
0.04400087646781092,0.7814632636341056,0.0005632559038561523,1.5526142923756812,0,0.0017940066465484711,4.678086959935982,0
0.04566577696994449,0.29312958352818785,0.0011381715406778852,1.3050032205127184,0,0.0019467820468086138,4.730067070285055,0
0.003307369092161328,0.24595816075014373,0.0004142038356145339,1.1069146031922223,0,0.00026473851595592326,5.661321380754227,0
-1.1102230246251565e-16,0.274145807233996,0.00035249259314792464,0.767234419868533,0,0.0002162926950981408,0,0
0.04881640382421839,0.7819806846080036,0.00024497193733675403,1.832372860280615,0,0.0016205197080373615,4.678086959935982,0
0.02699445227913462,0.29515163294699176,0.0011341364988672936,1.278561654506859,0,0.0017013636029157325,5.140551033788936,0
0.0032663971805565253,0.25793549552920786,0.0004233249064420573,1.0752635274377675,0,0.00027170324627278763,5.661321380754227,0
0.0,0.27373228154582563,0.0003326925774287951,0.7661831510509978,0,0.00020492200550820748,0,0
0.03734095894665893,0.4752625379335118,0.0005547432317194844,1.4575873889029498,0,0.001304201471113043,4.678086959935982,0
0.030108617898529703,0.27968759360643763,0.0011448096638208174,1.2981134446877802,0,0.0020353819707182538,4.931689097891172,0
0.0030948652286659564,0.25099773643216633,0.0004212508779103148,1.074984650681375,0,0.0002714813573103323,5.661321380754227,0
-7.216449660063518e-16,0.277670532904491,0.0003428693092636929,0.7807597456243172,0,0.00021464090489565552,0,0
0.04799252493667322,0.5091853788879671,0.0006695387015588956,1.4426241409311849,0,0.0016776201081053902,4.678086959935982,0
0.030581694796889235,0.29034563165743865,0.001157496067354013,1.3012281780444042,0,0.0019205245609084075,4.931689097891172,0
0.003394938798203736,0.24204892348205914,0.0004230625160809753,1.0837647176635068,0,0.0002739777623715442,5.661321380754227,0
-3.3306690738754696e-16,0.27081683501165876,0.00033681246050097657,0.7642970450099286,0,0.00020736771125804445,0,0
0.03814779991746515,0.7875678657583255,0.0005733375655483276,1.5564077711867221,0,0.0017284597139040493,4.678086959935982,0
0.039696900017647634,0.30666233420133315,0.0011561262141989222,1.294816674305904,0,0.0020512110573947134,4.931689097891172,0
0.0030741507314212407,0.25793881960579884,0.00039087017165273654,1.0380232609593572,0,0.0002506564287977654,5.661321380754227,0
3.3306690738754696e-16,0.26458124802178135,0.0003165455200899047,0.8045208541758615,0,0.00019436305131175123,0,0
0.0394675894011922,0.47047230570424453,0.0007058134320402345,1.4824964239371308,0,0.001716280967957294,4.678086959935982,0
0.033495339837791335,0.29543320145824453,0.0012481094997344375,1.2851177545962325,0,0.002137271595593597,4.931689097891172,0
0.003704012927641616,0.24489983655578526,0.00045003829348859876,1.009578455855607,0,0.00027832179785702274,5.661321380754227,0
0.03606975449355983,0.2737777011265064,0.0013089824327347864,1.2484030244528823,0,0.002023955767229331,4.931689097891172,0
0.034306058209816706,0.4696226096849869,0.0006662121897852866,1.4708659951714464,0,0.0008578491587809017,4.5138169346832875,0
0.003180601851457125,0.2445459577927732,0.00040904176573955457,1.0829943851261945,0,0.00025779489713274455,5.661321380754227,0
6.661338147750939e-16,0.27018915139919003,0.00033933177257495183,0.7434635357983811,0,0.0002057490368764025,0,0
-1.6653345369377348e-16,0.27146086025270066,0.00031191443626498594,0.8259195431448114,0,0.0001944485798895215,0,0
0.048649228933458834,0.4588312543660552,0.0006610461747471186,1.4153171991250069,0,0.0017082747901986382,4.678086959935982,0
0.044249209656621505,0.29327861046535675,0.0013303980644795517,1.335902777556173,0,0.002349606607167863,4.931689097891172,0
-6.661338147750939e-16,0.2554983963962916,0.00043646077258566933,1.0395946664163753,0,0.00027801879370099696,0,0
0.0449652206742984,0.7786604718028778,0.0005402099229014369,1.5509643021451887,0,0.0017684590656226263,4.678086959935982,0
0.0254568125144606,0.29535537832597225,0.0011830405721238366,1.255697781333195,0,0.001784989501493629,5.140551033788936,0
5.551115123125783e-16,0.2827569250056656,0.0003340678468175844,0.7459728396587325,0,0.00020730474922105621,0,0
0.0030831955715965413,0.2522860023448892,0.00041744490521543527,1.1011936482538522,0,0.00026789528121646156,5.661321380754227,0
0.0,0.27304847890057304,0.00032870818223678706,0.7593105510698335,0,0.00020368892649560026,0,0
0.048056998851712524,0.7909244682027118,0.00026785681635144756,1.7268831675197907,0,0.0017550658302778327,4.678086959935982,0
0.030768109513405424,0.30225305045958056,0.0011215399358004813,1.3199553276483944,0,0.0018408256514520483,4.9244491895995255,0
0.0032441777221872206,0.2453202340887001,0.000416375444305895,1.1249859088619254,0,0.0002717262437521029,5.661321380754227,0
0.002972041158483138,0.25105327434475433,0.0004217247784490778,1.1040171173069013,0,0.0002701386500567091,5.661321380754227,0
0.04350270326090543,0.7801362366715004,0.0005528291565508661,1.549116339089558,0,0.0017491488573593802,4.678086959935982,0
3.3306690738754696e-16,0.2792995772499867,0.0003399469823709896,0.7472122936008905,0,0.00020925553482917348,0,0
0.04223166700387661,0.2954638061623205,0.0011083269802593225,1.31088425258302,0,0.0018680660494242193,4.730067070285055,0
-1.1102230246251565e-16,0.27572893717205077,0.0003543196687109946,0.741890682599798,0,0.00021757879674387366,0,0
0.030202829232803256,0.7681560025941807,0.0006960847678125705,1.4606888047298403,0,0.0009423131875361435,4.842356985188674,0
0.03029135966054771,0.2906927467616126,0.0010961543593294614,1.259556671802198,0,0.0020076268653015095,4.931689097891172,0
0.003040670418816154,0.25114695690871003,0.00038860018184354826,1.0850764116375191,0,0.000250305565812345,5.661321380754227,0
0.0031724841588545855,0.246063373071177,0.0004132301521810254,1.095476445920771,0,0.00026839474137380103,5.661321380754227,0
-3.3306690738754696e-16,0.27061433450182154,0.00032319532181832115,0.7385956249865171,0,0.0001985772644141375,0,0
0.03054845780031789,0.2909901253074219,0.0012461363002999328,1.3047499200825994,0,0.0021568702461885587,4.931689097891172,0
0.0446860364656641,0.7790540419946739,0.0005731755037905549,1.5525358656346138,0,0.001676266862938875,4.678086959935982,0
0.0,0.27646700306619,0.00032310020083653945,0.7687514041044592,0,0.00020218861707766963,0,0
0.04547220175234119,0.7863364850072176,0.0007039033899287364,1.4178713431544891,0,0.0018005552051631624,4.678086959935982,0
0.0372629749238632,0.2857478093118888,0.0012449643858751653,1.2743886513894302,0,0.002124377017462953,4.931689097891172,0
0.003508762811701309,0.25324364416352024,0.00042222463989624647,1.0781884256285081,0,0.0002808562399574439,5.661321380754227,0
3.885780586188048e-16,0.28829077682996135,0.00033635940604167554,0.7623972367974176,0,0.00021201736955119157,0,0
0.04169682753576629,0.7820721518321966,0.0007095467886094114,1.4151915114814295,0,0.0017876968466337473,4.678086959935982,0
0.02969539070828342,0.28735989386587885,0.0010900946623729401,1.2989617306092782,0,0.001974099399185212,4.931689097891172,0
0.0032416606689576292,0.246570463353779,0.00042173312837414067,1.1051203651440027,0,0.00026673334960423256,5.661321380754227,0
-3.3306690738754696e-16,0.2774200539906541,0.00033773857249057065,0.7718038275355166,0,0.00020851461876589912,0,0
0.04045415328498813,0.7692116851286679,0.00073457913266793,1.4525358079573074,0,0.0013574717632727428,4.678086959935982,0
0.03486914516517509,0.2988018222705846,0.0011016343319400273,1.2746314364632843,0,0.0020047631193945603,4.931689097891172,0
0.0030643607438863435,0.25083124163634,0.000409298500349797,1.0881871985550742,0,0.00026549800898000746,5.661321380754227,0
0.0,0.2655709269328875,0.00033888287153648554,0.7368055839658636,0,0.00020390346458215835,0,0
0.039616344138756136,0.4597232725512817,0.0007003914906325605,1.4195655762429586,0,0.0016353376040060912,4.678086959935982,0
0.044815797656463124,0.2942340018373944,0.001217527551504719,1.320635447162863,0,0.001989410576013608,4.730067070285055,0
0.003147158908909358,0.23766391724063574,0.00041530410836909155,1.0597702828594953,0,0.0002605339182451028,5.661321380754227,0
0.04866357907559429,0.4824517944048863,0.000667070880887586,1.4757262896180452,0,0.0016263922687443878,4.678086959935982,0
0.024793383439012787,0.2818459046450062,0.0011699860480986876,1.2410739131359545,0,0.0016764760807428632,5.140551033788936,0
3.3306690738754696e-16,0.27936380227606633,0.000336585129830671,0.751773035887893,0,0.00020838476592878179,0,0
0.003124186974662383,0.25652821966513517,0.00040208308455302275,1.110272270238519,0,0.0002632653275964569,5.661321380754227,0
0.036917869648880816,0.2968478390719733,0.00129767023802685,1.213916625270884,0,0.0022491340521049825,4.931689097891172,0
0.00446758436001745,0.24461632031446706,0.00042315941075454273,1.0364998067713849,0,0.0002590504305591187,5.661321380754227,0
2.220446049250313e-16,0.27690175641200465,0.0003273039019817511,0.762620520629557,0,0.000203124184021345,0,0
0.03470927674325091,0.48444541829968646,0.0005511008097514771,1.4286458356383398,0,0.0009628870832590557,4.842356985188674,0
0.027582801606859036,0.28533216944722206,0.001102947056345022,1.2609831231892892,0,0.001834368959536184,4.931689097891172,0
0.04779049539771069,0.7903569049809956,0.00024541016265446097,1.8383297050043717,0,0.0016300872630917677,4.678086959935982,0
0.0,0.24684109105013474,0.00041792538136349453,1.0823425699748035,0,0.000263497141260975,0,0
-3.3306690738754696e-16,0.2733936322371594,0.0003459378472174507,0.7587279279758483,0,0.00021232915184803732,0,0
3.3306690738754696e-16,0.2674882119438068,0.0003310120690384144,0.768895093549135,0,0.00020311400195686624,0,0
0.029867827109360666,0.7972704028419263,0.0005451480150017604,1.48638260946653,0,0.000928776180151847,4.5138169346832875,0
0.03964826387662822,0.3067057284588983,0.001389835410682908,1.240777858200719,0,0.0023393462750220537,4.931689097891172,0
0.004657031253888003,0.24624310124468618,0.00041541719157755006,0.9947382196772396,0,0.00025120317437450786,5.661321380754227,0
0.0028208186974513806,0.25209143295084535,0.00040029210525550457,1.0518716018191654,0,0.00025190743936508956,5.661321380754227,0
0.029630810363152307,0.28576469263692966,0.001168270805834859,1.3162486908611626,0,0.001805064003057962,4.9244491895995255,0
0.04894800187926835,0.47855513096690033,0.0007049329086913731,1.4673084431831398,0,0.0017517317487216447,4.678086959935982,0
-1.1102230246251565e-16,0.27167878853402616,0.0003421674804374072,0.7773340428247931,0,0.0002107392452661533,0,0
0.032871433216590334,0.3061205459634893,0.0011218178964143405,1.2783207890508403,0,0.0020499155046960886,4.931689097891172,0
0.04294254621459458,0.7941520228372466,0.0004914275940949137,1.5537601799599046,0,0.0016895192003785376,4.678086959935982,0
0.0035505586310819563,0.26500944470930865,0.000417541218034233,1.012433833374224,0,0.00026696909916445273,5.661321380754227,0
-6.106226635438361e-16,0.27049960132710055,0.000330006272823908,0.8038449883956824,0,0.00020383734356128023,0,0
0.030961273593488076,0.29323854296018964,0.0011581794489858117,1.286373769302363,0,0.0020791100127771846,4.931689097891172,0
0.0370558333103008,0.7738765745074584,0.0007166889610179518,1.4755683195692737,0,0.0013205942802515403,4.678086959935982,0
0.003204870908308257,0.23982425857340084,0.00041935223610449653,1.1114282411536376,0,0.00027155175544651554,5.661321380754227,0
0.0,0.2738716015852534,0.0003340287216861306,0.7581064428943969,0,0.00020447152921899126,0,0
0.003287868571301932,0.2592408944058492,0.00039882977106998934,1.1021886484475167,0,0.0002599227432657589,5.661321380754227,0
0.03415851607910355,0.29941703492917277,0.0011698502628872986,1.2860464477065738,0,0.002101888715729485,4.931689097891172,0
0.04515983862498196,0.7834794211883508,0.00024162418457462893,1.8308809806456563,0,0.0017740035591412918,4.678086959935982,0
1.1102230246251565e-16,0.27842225305839424,0.00033669441853713893,0.7701246750851223,0,0.00020831088256916726,0,0
2.220446049250313e-16,0.28023010909790314,0.00032481666391854407,0.728426069006223,0,0.00020145002967160628,0,0
0.05270983340205245,0.45481644371979774,0.0006886611256812368,1.414975562333331,0,0.0016895304163708346,4.678086959935982,0
0.0375299721090283,0.29347718730803524,0.0012326872772197314,1.2795306121582752,0,0.0021399109825409133,4.931689097891172,0
0.003302330122508825,0.23206712132102414,0.0004278845865488625,1.1027154130364403,0,0.00026759255855227673,5.661321380754227,0
-1.6653345369377348e-16,0.2772530820818398,0.0003323644236607894,0.7454210566204357,0,0.00020598799378068213,0,0
0.032695453190035376,0.7784382358508631,0.0007009360622222841,1.4994559400946716,0,0.0016232663644267526,4.678086959935982,0
0.0418998516418974,0.2758972335644516,0.001278430326408592,1.310948573568293,0,0.0020377226017444803,4.730067070285055,0
0.0029824716549357692,0.2418752577217145,0.0004062869483723523,1.073460290886068,0,0.00025769759134557904,5.661321380754227,0
0.0031075646710902564,0.2531724834267833,0.0004145097503719925,1.1209665668889286,0,0.00027146598544029575,5.661321380754227,0
-1.1102230246251565e-16,0.27453374349251375,0.0003381414177911757,0.7587910494774772,0,0.00020814633062726012,0,0
0.0289812889984946,0.29780742936338345,0.0011702428035448493,1.3094147873046555,0,0.0018318805952044668,4.9244491895995255,0
0.04674714345563194,0.48190985281258075,0.0006695141070038095,1.4487130793285565,0,0.0017672889896118908,4.678086959935982,0
-4.440892098500626e-16,0.27048721084314326,0.00035247930582715185,0.7565034001530977,0,0.00021258234735728563,0,0
0.04419771543086641,0.5068870107307665,0.0006642903780570112,1.4644829018608485,0,0.0016766518768033295,4.678086959935982,0
0.02549969215878787,0.29036884709757105,0.0011373413796107322,1.2828472638950372,0,0.001541974283850383,5.140551033788936,0
0.0029538519686811635,0.2527370678873693,0.0004079110199506207,1.0677160083502963,0,0.0002625264112345778,5.661321380754227,0
0.003008174799930853,0.2538571725020978,0.0004082906659201574,1.07190513715312,0,0.00026193409343713944,5.661321380754227,0
-6.661338147750939e-16,0.2691072058094553,0.000328058137522528,0.7646999256213681,0,0.00020232454901382863,0,0
0.029484101422213638,0.28600067268905754,0.001127839494645096,1.276711334881733,0,0.001933394718795301,4.931689097891172,0
0.035136698417421446,0.7800866680273378,0.0005786134356413222,1.5512419882882948,0,0.0009587036612394574,4.5138169346832875,0
0.04210411906696999,0.28417148532559666,0.0012160750044768328,1.2950016156388668,0,0.0021786180276290507,4.931689097891172,0
0.05065755381286213,0.45842888701637086,0.0006661524523577982,1.4065888986167818,0,0.001667043213322673,4.678086959935982,0
0.0,0.24993243004046353,0.0004444760489862584,1.010984301638421,0,0.00028219321552431007,0,0
-1.1102230246251565e-16,0.27597014944992826,0.0003184129263452833,0.8323276485462284,0,0.00020086967107469403,0,0
6.661338147750939e-16,0.2729621072165578,0.0003481780041924028,0.7383869662971054,0,0.00021084558871632203,0,0
0.03288252791584249,0.786164326359861,0.0005667556268503208,1.4847345372040224,0,0.0010072668490182116,4.842356985188674,0
0.03630103690101495,0.2956681470297384,0.0011960455427558274,1.3214016279095275,0,0.0020671171406280767,4.931689097891172,0
0.003126691506251885,0.2506726343266925,0.0004104058568210056,1.1168344395420715,0,0.00026210586420697643,5.661321380754227,0
0.05147004186962205,0.48598330473253887,0.0006452778921796355,1.457483146844085,0,0.001718390454428157,4.678086959935982,0
0.034307095967397394,0.29373921917168566,0.0012123124599572306,1.2484132094514353,0,0.0020521110608067404,4.931689097891172,0
5.551115123125783e-16,0.27483799936356673,0.0003521060076563343,0.7556018216495309,0,0.0002166948495572838,0,0
0.002972759451589667,0.24868613045226476,0.000396438949060759,1.0888794937265782,0,0.0002547092428291917,5.661321380754227,0
0.0033023301225092137,0.23588474633888584,0.00039659161732195594,1.0912149563194111,0,0.0002567191107823731,5.661321380754227,0
0.035680555803029326,0.2947056883931425,0.0012108026374707398,1.3037347052828967,0,0.0020519387002602544,4.931689097891172,0
0.0459009998611911,0.77152299563322,0.0007243904375370249,1.4494496290069243,0,0.0018190675647354827,4.678086959935982,0
-2.220446049250313e-16,0.2699905799638935,0.0003279666688003941,0.7584931350943681,0,0.0002012771007564458,0,0
0.004679402296152893,0.24019982113725868,0.00042214463798001566,0.9927702059618133,0,0.0002598270714617803,5.661321380754227,0
0.030013373153031292,0.2855309112122045,0.0012119340600553604,1.265150768085196,0,0.002149275455772848,4.931689097891172,0
0.0394675894011922,0.46835573999931607,0.0006814168521412697,1.4677681897536208,0,0.001704689210809043,4.678086959935982,0
-5.551115123125783e-16,0.2772243657997637,0.0003234680788265909,0.7642857469889158,0,0.00020253817280972182,0,0
0.03825639469461583,0.7744863890828526,0.0007162995333300057,1.4812822369348715,0,0.001338266622014057,4.678086959935982,0
0.03371360396321904,0.292483667088956,0.0011945657137166726,1.300180146544051,0,0.0020939412828346235,4.931689097891172,0
0.0,0.2738685687982235,0.00033644754426516074,0.7523788369653872,0,0.00020741485206305057,0,0
0.003011525394128696,0.2557277627353913,0.00040240918069242646,1.0607946811645077,0,0.0002565613096401004,5.661321380754227,0
0.051727671837119724,0.48896660676974474,0.0007278962988993122,1.4811785013564256,0,0.0016521986167519495,4.678086959935982,0
0.034335095663896774,0.2853701214041709,0.001230366332360039,1.21724088343939,0,0.0020992473080886196,4.931689097891172,0
0.0,0.27746886401188653,0.0003095963826293313,0.8185458141944078,0,0.00019497673322807821,0,0
4.996003610813204e-16,0.25802306312582796,0.000458662329973507,1.0551955207213346,0,0.000295304141806369,0,0
0.0029727594515898334,0.2623979107020956,0.0003930118353379212,1.0989465351424326,0,0.0002552766417983262,5.661321380754227,0
0.029811133009646003,0.30002581662327754,0.0011223963241632918,1.2966632217018712,0,0.001823440131956862,4.9244491895995255,0
0.0355468625828194,0.7770192884343892,0.0005594737405175072,1.5501423014329132,0,0.0016593249079079758,4.678086959935982,0
-3.3306690738754696e-16,0.2669928364871058,0.00035073748563627127,0.7666344343277729,0,0.0002139914536779916,0,0
0.04594325830518972,0.4693422778454533,0.0006436337731802259,1.4486083052959655,0,0.0016792646080166732,4.678086959935982,0
0.03310098655684527,0.3056392026543324,0.0012145706964416475,1.3102997365935984,0,0.0018367687087601338,5.140551033788936,0
-3.3306690738754696e-16,0.2744689002591132,0.000319803702527611,0.8156615731625628,0,0.0002008127820448349,0,0
0.00344951104599946,0.2550173801832647,0.0004661673083488661,1.0221931511072198,0,0.0002921325410590075,5.661321380754227,0
-6.106226635438361e-16,0.27595585254928995,0.0003329143974188188,0.7577634361209474,0,0.00020293759697153109,0,0
0.031668833836055905,0.7817157226812894,0.0006855506223189862,1.365042571645635,0,0.000914655074031382,4.842356985188674,0
0.032620395599220094,0.292226297092877,0.0011586293670818799,1.3019180661792749,0,0.0018821696413346342,4.931689097891172,0
0.0032547392059973437,0.24249397313258506,0.00042960712270520524,1.10412204819523,0,0.0002734544304280888,5.661321380754227,0
-3.885780586188048e-16,0.26917102620717,0.00032921113252642065,0.7414210871515345,0,0.00020260962778553116,0,0
0.044413018050466685,0.47875627268355486,0.0006496729792054434,1.468666202684494,0,0.0016684723004807994,4.678086959935982,0
0.03663996164943507,0.2865937310670621,0.0012279392811473317,1.3269604546914502,0,0.0021032136807272827,4.730067070285055,0
0.003175269338091917,0.24112187908899793,0.00041068610545547655,1.0810861870925927,0,0.00026205577140975733,5.661321380754227,0
0.0030643607438870096,0.26303185034312243,0.00041561246057927024,1.0594893903050582,0,0.00026864855469864213,5.661321380754227,0
0.0,0.2699972814949487,0.0003391469238309057,0.7609961513324568,0,0.00020570415809966205,0,0
0.03398002952572108,0.28368556978552667,0.0012170086230494817,1.2760595328717026,0,0.002053162982344934,4.931689097891172,0
0.037029681362494564,0.46150519811251545,0.0006829424627894913,1.4706771735207633,0,0.0009499458115215214,4.5138169346832875,0
0.002890781585577939,0.2467330213177478,0.00041119206031900457,1.0908085671887418,0,0.00026406523219033105,5.661321380754227,0
0.0,0.2669295283957213,0.0003411672961004157,0.7468018871585952,0,0.00020696349425673832,0,0
0.035291605114962585,0.2881373814444117,0.00123796136107255,1.3184351859173378,0,0.00209890192711924,4.931689097891172,0
0.03529575440218648,0.7798621753682677,0.0006764929219404229,1.5217662874892042,0,0.0017677071405686425,4.678086959935982,0
-9.43689570931383e-16,0.27762132869823364,0.0003378896954576503,0.7795716566635305,0,0.00021128048585748805,0,0
0.049598476519948836,0.7792112196231479,0.0003050845430007247,1.7268617171261966,0,0.0017484650888854145,4.678086959935982,0
0.04111721332727037,0.3064294869984406,0.0011431832267198403,1.2909386616262088,0,0.0019865968887403667,4.931689097891172,0
0.002932353513726383,0.2539203006361844,0.00040386784278627526,1.0963029380318465,0,0.0002593494467225321,5.661321380754227,0
0.0,0.2732313757459648,0.0003395773900210083,0.7372028225337173,0,0.00020775843973365555,0,0
0.03805840763049201,0.7750858271278805,0.0007091656153032989,1.4819915888520105,0,0.0013173288871504735,4.678086959935982,0
0.03797124977778758,0.2778012163497968,0.0012097789406528019,1.2545528926198712,0,0.0020803694060639545,4.931689097891172,0
0.0030115253941285294,0.2403929754167951,0.00040606715716749535,1.0878287300392024,0,0.00026274046881881474,5.661321380754227,0
5.551115123125783e-16,0.2775359312802575,0.00033818626632322105,0.768176849389999,0,0.0002088066401354579,0,0
0.048979076876986466,0.45193865146369455,0.0006136179079914961,1.466876957108028,0,0.0015988873915410574,4.678086959935982,0
0.03063537463855391,0.2906213146589901,0.0011551889722202773,1.3076109154154474,0,0.0021779500480109495,4.931689097891172,0
0.003333512442052596,0.24033353499291615,0.00042229315417178023,1.0975181634312186,0,0.0002730631778939609,5.661321380754227,0
0.0029074575527314496,0.2552727278749443,0.00041874993699681363,1.0937923141719994,0,0.0002736497448305144,5.661321380754227,0
6.106226635438361e-16,0.2777474485959987,0.00033239692679641044,0.7602393743126061,0,0.00020616028061968002,0,0
0.03810991646136233,0.2968772323322692,0.0011277989894862433,1.2958230737042804,0,0.001947656526249088,4.730067070285055,0
0.04350270326090543,0.7743742744078874,0.0005552261311916742,1.5494899438376075,0,0.0017636794140824033,4.678086959935982,0
-7.771561172376096e-16,0.28508083760240255,0.00033975799397319205,0.7624721170949352,0,0.0002115247996958513,0,0
0.045070728290251355,0.7817317888822762,0.0005598335336589483,1.5542532869186987,0,0.0017463231566051186,4.678086959935982,0
0.02733781859528891,0.3049404253256967,0.0011143928831994587,1.2675683779340303,0,0.001709167523444681,5.140551033788936,0
0.002894371835245331,0.2551400088337938,0.00040550339539395405,1.0697658525091922,0,0.0002591651707447379,5.661321380754227,0
6.106226635438361e-16,0.27242989797606537,0.0003362433564588932,0.7447150894034524,0,0.00020465753893578805,0,0
0.04094833215165734,0.47040555068325585,0.0007192645181869183,1.5152734354884347,0,0.0016005806103273675,4.678086959935982,0
0.028926796550360054,0.28574128250380004,0.0012103358284151807,1.3067072628827225,0,0.0018500678897526853,4.9244491895995255,0
0.003104516049569052,0.25990243991825307,0.0004117114934942801,1.0657472329111517,0,0.00026296181482983146,5.661321380754227,0
2.7755575615628914e-16,0.2531982011424807,0.0003978347473324287,1.0956240898985001,0,0.0002594213989763989,0,0
0.045070728290251355,0.7781822089299516,0.0005449568254683936,1.5533305612712422,0,0.0017376020245206839,4.678086959935982,0
-5.551115123125783e-16,0.2710398107123027,0.00035378457682154685,0.7428211128754573,0,0.00021310456942869052,0,0
0.03325546356253789,0.29660815342554725,0.0011174959197938498,1.2685305980039636,0,0.0019986037148462614,4.931689097891172,0
0.0033976518064954414,0.23576435162387988,0.0004152159751707386,1.0978688613764715,0,0.00026173561086531273,5.661321380754227,0
0.03125270769949283,0.47594130770644066,0.0005280650161112651,1.4333360217479174,0,0.0009299862581449875,4.842356985188674,0
-8.881784197001252e-16,0.2718886099898418,0.00032861523199842794,0.7598525259330282,0,0.00020162576383076498,0,0
0.03203870067715327,0.2853475367656985,0.0012088654499147274,1.2897848527433204,0,0.0019447475223892939,4.931689097891172,0
-3.3306690738754696e-16,0.26393464401039485,0.0003099895997153744,0.8067756227886546,0,0.00019112895720091978,0,0
0.03169744830615487,0.4608885274460473,0.0007012079854610209,1.4654753200910104,0,0.0009494573243107763,4.5138169346832875,0
0.03983162375042276,0.3014369078663796,0.0012466564801355679,1.3198357304651946,0,0.002106057935610262,4.931689097891172,0
0.0037000683021410387,0.26233622456554834,0.00044937609793096393,1.0311847198830346,0,0.000286498787630987,5.661321380754227,0
0.004962184444711682,0.2425693018841631,0.0004106629103924682,0.9671251592526091,0,0.00024217969775509296,5.661321380754227,0
0.0227716858782376,0.2842633344704867,0.0012845845287829778,1.1595031889779257,0,0.002133410984124359,4.931689097891172,0
0.04826457641017762,0.46733267652167315,0.0006648957802509468,1.4272920469904657,0,0.0016803512388183465,4.678086959935982,0
3.885780586188048e-16,0.27806065481325404,0.00033338495757066246,0.766408999592971,0,0.00020994676481981626,0,0
0.04009768114331235,0.48055523192088734,0.0006509648687577466,1.483264662012349,0,0.0016775684726215703,4.678086959935982,0
0.03290680358662979,0.2956436141902656,0.0012120483239602005,1.309613797887051,0,0.0021277919801462658,4.931689097891172,0
-5.551115123125783e-16,0.2731395051371027,0.0003230563523958663,0.7616314867584495,0,0.0001990733654449661,0,0
0.003157312413979936,0.24347927522926593,0.0004282110362620009,1.092926060921511,0,0.00027013781144659806,5.661321380754227,0
0.03328163896708072,0.28458493644280836,0.001130580586103083,1.2654129685475755,0,0.0019436843883921828,4.931689097891172,0
0.04786088594973773,0.7852487249051253,0.000563200853361098,1.557244996086283,0,0.0018807145086751275,4.678086959935982,0
0.002944804267878156,0.25454987497944703,0.00040732475897424747,1.0755915914038365,0,0.00025863282762734563,5.661321380754227,0
-1.1102230246251565e-16,0.2681448269382372,0.0003522419344662698,0.7506502495171061,0,0.00021219898784877062,0,0
-6.661338147750939e-16,0.27802159462188525,0.0003466898385051593,0.7327788974455349,0,0.0002131165470953361,0,0
0.0488088401390547,0.77237594241173,0.0005532737071700052,1.5537571358208533,0,0.0017043200983747756,4.678086959935982,0
0.0330866530122624,0.2855343909302636,0.0011229144107354947,1.2859256903258367,0,0.001834314364576788,4.931689097891172,0
0.0030299270279167817,0.25955693267899377,0.0003985042236207316,1.0840098791065547,0,0.0002580287761324461,5.661321380754227,0
-8.881784197001252e-16,0.27933960867847374,0.0003209243491628031,0.7848289367290382,0,0.00020137262669125364,0,0
0.045070728290251355,0.7815807959057544,0.0007293297896104187,1.405384162893262,0,0.0017175222672917289,4.678086959935982,0
0.029736461165941475,0.3071424065824058,0.0012379939639715284,1.3284522453606085,0,0.001994702796114488,4.9244491895995255,0
0.003841346267953894,0.23720724591014744,0.0004261298066139482,1.0999636373643062,0,0.00027175495827032824,5.661321380754227,0
0.0,0.2680214658970366,0.00033935624338045687,0.757652115272416,0,0.00020678162754415608,0,0
0.022427130914544412,0.46277101743722,0.0005900252126975326,1.410310041690142,0,0.0005723391527616929,4.842356985188674,0
0.03474081748521631,0.28650417213165197,0.0011265452091432735,1.2873041164516756,0,0.001977990430338951,4.931689097891172,0
0.00337746430178687,0.2553633287274036,0.0004184133774333699,1.066149203698055,0,0.0002669106528708086,5.661321380754227,0
5.551115123125783e-16,0.2766210241133665,0.0003278071204522046,0.7471317688980009,0,0.000203224867664159,0,0
0.03938217563206232,0.775738812943579,0.0007118543892836927,1.4812730602778479,0,0.0017018178085424832,4.678086959935982,0
0.022746085438189186,0.3028641952350277,0.0010843992867403047,1.2491307339455733,0,0.0017473474332785793,5.140551033788936,0
0.003276715652919461,0.249269903155955,0.000400594911730737,1.070463142183176,0,0.00025758424024424924,5.661321380754227,0
0.03496661789243464,0.810071634049648,0.0001955042828189656,1.6553731021576508,0,0.000951118539220135,4.5138169346832875,0
0.03523616653941565,0.2844326821481909,0.00120872489432607,1.2882177561239294,0,0.0020269998278757066,4.931689097891172,0
2.220446049250313e-16,0.27384081479731703,0.0003233138479955738,0.8266626018867617,0,0.00020361292959910786,0,0
0.003383171269113555,0.24909660862188013,0.00043750441433423773,1.0372247188428545,0,0.00027878648052287214,5.661321380754227,0
4.996003610813204e-16,0.27378246117141025,0.0003316999727725869,0.7498630056929507,0,0.00020188597981943835,0,0
0.046494444997044096,0.46764521706152956,0.0006595645541338917,1.436059787932772,0,0.0016216270487950702,4.678086959935982,0
0.030678490829191364,0.3107727572851796,0.0012847703282396772,1.206806499490853,0,0.0022632030871677306,4.730067070285055,0
0.003455135007929863,0.22549255051947065,0.00040651437858514757,1.0817568882553532,0,0.0002546767772868523,5.661321380754227,0
-2.220446049250313e-16,0.28015296801254874,0.00034042183663909,0.7774792295021419,0,0.00021027390543254111,0,0
0.03914351215139277,0.7829727059773172,0.000682618425822493,1.416955234585693,0,0.0016823343506375803,4.678086959935982,0
0.03313534204239394,0.29120624637955467,0.001195976042296488,1.2687451603186646,0,0.002040075197761604,4.931689097891172,0
0.0,0.2574758398366672,0.00040831894571137023,1.093979949719783,0,0.0002654132330522883,0,0
-1.6653345369377348e-16,0.2792329122673358,0.0003327238947541163,0.7745639760688158,0,0.00020740210680909543,0,0
0.04330637749313967,0.774820668486924,0.0005496200224625636,1.5485644922072184,0,0.0017441820739348309,4.678086959935982,0
0.03295344461493574,0.2875353781730086,0.0011574049751173464,1.2712634189656684,0,0.001954580451860785,4.931689097891172,0
0.0031984773433136847,0.2468154183273688,0.0004007624679441239,1.0577919272651928,0,0.0002545755766014556,5.661321380754227,0
-1.1102230246251565e-16,0.266181588495972,0.00034897532251283514,0.7529890120457479,0,0.00021116284281315516,0,0
0.04169682753576629,0.7848905096692875,0.0007063572596698383,1.412229297635914,0,0.001799314928814185,4.678086959935982,0
0.030079723675054654,0.2996015242304384,0.0011295119012843333,1.325600441493305,0,0.0020537035676277586,4.931689097891172,0
0.0028204889282256937,0.2517993791136447,0.00039669527916161735,1.0616504539631046,0,0.0002491666136366675,5.661321380754227,0
0.054217895158647875,0.4702524231126254,0.0006414487062078948,1.4357825740768806,0,0.0016841760730274358,4.678086959935982,0
0.03362336937488122,0.2792904633186814,0.0011810182995562045,1.2597230301973126,0,0.002000205670680989,4.931689097891172,0
2.220446049250313e-16,0.2722725248526908,0.0003534324950251231,0.7530941435280241,0,0.00021562400656482129,0,0
0.0030241083042628937,0.25499820805201595,0.0004103666555839721,1.0953542425585576,0,0.00026370280024465943,5.661321380754227,0
-3.3306690738754696e-16,0.26989482937299386,0.0003423990871418623,0.7843882466438172,0,0.0002100544070815229,0,0
0.03835626347479194,0.778721430207781,0.0007165253016985989,1.47296403665645,0,0.001335658333959298,4.678086959935982,0
0.034579117628459125,0.2895365683372963,0.0012096864281495336,1.2750186473552465,0,0.0021047158509939416,4.931689097891172,0
0.003248980171059089,0.24862276750004203,0.00041050173943346315,1.087958561675407,0,0.0002597752542136433,5.661321380754227,0
-4.996003610813204e-16,0.2721448091830508,0.0003258506069298395,0.7354127268471123,0,0.00020022353501691502,0,0
0.037091254879852216,0.48222388855977544,0.0006887068346876127,1.484927429725762,0,0.0016351259468940459,4.678086959935982,0
0.027369414163016068,0.3023857464994236,0.0011906295509713474,1.1552277488028024,0,0.002105641585899657,4.931689097891172,0
8.881784197001252e-16,0.24159868298085488,0.00042801763883716274,0.9984676196631146,0,0.0002640083643058566,0,0
0.0,0.2686049162201801,0.00031839473134431714,0.7878465288302102,0,0.00019735353215565127,0,0
0.04597442942002661,0.78644216675513,0.0005874877752874137,1.4561834902027262,0,0.001676771670759901,4.678086959935982,0
0.02328949173182459,0.28330156229741216,0.0012161516841670405,1.264313749992542,0,0.001826693304759548,5.140551033788936,0
0.003208435026510255,0.2463579272618275,0.00041486870529626045,1.0912627466579425,0,0.00027151057858252833,5.661321380754227,0
0.02417768476374979,0.29125222088497854,0.0011311461370509567,1.2889831951332653,0,0.0016795590691212508,4.9244491895995255,0
0.05005561211363689,0.7793461507038665,0.00027411898996195975,1.831228079453159,0,0.001679910355438225,4.678086959935982,0
0.0031190701661938727,0.2504157227681058,0.0004243033687496244,1.0592322104332343,0,0.00027044832846998034,5.661321380754227,0
2.220446049250313e-16,0.2717294953520158,0.000337874640482007,0.7544927290514452,0,0.00020617025911735587,0,0
3.885780586188048e-16,0.27418886247658897,0.0003248806341083757,0.754480091321915,0,0.0002009435972123037,0,0
0.037037285054393736,0.4768579573799142,0.0007326828995337591,1.4340902351259883,0,0.0009585795779844575,4.5138169346832875,0
0.03508294472911757,0.2825264202221442,0.001248497321381551,1.276162376113465,0,0.0021129308206876427,4.931689097891172,0
0.0029857808184388726,0.25750039075601666,0.0004009172516382935,1.077149351597849,0,0.0002568345323837391,5.661321380754227,0
-1.1102230246251565e-16,0.2753173221812567,0.0003282423146274783,0.7477023690455662,0,0.00020382032867795712,0,0
0.03392224332006656,0.7720639351920664,0.0006832009371988704,1.432800961317163,0,0.0009444605559078465,4.842356985188674,0
0.03566901587841403,0.2969083210380802,0.0011699352325431254,1.2910720756972527,0,0.0020371168643272233,4.931689097891172,0
0.003275390022946304,0.24103073045028203,0.0004353148504776988,1.08597825052024,0,0.0002828152812516915,5.661321380754227,0
2.220446049250313e-16,0.28732938004494896,0.0003402108847618347,0.7597240465057589,0,0.00021149351781363067,0,0
0.03429410054643027,0.7875076325402111,0.0006697306871184059,1.5350128592241195,0,0.0016833981248235833,4.678086959935982,0
0.04791515544072227,0.29295564619054876,0.001182550844339568,1.2277538127498082,0,0.002002256161347661,4.730067070285055,0
0.0031969065709989905,0.24610453751536018,0.0004078364494755466,1.09765522296603,0,0.0002633991304755161,5.661321380754227,0
0.00309816778872855,0.2617345864685403,0.00041806198132053634,1.0946313777189547,0,0.00027075337079172045,5.661321380754227,0
0.04475564882937566,0.7810053717301515,0.0005475761337608389,1.552560767421808,0,0.0017168073655446292,4.678086959935982,0
6.106226635438361e-16,0.27147725649839294,0.00033287435531536994,0.7525445969801846,0,0.00020279185706263887,0,0
0.03202238270753194,0.29182868355542446,0.0011634296407377893,1.28777278306807,0,0.0020831970142845455,4.931689097891172,0
2.7755575615628914e-16,0.27438419425035504,0.00031868947746561136,0.8208361892327597,0,0.00019851505654420933,0,0
0.04435431433951917,0.46857128141866516,0.000633380055245624,1.4514511670297372,0,0.0016531405105320305,4.678086959935982,0
0.044168567268053946,0.3038032099917557,0.0011781074020894178,1.3298444458948073,0,0.001749415298913295,4.931689097891172,0
0.003613501187508344,0.2636539128429185,0.00044425140920937656,1.023892522112726,0,0.00028448950276066103,5.661321380754227,0
0.0,0.27490009509491653,0.00033189514369550815,0.7527071311826177,0,0.0002045531582916215,0,0
0.041059521754806656,0.7778965782561933,0.0007173158935558535,1.4793540352492545,0,0.0016810234158100683,4.678086959935982,0
0.03057049808327386,0.2942934381084505,0.0012499751790121143,1.297489403887053,0,0.0019648126851405994,4.931689097891172,0
0.0033385927336876953,0.2430411297007574,0.00042220292874529816,1.0634686600818453,0,0.00026831047502610516,5.661321380754227,0
3.3306690738754696e-16,0.2761248726697232,0.0003449705111480211,0.7485624317235381,0,0.0002114978514711365,0,0
0.04820456954353577,0.7847242806157013,0.0005650128989398278,1.4578863603697485,0,0.0017926741048362661,4.678086959935982,0
0.03549058923608726,0.2901482294782523,0.0011806085388224646,1.3255299554608875,0,0.0020192473674544432,4.931689097891172,0
0.003192430164114867,0.2398916727519725,0.00041925269121635054,1.1167072414048445,0,0.00027463351716232277,5.661321380754227,0
0.0028901088609228597,0.251691180483269,0.0003992273252999867,1.1160663033027551,0,0.00025832869444165863,5.661321380754227,0
0.036110265553875504,0.7772903357270833,0.000573806454389786,1.5479915701185298,0,0.0010189029688216407,4.5138169346832875,0
1.6653345369377348e-16,0.2711496481743283,0.00034597147933658826,0.7652118363388037,0,0.00021175055488099407,0,0
0.03488280451716553,0.2817424121786614,0.0011851245746504232,1.2577966097539717,0,0.0020738537986822337,4.931689097891172,0
0.0384834759256975,0.4882144735165266,0.0005351933618640044,1.5161112734460365,0,0.0012576778432087919,4.678086959935982,0
2.220446049250313e-16,0.27682325348113734,0.00033297788786834496,0.7435010269977419,0,0.00020375482953639362,0,0
0.003135352056906106,0.24083416846269706,0.00041534820474511394,1.0693882998802118,0,0.00026223891186428865,5.661321380754227,0
0.025252401736327784,0.2763770475199632,0.0012650011750428463,1.2782894361591226,0,0.0018086671111416895,5.140551033788936,0
-3.3306690738754696e-16,0.27735432233961627,0.0003159884317250588,0.7722653764896135,0,0.0001974304647333999,0,0
0.04461298729778891,0.7856946111801907,0.00025071300661542816,1.8325259578574293,0,0.0016755866467044662,4.678086959935982,0
0.030445518296267474,0.30933906720520216,0.0010659724676445673,1.254740195305169,0,0.0018392527318078242,4.9244491895995255,0
0.0035133343510074765,0.23243353034506048,0.00041143623499186873,1.0823134600316746,0,0.00026263998792830725,5.661321380754227,0
2.7755575615628914e-16,0.27185834375549406,0.00032713860421895453,0.8100212632305042,0,0.00020303299744231103,0,0
0.03682510594129159,0.4632801352318936,0.000664367463642245,1.4654689388833226,0,0.0015837369063812707,4.678086959935982,0
0.04145605391126256,0.3073837298530172,0.0011509979020217216,1.3402317908886576,0,0.002005680322666166,4.931689097891172,0
-2.7755575615628914e-16,0.25987560125570447,0.0004429460195280429,1.0061441638710844,0,0.0002830399399631378,0,0
0.002956066668605987,0.2590893120130393,0.00039071094727190654,1.0903159730400618,0,0.0002508180862370999,5.661321380754227,0
0.0368889981892032,0.27843129623537644,0.001178860395098346,1.2590238976896626,0,0.0020413587662211287,4.931689097891172,0
0.03194817301316932,0.7819419219958997,0.0006993850019285897,1.4008086417283114,0,0.0009741173838524516,4.842356985188674,0
-3.3306690738754696e-16,0.27114248300514193,0.00035045992771446673,0.7838811703652342,0,0.00021642277019069597,0,0
4.440892098500626e-16,0.2752117861567346,0.00032304630854404823,0.7289374552177105,0,0.0001998494851140404,0,0
0.0526331233643033,0.47953081724191726,0.0007291992726704489,1.397145597578275,0,0.0018106637367983824,4.678086959935982,0
0.040476642614148864,0.2940524862305339,0.001188106568859349,1.2889260622582643,0,0.001958857661915583,4.730067070285055,0
0.0029186332446354615,0.2453908218947222,0.00039938923708704893,1.0932657276809075,0,0.00025651958740706323,5.661321380754227,0
-7.216449660063518e-16,0.275866649939806,0.00031716895004026444,0.7579333486450534,0,0.00019612324001563162,0,0
0.044374736121792484,0.7771989999365959,0.000689728351986384,1.3318060021938,0,0.0016117786117170266,4.678086959935982,0
0.0369249389839334,0.30311123746165664,0.0013124496098853963,1.312551662491718,0,0.0024866706321415195,4.931689097891172,0
0.00472869849950678,0.2561374213459042,0.00042618905846815815,1.061953566686071,0,0.00026781943211919105,5.661321380754227,0
1.6653345369377348e-16,0.2754808201256451,0.0003393556583693348,0.7658743871992499,0,0.00021195123868545537,0,0
0.03662740947261025,0.7797106388025721,0.0005526851833467036,1.551667029223469,0,0.0016999572606094051,4.678086959935982,0
0.03385987534787626,0.2956867555681731,0.0010721185078674332,1.2520665547655516,0,0.0019221684765766969,4.931689097891172,0
0.003405267737217929,0.234228316644421,0.00041750826725359174,1.083919563027285,0,0.00026235698567618005,5.661321380754227,0
2.220446049250313e-16,0.277636295081342,0.0003419709087793301,0.746729225374039,0,0.00021052090276582285,0,0
0.041839694604991554,0.4838977439785789,0.0007725281356421579,1.4811457276263957,0,0.0017691329354582572,4.678086959935982,0
0.03576614574904808,0.2927573953412104,0.0012584686147122399,1.3275173717765538,0,0.001963870288370157,4.931689097891172,0
0.0030456145221928466,0.24913247558440432,0.0003979641572922926,1.1014271157323154,0,0.00025651200710724977,5.661321380754227,0
3.3306690738754696e-16,0.27221579906562865,0.0003399241614923407,0.761721201475471,0,0.0002083890105867059,0,0
0.046519105497410326,0.7825311413990326,0.0005019844169874759,1.5508343266440292,0,0.0017139874792869462,4.678086959935982,0
0.03290451292849224,0.2878203888838978,0.001161076411655404,1.2519478485888278,0,0.001970961786130358,4.931689097891172,0
0.002897879178687196,0.2605051081759184,0.0004129545388472063,1.106977037135231,0,0.00026619631520709405,5.661321380754227,0
0.04378558490422807,0.29862609599702666,0.0013626083825271419,1.2235646314398982,0,0.0022632899626574155,4.730067070285055,0
0.040917007210439726,0.7790947873024934,0.0006963073096439208,1.4711703726076997,0,0.0017077906690448413,4.678086959935982,0
0.004870676468291205,0.245301024414585,0.000427815008829617,0.9848375801168348,0,0.00025620763949905776,5.661321380754227,0
-5.551115123125783e-16,0.2735621157728258,0.00032460572243788333,0.7642307748252954,0,0.00020272955648939427,0,0
2.7755575615628914e-16,0.27130925494174235,0.00033965715164077377,0.7626711160358668,0,0.00020804372693182679,0,0
0.043404331052023175,0.7810521844457368,0.0005491671497910396,1.550388249338599,0,0.0017888122268831287,4.678086959935982,0
0.036497242876947854,0.2906748447558259,0.0011302429913064333,1.2770857271292377,0,0.0019820238924955907,4.931689097891172,0
-3.3306690738754696e-16,0.24895291993216337,0.00041701847863662834,1.095898242860395,0,0.00026982384219955644,0,0
0.0032416606689580733,0.25270018631112234,0.0004156375499561028,1.0810189142081446,0,0.00026457177714554796,5.661321380754227,0
0.03740357363956334,0.4731797797483896,0.0006822717927044868,1.434103524709408,0,0.0013113700365843944,4.678086959935982,0
3.3306690738754696e-16,0.2708151847345669,0.0003530346260483736,0.7683939890289954,0,0.00021667746267054996,0,0
0.026027189912328816,0.2833443512733504,0.0011084195462203602,1.2789467850534582,0,0.0016441491087229706,5.140551033788936,0
-2.220446049250313e-16,0.2740253924844347,0.00033059415730799223,0.7671860087150795,0,0.00020474552227295702,0,0
0.04882524848300331,0.4511963004265244,0.0006657613386311876,1.4533030028738034,0,0.0017142744424827696,4.678086959935982,0
0.02710464528063007,0.2980378391594581,0.0011162005528044725,1.318122211311019,0,0.0018059612807326826,4.9244491895995255,0
0.003288261401677244,0.2416787250321556,0.000420241739060081,1.1168693252638957,0,0.00027423094338284085,5.661321380754227,0
0.0036082905085111916,0.2541391547059697,0.00045087183811872903,1.0409196447489868,0,0.00028915661921994083,5.661321380754227,0
0.02921630077551684,0.7836106284770494,0.0005444232622670716,1.48455440573416,0,0.0009184628336500524,4.842356985188674,0
2.7755575615628914e-16,0.2675627095471666,0.00031997234499963023,0.8170657893495555,0,0.0001974989810129358,0,0
0.03942035096878227,0.30762275140178286,0.001151080562173667,1.320301455742986,0,0.0020380201429246137,4.931689097891172,0
0.03152580372778705,0.2872409137042961,0.0011861450311898758,1.2666487836576024,0,0.0020872162594357674,4.931689097891172,0
0.036915286816384965,0.7755040005412538,0.0005600539128830109,1.549576890292353,0,0.0009738831969171076,4.5138169346832875,0
0.0029538519686810524,0.25791651262496385,0.000401028608998534,1.066870474284531,0,0.0002551416909583922,5.661321380754227,0
2.220446049250313e-16,0.2685697958049633,0.00033584625689927507,0.7379568637540067,0,0.00020295938614951187,0,0
