9.217755991285403,11
263,33,1059
9.734557109557109,7
35,7,1389
8.86986275826061,2
371,95,2808
8.856092496460594,5
369,98,2785
9.735771173271173,11
38,6,1394
8.329493565794936,10
387,93,1711
8.893733516798534,5
377,92,2767
9.223950068761239,11
267,33,1079
8.135708600393782,9
376,97,1716
9.757183908045977,7
32,7,1402
9.767753373387176,7
35,6,1380
9.177777777777777,4
267,35,1048
9.273990983254617,11
268,34,1062
8.244499792444998,11
378,96,1719
9.761893036540926,7
34,7,1387
8.214898744345327,6
376,95,1708
9.737739463601532,7
39,6,1404
8.285714285714285,6
372,94,1704
9.257987838584855,11
258,33,1056
8.189299454614638,5
374,98,1704
8.872801519468187,3
369,96,2782
8.866714150047482,5
361,95,2791
8.23038414812953,9
379,96,1712
9.279411764705882,11
260,34,1066
8.907082521117609,2
372,95,2772
8.26831720497675,5
377,97,1709
8.272401658916676,6
376,94,1718
8.863132896179067,5
363,96,2769
9.735091297591298,7
36,7,1390
9.254302832244008,11
252,35,1068
8.839951541257236,6
360,98,2766
8.277784759750325,10
382,93,1708
9.734265734265733,11
38,7,1385
9.756070318570318,7
38,6,1390
8.90092879256966,5
369,93,2768
8.84529679318121,5
364,95,2780
8.2114071467471,5
374,97,1715
9.748834498834498,7
38,7,1388
9.199196022426744,11
269,34,1071
9.774795626908304,9
33,5,1383
9.75838122605364,3
34,7,1407
8.236605085668803,11
381,92,1716
8.868409627182634,5
381,94,2777
8.309057014787818,10
372,91,1719
8.290120381901204,3
376,96,1721
9.296255157092984,11
268,31,1079
8.272233648704237,5
374,96,1735
8.861813865147198,2
366,95,2781
9.74222999222999,6
38,7,1390
9.758477011494252,11
36,7,1406
9.227124183006536,11
261,35,1063
8.252293577981654,11
373,90,1717
9.768738303949572,5
31,6,1390
9.744492337164749,7
39,6,1403
9.735188422688422,11
37,7,1390
8.908822412155745,2
370,94,2780
9.748251748251747,5
36,6,1388
9.252312435765672,11
266,36,1089
8.830184049079755,2
371,94,2792
8.234474885844747,7
376,96,1720
8.239314251891937,5
381,97,1697
9.220784964068548,11
256,34,1058
8.295454545454545,5
366,94,1740
9.270253362527368,11
266,34,1085
8.252859117757948,9
378,96,1712
9.743821839080459,7
38,7,1399
9.253252935576006,11
264,35,1080
8.237296300950943,11
367,100,1717
9.774894119964543,5
34,5,1383
8.873151014791882,5
360,94,2785
9.227069716775599,11
262,35,1062
8.24449329894728,11
374,96,1706
9.230879086004443,11
265,37,1076
9.275727244291524,11
266,33,1082
8.318713082820159,5
369,94,1726
9.73323155717522,7
39,7,1378
9.755973193473192,9
36,4,1395
8.84052860910446,2
375,97,2762
8.843846153846153,5
363,95,2785
8.838716375648891,2
371,91,2793
8.852307692307694,5
370,97,2783
8.260057589469353,5
384,99,1724
9.274259338772005,11
265,35,1064
9.225203950193215,11
258,36,1074
8.90092879256966,2
360,90,2780
9.267604121940748,11
267,32,1066
8.819664250139414,5
361,100,2767
8.230922081765527,7
371,96,1709
9.735916860916861,7
37,7,1395
8.241171295714466,5
379,94,1710
9.754801536491678,11
36,6,1385
8.209888809030566,6
371,98,1704
9.741890054390055,7
36,7,1390
9.733527036343936,7
38,7,1381
8.271676053934119,5
363,94,1707
9.246565049377416,11
264,35,1068
8.842897593204343,5
372,92,2794
9.783556721056721,7
38,3,1391
8.264459070341424,5
380,93,1728
9.762723387723385,7
33,7,1393
8.981405979738078,6
387,64,2396
9.407016145106637,10
199,33,1505
9.967062991653155,5
6,0,1815
8.990204917034184,10
395,68,2399
9.342169955484685,11
197,35,1501
9.047613789719051,5
385,63,2408
9.401461038961038,6
191,34,1529
9.029433980653494,8
393,70,2401
9.956668625146888,2
11,0,1837
8.949777613046702,4
389,66,2392
9.337612582336336,2
199,36,1486
8.985745961355716,8
399,63,2407
9.333333333333334,10
199,35,1506
8.993006993006993,5
389,68,2403
9.956043956043956,9
8,0,1811
9.443952234206472,11
197,33,1532
9.967508813160988,2
11,0,1834
9.95586181774027,5
10,0,1803
8.980419580419582,10
389,69,2396
9.33831639093748,2
195,35,1508
9.357339696195725,11
200,37,1490
7.618280571073867,3
444,126,1227
9.961568486158649,2
10,0,1811
9.972222222222221,3
10,0,1790
9.956373247802329,2
10,0,1822
9.004740456875528,8
388,66,2379
7.619956548727497,3
449,127,1218
9.956521739130434,2
10,0,1829
8.99122828391121,4
392,67,2405
7.64528243327126,3
444,128,1220
9.035951853025024,5
395,64,2404
8.981249688946399,3
388,70,2379
8.983209785025945,5
388,68,2386
9.334975369458128,7
198,35,1512
7.659431728492502,5
442,127,1247
7.572621240024556,5
449,128,1231
7.63695518723143,5
447,128,1228
9.002831010452962,8
385,67,2426
9.961477748770566,2
11,0,1806
9.972707293894036,3
9,0,1823
9.022955755735829,5
389,67,2379
9.967625690206336,2
11,0,1845
9.961688584639404,2
9,0,1819
9.024868114341798,8
389,67,2395
8.98326800232288,6
393,67,2412
9.35027572918743,9
200,39,1500
9.359211822660098,11
206,35,1507
8.99611805106256,3
379,70,2390
9.391607947692503,9
201,36,1538
9.950699573650393,3
10,0,1815
7.542240844196151,9
451,123,1220
9.007361059992638,5
390,66,2395
9.950276243093922,2
10,0,1799
8.983924452133797,4
392,71,2420
9.961926823473508,2
10,0,1827
9.394902597402597,10
200,35,1517
7.629205462445686,5
444,127,1226
9.335435139573072,11
203,34,1508
8.960667402772666,5
393,64,2401
9.422167487684728,11
193,32,1523
8.948128701537847,3
390,63,2380
7.569832402234637,5
435,123,1232
9.345029239766081,11
197,37,1476
8.98271559179639,3
386,67,2388
8.973449468742277,6
388,65,2392
9.35392997143047,11
197,36,1501
9.330742143379178,11
202,35,1496
9.347159277504106,11
195,36,1515
9.961897125207887,2
11,0,1828
7.50392017106201,8
453,124,1258
9.35406285296658,9
199,38,1497
7.5648864333947206,5
440,128,1239
9.006993006993007,4
386,69,2405
9.370359037127702,11
196,36,1483
9.972647571008226,2
10,0,1819
8.999251625567414,3
388,68,2402
9.956521739130435,3
10,0,1830
9.067568569310602,5
392,67,2383
9.336847290640394,10
203,38,1508
9.337467532467532,10
194,37,1520
7.587354205033764,11
443,125,1239
9.950397668629714,2
11,0,1805
9.397248022015823,11
202,33,1474
9.945384889522451,2
11,0,1821
7.515052762259465,11
439,128,1228
7.523327194597913,6
442,130,1233
9.957046748318096,2
11,0,1851
7.556145251396648,6
447,125,1224
9.01067615658363,5
387,62,2361
9.358112649549671,11
198,34,1497
9.368571428571428,11
192,37,1529
9.036755621447986,5
388,66,2390
8.97406721027922,4
391,65,2390
9.022524843577475,6
382,67,2405
9.006011532327323,3
387,73,2397
9.983665953908293,2
8,0,1828
9.33108935128519,10
198,38,1483
9.972647571008228,2
11,0,1814
7.553639730435311,5
446,130,1243
9.961386679618725,2
11,0,1804
[9.026800378241177],5
395,66,2375
[9.035211267605634],6
383,64,2393
[8.998529775142082],8
388,67,2391
[8.990664648212226],3
392,67,2424
[9.94594594594595],9
10,0,1840
[9.377748986778286],11
192,35,1508
[8.970113664442795],10
379,70,2396
[7.603290567830839],5
443,125,1268
[7.6175695185487395],5
437,126,1225
[9.370016420361248],9
200,35,1511
[9.95054945054945],5
9,0,1811
[9.340334722408926],9
196,37,1495
[9.019261440314072],8
399,63,2393
[7.514156394453004],7
439,128,1195
[8.969335310106253],5
388,68,2387
[7.531965272296764],7
434,132,1249
[7.616390423572744],3
446,128,1230
[9.023052386210281],5
379,65,2412
[8.99129138160038],4
387,70,2369
[7.515518311607696],9
446,130,1215
[9.3549200161312],10
192,37,1492
[8.979992319508447],5
398,67,2329
[9.967391304347826],3
9,0,1831
[9.956668625146886],2
8,0,1835
[9.956873002034293],2
10,0,1843
[7.690257987571401],5
446,126,1216
[7.649600982197667],6
438,129,1241
[7.607045313469895],5
441,126,1226
[8.982517482517483],6
389,65,2406
[7.564659097808269],6
447,126,1246
[9.373563218390803],11
198,35,1507
[9.96236559139785],2
10,0,1852
[7.537306021104904],9
444,129,1222
[9.352380952380951],11
197,36,1512
[9.320211281642415],11
199,35,1501
[9.001374064531959],5
390,64,2400
[9.972617546388038],3
10,0,1815
[8.967264442874198],8
384,69,2413
[9.395681818181817],11
193,35,1526
[8.992018779342724],5
381,66,2400
[9.34884725267424],11
202,37,1496
[9.324496711181983],11
206,37,1489
[7.549243613081414],5
431,128,1224
[9.967391304347826],2
11,0,1827
[9.37142857142857],11
191,35,1524
[8.992982456140348],5
379,64,2407
[7.651326573978508],5
449,126,1239
[9.412715038405384],10
200,35,1536
[9.336876504987961],11
187,34,1483
[8.98076585720372],6
382,67,2377
[9.337142857142858],9
195,36,1519
[7.600252206809584],7
441,134,1246
[7.5053668947335375],3
448,128,1212
[9.36211038961039],11
195,37,1524
[7.5877715704531346],5
442,127,1230
[9.05037645281548],5
387,66,2411
[9.04045954045954],5
387,66,2413
[8.974039995092626],3
391,65,2400
[8.97887323943662],8
390,67,2383
[9.95164165372894],3
10,0,1851
[9.357963875205256],9
193,37,1514
[7.5654252017380506],5
444,126,1229
[9.945024588670998],7
10,0,1809
[7.636871508379889],3
441,129,1220
[9.033145871696611],5
387,63,2384
[8.985075899710045],5
394,70,2403
[9.951263219741483],5
9,0,1837
[9.357360502761377],10
196,36,1542
[9.058535178777392],5
383,69,2437
[9.033186325869252],9
385,65,2415
[9.962538094416653],2
10,0,1859
[8.95889547813195],4
381,70,2392
[7.708100642526872],3
441,128,1259
[9.961598510778838],2
11,0,1813
[9.035606622189276],6
398,62,2381
[7.485878336436995],8
436,130,1228
[9.38944530046225],11
200,33,1536
[9.001237504805843],8
395,68,2421
[7.547641719037643],3
449,123,1206
[8.993515292295779],3
387,65,2420
[9.967331907816583],2
10,0,1825
[7.545979536752244],6
447,129,1213
[9.03222917433444],8
386,63,2403
[8.955423770694342],9
388,66,2389
[9.073041759327898],6
382,64,2402
[9.319081788585475],11
205,36,1492
[7.590223463687151],5
433,127,1237
[9.356978653530378],2
200,39,1503
[9.381099126861837],9
197,34,1530
[9.342649258805931],10
191,37,1491
[9.372305194805195],2
193,38,1521
[9.037860385228807],9
386,62,2410
[9.396352401833767],11
193,34,1512
[9.329458128078818],11
201,38,1505
[9.313953488372094],9
201,37,1482
[9.001717580664948],8
385,69,2401
[9.012146770472894],8
395,68,2422
[8.97698295033358],7
382,65,2398
[9.962365591397848],2
10,0,1851
[7.61855547636018],9
445,127,1259
