0.16359482576216294,74.25978852722695
0.16359482576216294,74.25978852722695
0.16359482576216294,74.25978852722695
0.16359482576216294,74.25978852722695
0.16359482576216294,74.25978852722695
0.04140069289187726,60.07764019232009
0.07717546197173743,34.6078134827765
0.03378686098767061,189.65040101814438
0.04558183652393197,62.436769317632404
0.17013804242667427,77.6312275088471
0.03302546985683589,188.92182966293322
0.07110862127201101,28.77165475196256
0.06885793613765633,36.30987087265018
0.042356004281167675,61.667294289637
0.17573262152310196,85.18927323088846
0.03027609345116311,189.41929329751255
0.04220512736653283,57.70328103066508
0.029854826591667417,187.94904368388706
0.1560916833380472,88.38183415400277
0.07115672832826213,29.292082931455326
0.15982206966000861,76.10522642349895
0.04506051882290418,60.18168990833399
0.06818905332915598,29.46504024540796
0.0346134880623616,185.7389423217482
0.16161469319583255,82.65270414864125
0.028130466532000346,61.53805584250255
0.02832468759368994,178.31877770939752
0.06973380102880586,35.910373080218626
0.16727245864564594,79.3060620069822
0.03400085855030503,187.20762788124424
0.03159178440938775,62.247195293487955
0.08151093853477691,34.51471158459504
0.03533085364447762,185.50847820400824
0.15899807346389472,75.19190008074585
0.037372167746182544,62.90544256885857
0.07431842595965094,28.96393627630503
0.17059321889331922,88.22445813744287
0.04007978650431623,61.89136314079538
0.027997455399802543,180.90168195577203
0.0721110424919442,32.776070659543706
0.027918672882417006,174.8997630035481
0.1637651700578872,85.04572045036907
0.04484188022866146,60.45509668669735
0.0647940625638697,33.97610393720499
0.030540153854799853,186.75241314484862
0.07175802040594101,35.898940593540495
0.04471696649563332,62.288833506647656
0.15625731576593743,77.92555772784772
0.07143091481953645,34.3652937073198
0.038998548626759,61.526922702601794
0.028219521552141847,177.1623106490551
0.15794973319454553,86.54527565863566
0.1593943053847452,74.22062418885046
0.06906172860993011,29.62265607192373
0.04072816164844761,61.752917235839085
0.03250028753196027,190.1813561161431
0.0665782984400113,32.492964220954086
0.042056197761257325,62.63224902451195
0.030133212716056203,182.0784907103164
0.16248934361291434,83.73955216358422
0.16864248848977806,77.333875773589
0.040423744532613694,58.96990141039792
0.02949423481943603,187.92934764502095
0.06938627694987935,33.15038823689332
0.1783186672910692,90.30942125901778
0.07632126254427052,33.5637149734937
0.04506005349828049,61.01671937759799
0.03250183103412387,188.5982816103809
0.07554443706833032,30.703795492138656
0.1529718926650622,81.36160206684352
0.03794549977752536,62.104619567582205
0.03489761192672886,188.74765822128768
0.06461427505638026,32.463829457057386
0.1595486973966081,83.45879847404164
0.030235909106531133,185.09568500158943
0.03571793052954465,61.03684520034257
0.1770453649009572,79.48347398875408
0.03756474438495202,60.662990533022615
0.07807918074658371,32.197926921057764
0.03376466946515203,179.40105077260563
0.03225833184825516,184.48279750556807
0.07362846235199796,31.439848008643704
0.16617850693409997,85.67340472449366
0.03650683662719354,59.69106201465043
0.04315674885382654,59.98399237609847
0.029642559019769157,182.7760479315607
0.0744525422782955,30.143268959117833
0.15254076769956113,80.84492984964568
0.07064852237183325,34.788052017648866
0.03399328177459542,184.64819380225504
0.030952270028588146,58.06363284917761
0.16454961496166864,76.17705878599534
0.18256287564522797,89.3287635477248
0.04255750360581824,60.62980951091114
0.02764102201482094,178.16091908638458
0.07757370981174476,32.862806130591984
0.03476933502605123,61.85790289069617
0.07401539508799464,31.68125311482566
0.16704675326028925,91.4529776798617
0.03293376934696122,181.970213310079
0.06305228987013256,33.38882197642022
0.16712421184399218,76.95406267058205
0.03235621404693787,186.81828642731324
0.04192965378688537,60.52496849624193
0.06561121728895816,35.89366648908296
0.037830556974404614,61.484195457784416
0.16139872451836365,88.63205558460265
0.03330386945865556,184.7965539145018
0.030479712229607468,184.70536820503364
0.07907360163773469,27.205730418609228
0.040130159265708475,59.582586982252685
0.165850140376047,78.52939245474141
0.030689622833866528,201.41479540684878
0.16182433570403218,86.20998498143426
0.04217597055414257,63.61389295651517
0.0718481971397776,34.2445934396296
0.041615492527161194,61.259698243393615
0.14909851932416576,78.01119351878789
0.06550896724194126,32.411743804005546
0.03295349041033669,182.64207875709513
0.16670674662942436,82.24117370347108
0.044575580698798314,61.4835569067444
0.0320492863876095,180.28309204289644
0.07635153999092965,33.116043584402284
0.035031889273725816,61.60733511331645
0.07772391061583726,35.453625423741116
0.03406423456216413,187.7942711153073
0.1677752986766506,88.05734897334328
0.02892849080186332,189.26041090116286
0.07031700037431884,37.51533543420634
0.16138344953522288,87.04921714944864
0.03579986816551139,61.649004028906646
0.07297102054307808,31.105804406740894
0.1528086656450129,76.76549586427383
0.05029427596637559,61.73425966380963
0.02991113119890084,185.52021228853533
0.17425936353486768,81.47260740446823
0.04393652621584247,59.70654972389026
0.0346231368855647,187.16268801015838
0.0696676908971944,31.147520690215003
0.07265801429488031,34.142358287618116
0.03447698311928397,187.10369940412366
0.035720436352731574,61.66968194204418
0.16009478891658335,84.47885843963603
0.04210667899168084,64.39582705755521
0.029140215277133334,172.06399635867064
0.07508613342496887,32.99399277579907
0.15582592784276472,81.99208269539467
0.029823443102355338,194.51422163971566
0.16639476071452294,81.17186111189417
0.04148308355628876,59.74083172008567
0.07506571204952761,31.663201607272264
0.03350691711602646,181.53120281924956
0.07030833487823492,32.239585830344595
0.17070530790743255,83.23126869097038
0.03311657799867263,60.44370317948248
0.04241325619143927,58.900103939311855
0.16601590678551634,80.42908757430374
0.06814109257544444,29.83019833579674
0.03350215962186542,188.25127082596094
0.027559715493181234,176.9977532476096
0.07121788379598303,28.08907629162158
0.16425559863336223,75.85763077312099
0.03739141766317411,60.73192986559209
0.16531352473116562,82.72727544220976
0.03486733917617527,60.46878710874652
0.06898236405475971,30.373218749668062
0.0313639272446997,182.1712288054845
0.07761116600852004,32.027785430301584
0.03476940433915057,59.128130678710185
0.1660897258037491,89.69853954502608
0.03098982916707946,198.99801196109533
0.0470995351790107,61.89661124474495
0.16299361243191893,78.66749796462
0.03845663943648733,193.6742580946159
0.06870598456617465,31.938580146308524
0.15673832787104017,85.03266510378512
0.025840620004083752,178.3650121082698
0.03368337620832654,65.04763794149575
0.0814615047758161,29.02913993336543
0.16712009489636726,83.4961913609858
0.0737042717890586,29.99844927981772
0.03823552394754718,61.343665180680695
0.032014283862781476,188.18130712251244
0.07782153035799895,35.16599564546984
0.03359569867464739,185.21790442997042
0.17135698700950056,79.83619953852292
0.043028840352531336,58.337463505666356
0.16263193390150965,76.66795014906309
0.03947748015913733,57.96614392031082
0.06362540658783081,34.38320338136249
0.031644758283964194,176.8887680412348
0.07259083155396175,33.3178056018386
0.03295556171202001,183.58023511063206
0.16992309595585203,76.41180520552808
0.03998256604756827,61.83873663944273
0.15084180602133593,83.29888363745619
0.045490176237056604,60.96789453917362
0.07086104578664396,33.74163883219406
0.030932223405222076,184.60619828159972
0.06546709032364342,34.10610701964012
0.040887117624742494,63.66621373267319
0.027490222193998076,179.61340798411473
0.16605224975029817,80.5593541874087
0.16370956809183612,91.16879074317961
0.072985727853574,34.25691231288548
0.031644683864878204,187.5860868535506
0.035731134152765735,60.09265538035852
0.032430140990402104,182.66374810057852
0.15631353144624854,91.05796529283467
0.04371898427989258,60.878928720839774
0.07529524751671456,33.293553154932475
0.17343095021719346,70.96835802975794
0.039779001552947904,60.895442094135596
0.07512057740066343,30.26487080416884
0.03537674340994911,181.81250107370613
0.03998694253887419,60.42110038782528
0.16373112558223632,81.57361102254428
0.0748364091327672,35.31424543652187
0.034233901076398385,186.66269192005217
0.07295062580691085,32.19929464934465
0.16154216995335877,79.09706708384104
0.03629027257893076,61.09206183077792
0.03148115101859524,187.28558037904753
0.07484263994450777,38.32845581495957
0.030051060459575236,186.86044395316998
0.17119019599759433,88.83306504412832
0.041248147744979806,63.118364414693914
0.15712816205226277,86.23884193430825
0.04050697736046188,60.78546969249425
0.06490617777153433,30.83787294752883
0.03130689215445819,187.18741485070038
0.03913713873714881,62.02656039527296
0.16967657636782307,76.50669661942374
0.030677118525781085,182.28297715843004
0.07089383466643122,28.240670532169247
0.16333933165186637,76.91736784326291
0.04843351457714478,59.84672254789194
0.02884521533883921,179.93945922087872
0.07210210704408605,31.40153389793072
0.029543072578476853,185.84974396107472
0.07051140940261104,30.435437957931395
0.16049597848319735,75.87148506888116
0.03388523294781405,61.225646643481355
0.06808797332992678,31.76541915409755
0.04872552790768447,66.08334677636498
0.16792091129647682,78.63085897808965
0.03341719247926273,187.96489867848896
0.04023586602996135,60.90902607130761
0.1655883324490929,82.786343037671
0.07839542473828005,29.829802567939762
0.03113858985850625,184.89255084307487
0.037809461328538616,59.72674010343438
0.1691130976533995,76.90663254815098
0.03124661912285399,186.36066605765853
0.07654596891988366,33.86915675828569
0.03883122029010583,64.17512355391023
0.16387220391934085,81.6168096603908
0.02846929097313497,185.50240753399964
0.06860472366856421,34.58623681492196
0.14345148582402456,83.58165869492245
0.04072106359907095,60.78261885965455
0.027219253443004954,179.3660539931233
0.07428982430676873,31.760203342072966
0.037550402401856586,61.62043634205767
0.07498288046110264,30.132179868146974
0.03600917553124292,189.37983105198458
0.1566157648041325,72.65857380842365
0.03380647770383373,60.3015602577727
0.031177728318248478,180.40708558496533
0.07097308710899487,32.94000502872206
0.15608826434713108,77.15315748947036
0.07358149484884521,32.43535398562481
0.17428260509448057,93.89771013075105
0.03385157363545351,184.87633868249412
0.03621931385645165,59.37243034422067
0.03944310229171578,57.2509574315579
0.07201063020969095,32.776653593782456
0.17243980373038176,82.72599669041803
0.029909140696739944,185.41133111433686
0.033231913209033785,184.3529564058206
0.1610460471600295,84.62856015163813
0.04335276797786019,59.342873577722735
0.06638219687848362,33.20363027496799
0.07232910728851015,35.49301634182132
0.04249565490895735,60.78063013340743
0.03332134715836742,184.02079926300385
0.16339392002730044,86.88504001671757
0.03183269257475315,175.3335342873933
0.07629890011796284,31.26303191644691
0.040551372251780626,62.87811793730968
0.16618794106545337,81.93966002432693
0.07236327782265596,31.397649951608656
0.027123406958944465,184.61606234120146
0.1748899075301887,73.13728172990363
0.03764139006611209,61.26774635553726
0.04174388143647287,61.899044791120986
0.17379946758057987,84.77710035296573
0.032583133043293626,187.71977118449547
0.0730116291052323,32.60992577780174
0.16752809728483606,72.02652283009627
0.034943383547694,59.66441764614159
0.03338733168326361,179.89056293113072
0.06905676092286776,31.62825072439879
0.0744105373983016,34.346441415079326
0.16030245330564055,84.81654250797665
0.03866344161301607,60.74823926462627
0.03572957058456878,189.4876006255252
0.04277407831406499,58.863810302022195
0.1534692375019101,82.87187103813478
0.07275345717979982,30.673124930272195
0.035103849832830325,189.45122530153648
0.15917206939398887,82.31881168223202
0.041567293657430594,60.65511883982327
0.032272181359375915,184.26545295507333
0.0694726095699409,28.7403005479764
0.02777859636173456,185.99310999864
0.0671281853355554,35.83863983422314
0.03767626926891402,61.67099801259518
0.16467256991544485,93.28107320824495
0.07130152405813817,33.815717386943966
0.15390160135931955,79.7934840008058
0.04205827632161718,62.06824445011339
0.025581994213863316,186.93897524123946
0.1609923312495153,84.14313448608492
0.034815847907886735,63.59820103703043
0.07360151672776682,31.525332341484077
0.03296118051611098,195.468916904065
0.05331714995418765,58.79999404249334
0.15589616882581075,91.00611043278099
0.03562865967465848,195.07731659496747
0.072503334247945,31.621216137969952
0.026173610856942704,178.53753470676233
0.16750805827827311,79.17004371610501
0.039528604740281574,60.38331620513466
0.06540428073895384,34.13825855014612
0.16800913327219935,81.4564697485595
0.04032808001699496,62.70320944754415
0.029891392744282833,186.2480254553074
0.07398691505618173,34.39653385928272
0.06974576091748312,33.140328074594244
0.03411570749559429,188.85401534997192
0.04062532256371535,57.94104096014997
0.15120409251889794,84.39886678282379
0.03167573624006312,61.869848559337775
0.16990997337380984,80.00946747462604
0.0338675493026563,191.12666132097823
0.07129747554402974,29.180935355198635
0.04371992069984751,63.11016793499291
0.07334325721766724,31.64677341828433
0.16617320461539947,75.74756589110643
0.03156632886457357,173.84371685270764
0.1680824862883057,91.24759098391237
0.03276347586900749,62.45130360384968
0.08079032185954892,33.840189031592956
0.03026595817637203,182.45098544195807
0.030432915418460795,180.16332260763357
0.06830941644915135,32.58697780706865
0.03779209016550146,61.443392862614154
0.16815271485595812,77.53768948176986
0.04459294589574871,59.1080934217429
0.029982565355503532,181.01821059030067
0.16581615149403964,74.73943607464702
0.07402669999320137,31.77078640185054
0.03254229483949219,185.10066536244636
0.07027343817297066,28.734061939303395
0.16387312563936832,80.9827313951027
0.03533630305500477,58.6368894744001
0.16838116575815326,81.28128440064822
0.035831501531073874,61.998785500219185
0.07795095095896956,33.420732312551934
0.03182674634314384,179.42218730251432
0.0727317614943774,29.99241317279381
0.037505465789871045,59.663558057536044
0.16971334492016593,85.1654513238065
0.029420601576729162,178.47931484896912
0.07207588150922092,30.097250890489146
0.03293520476187289,187.39303076549754
0.16131927162585227,78.46498941987852
0.04887464453674836,60.880286944236744
0.02823989347024363,181.33160423043032
0.07538264745753769,33.94016212573128
0.04119695546578998,62.224575825213215
0.17476278524754363,86.62215921922434
0.03582321174960877,195.5346546007202
0.0709426992235301,32.18497900408436
0.15292592000339852,89.1973044643454
0.03757666020497886,62.5555781207123
0.04138611147573094,59.84996027043158
0.027681119093810543,187.73681196957696
0.07129217264692815,32.55473835422436
0.1689839423459895,79.91269858073395
0.1588719188268317,85.4441607471899
0.04470034666539344,60.59087768587972
0.02874617000660431,180.1861160331679
0.07558314271619915,34.796192391286205
0.06538746461082305,34.45509600456348
0.03350635095428233,187.01777740205267
0.03738913653922814,63.769172986206286
0.15659352361320703,83.21270488612002
0.03423615076689026,186.95636065230036
0.07149620779764496,34.012020581143716
0.037766801443277195,60.82956470855425
0.1658953421015577,77.36823413848526
