539.1614150087336,0.06480852300790678
0
0.8972809667673716,1.0,0.7673469387755102,0.9271523178807947
1,1,0,1
0.16359482576216294,0.04140069289187726,0.07717546197173743,0.03378686098767061
74.25978852722695,60.07764019232009,34.6078134827765,189.65040101814438
1
0.884393063583815,1.0,0.782051282051282,0.9632352941176471
0,1,0,1
0.04558183652393197,0.17013804242667427,0.03302546985683589,0.07110862127201101
62.436769317632404,77.6312275088471,188.92182966293322,28.77165475196256
2
0.8866279069767442,1.0,0.9436619718309859,0.7962962962962963
0,1,1,0
0.06885793613765633,0.042356004281167675,0.17573262152310196,0.03027609345116311
36.30987087265018,61.667294289637,85.18927323088846,189.41929329751255
3
0.9134615384615384,0.9951690821256038,0.7704918032786885,0.9536423841059603
1,1,0,1
0.04220512736653283,0.029854826591667417,0.1560916833380472,0.07115672832826213
57.70328103066508,187.94904368388706,88.38183415400277,29.292082931455326
4
1.0,0.871875,0.7521008403361344,0.9673202614379085
1,0,0,1
0.15982206966000861,0.04506051882290418,0.06818905332915598,0.0346134880623616
76.10522642349895,60.18168990833399,29.46504024540796,185.7389423217482
5
0.9473684210526315,0.9951690821256038,0.8194444444444444,0.887905604719764
1,1,0,0
0.16161469319583255,0.028130466532000346,0.02832468759368994,0.06973380102880586
82.65270414864125,61.53805584250255,178.31877770939752,35.910373080218626
6
0.8808139534883721,0.7877551020408163,1.0,0.9310344827586207
0,0,1,1
0.16727245864564594,0.03400085855030503,0.03159178440938775,0.08151093853477691
79.3060620069822,187.20762788124424,62.247195293487955,34.51471158459504
7
0.793859649122807,0.9096385542168675,1.0,0.8952380952380953
0,1,1,1
0.03533085364447762,0.15899807346389472,0.037372167746182544,0.07431842595965094
185.50847820400824,75.19190008074585,62.90544256885857,28.96393627630503
8
0.7426160337552743,0.916030534351145,0.9274924471299094,0.9953488372093023
0,1,1,1
0.17059321889331922,0.04007978650431623,0.027997455399802543,0.0721110424919442
88.22445813744287,61.89136314079538,180.90168195577203,32.776070659543706
9
0.9490445859872612,0.7198275862068966,0.8950617283950617,0.995
1,0,1,1
0.027918672882417006,0.1637651700578872,0.04484188022866146,0.0647940625638697
174.8997630035481,85.04572045036907,60.45509668669735,33.97610393720499
10
1.0,0.918918918918919,0.7318181818181818,0.9607843137254902
1,1,0,1
0.030540153854799853,0.07175802040594101,0.04471696649563332,0.15625731576593743
186.75241314484862,35.898940593540495,62.288833506647656,77.92555772784772
11
0.9727891156462585,0.7629310344827587,0.9898477157360406,0.8905325443786982
1,0,1,0
0.07143091481953645,0.038998548626759,0.028219521552141847,0.15794973319454553
34.3652937073198,61.526922702601794,177.1623106490551,86.54527565863566
12
0.9020771513353115,0.995260663507109,0.9448275862068966,0.7330316742081447
1,1,1,0
0.1593943053847452,0.06906172860993011,0.04072816164844761,0.03250028753196027
74.22062418885046,29.62265607192373,61.752917235839085,190.1813561161431
13
0.7942238267148014,0.9264705882352942,0.9028213166144201,0.9945054945054945
0,1,1,1
0.0665782984400113,0.042056197761257325,0.030133212716056203,0.16248934361291434
32.492964220954086,62.63224902451195,182.0784907103164,83.73955216358422
14
0.8895705521472392,0.9333333333333333,0.768595041322314,1.0
0,1,0,1
0.16864248848977806,0.040423744532613694,0.02949423481943603,0.06938627694987935
77.333875773589,58.96990141039792,187.92934764502095,33.15038823689332
15
0.7957446808510639,0.9378531073446328,0.8888888888888888,0.9946524064171123
0,1,0,1
0.1783186672910692,0.07632126254427052,0.04506005349828049,0.03250183103412387
90.30942125901778,33.5637149734937,61.01671937759799,188.5982816103809
16
0.7649572649572649,1.0,0.9015384615384615,0.9379310344827586
0,1,1,1
0.07554443706833032,0.1529718926650622,0.03794549977752536,0.03489761192672886
30.703795492138656,81.36160206684352,62.104619567582205,188.74765822128768
17
0.8790560471976401,0.9950980392156863,0.9241379310344827,0.7964601769911505
0,1,1,0
0.06461427505638026,0.1595486973966081,0.030235909106531133,0.03571793052954465
32.463829457057386,83.45879847404164,185.09568500158943,61.03684520034257
18
0.9135446685878963,0.9952153110047847,0.7083333333333334,0.9366197183098591
1,1,0,1
0.1770453649009572,0.03756474438495202,0.07807918074658371,0.03376466946515203
79.48347398875408,60.662990533022615,32.197926921057764,179.40105077260563
19
0.771551724137931,0.9230769230769231,0.8640483383685801,0.9951690821256038
0,1,0,1
0.03225833184825516,0.07362846235199796,0.16617850693409997,0.03650683662719354
184.48279750556807,31.439848008643704,85.67340472449366,59.69106201465043
20
0.9565217391304348,1.0,0.7156398104265402,0.8771929824561403
1,1,0,0
0.04315674885382654,0.029642559019769157,0.0744525422782955,0.15254076769956113
59.98399237609847,182.7760479315607,30.143268959117833,80.84492984964568
21
0.9,1.0,0.7587719298245614,0.9420289855072463
0,1,0,1
0.07064852237183325,0.03399328177459542,0.030952270028588146,0.16454961496166864
34.788052017648866,184.64819380225504,58.06363284917761,76.17705878599534
22
0.9952380952380953,0.9207317073170732,0.9416058394160584,0.7322175732217573
1,1,1,0
0.18256287564522797,0.04255750360581824,0.02764102201482094,0.07757370981174476
89.3287635477248,60.62980951091114,178.16091908638458,32.862806130591984
23
0.9849246231155779,0.8614457831325302,0.7136752136752137,0.9328859060402684
1,0,0,1
0.03476933502605123,0.07401539508799464,0.16704675326028925,0.03293376934696122
61.85790289069617,31.68125311482566,91.4529776798617,181.970213310079
24
1.0,0.7613168724279835,0.9428571428571428,0.8652694610778443
1,0,1,0
0.06305228987013256,0.16712421184399218,0.03235621404693787,0.04192965378688537
33.38882197642022,76.95406267058205,186.81828642731324,60.52496849624193
25
0.7327935222672065,0.9411764705882353,0.906832298136646,0.9952153110047847
0,1,1,1
0.06561121728895816,0.037830556974404614,0.16139872451836365,0.03330386945865556
35.89366648908296,61.484195457784416,88.63205558460265,184.7965539145018
26
0.7629310344827587,0.9419354838709677,0.9285714285714286,1.0
0,1,1,1
0.030479712229607468,0.07907360163773469,0.040130159265708475,0.165850140376047
184.70536820503364,27.205730418609228,59.582586982252685,78.52939245474141
27
0.7408906882591093,0.8848684210526315,0.9951456310679612,0.9490445859872612
0,0,1,1
0.030689622833866528,0.16182433570403218,0.04217597055414257,0.0718481971397776
201.41479540684878,86.20998498143426,63.61389295651517,34.2445934396296
28
0.8918918918918919,0.9945652173913043,0.9329268292682927,0.8068669527896996
0,1,1,0
0.041615492527161194,0.14909851932416576,0.06550896724194126,0.03295349041033669
61.259698243393615,78.01119351878789,32.411743804005546,182.64207875709513
29
0.7880184331797235,0.8986486486486487,0.9948979591836735,0.8948863636363636
0,1,1,1
0.16670674662942436,0.044575580698798314,0.0320492863876095,0.07635153999092965
82.24117370347108,61.4835569067444,180.28309204289644,33.116043584402284
30
0.9236111111111112,0.8348214285714286,0.8988095238095238,0.9904761904761905
1,0,0,1
0.035031889273725816,0.07772391061583726,0.03406423456216413,0.1677752986766506
61.60733511331645,35.453625423741116,187.7942711153073,88.05734897334328
31
1.0,0.9014492753623189,0.9612403100775194,0.7721518987341772
1,1,1,0
0.02892849080186332,0.07031700037431884,0.16138344953522288,0.03579986816551139
189.26041090116286,37.51533543420634,87.04921714944864,61.649004028906646
32
0.8038461538461539,0.9357142857142857,1.0,0.8643533123028391
0,1,1,0
0.07297102054307808,0.1528086656450129,0.05029427596637559,0.02991113119890084
31.105804406740894,76.76549586427383,61.73425966380963,185.52021228853533
33
0.9530201342281879,0.7540322580645161,1.0,0.9130434782608695
1,0,1,1
0.17425936353486768,0.04393652621584247,0.0346231368855647,0.0696676908971944
81.47260740446823,59.70654972389026,187.16268801015838,31.147520690215003
34
0.9473684210526315,0.9198813056379822,0.7828054298642534,0.9901960784313726
1,1,0,1
0.07265801429488031,0.03447698311928397,0.035720436352731574,0.16009478891658335
34.142358287618116,187.10369940412366,61.66968194204418,84.47885843963603
35
0.8979591836734694,0.9947368421052631,0.776255707762557,0.9444444444444444
1,1,0,1
0.04210667899168084,0.029140215277133334,0.07508613342496887,0.15582592784276472
64.39582705755521,172.06399635867064,32.99399277579907,81.99208269539467
36
1.0,0.8632218844984803,0.9202898550724637,0.7394957983193278
1,0,1,0
0.029823443102355338,0.16639476071452294,0.04148308355628876,0.07506571204952761
194.51422163971566,81.17186111189417,59.74083172008567,31.663201607272264
37
0.8902439024390244,0.9951456310679612,0.9240506329113924,0.7612612612612613
0,1,1,0
0.03350691711602646,0.07030833487823492,0.17070530790743255,0.03311657799867263
181.53120281924956,32.239585830344595,83.23126869097038,60.44370317948248
38
0.93125,1.0,0.8905775075987842,0.7625570776255708
1,1,0,0
0.04241325619143927,0.16601590678551634,0.06814109257544444,0.03350215962186542
58.900103939311855,80.42908757430374,29.83019833579674,188.25127082596094
39
0.8905775075987842,0.9947089947089947,0.9470198675496688,0.7704918032786885
0,1,1,0
0.027559715493181234,0.07121788379598303,0.16425559863336223,0.03739141766317411
176.9977532476096,28.08907629162158,75.85763077312099,60.73192986559209
40
0.9492753623188406,0.7717842323651453,0.8851963746223565,1.0
1,0,1,1
0.16531352473116562,0.03486733917617527,0.06898236405475971,0.0313639272446997
82.72727544220976,60.46878710874652,30.373218749668062,182.1712288054845
41
0.9671052631578947,0.7868852459016393,0.8664495114006515,0.995260663507109
1,0,0,1
0.07761116600852004,0.03476940433915057,0.1660897258037491,0.03098982916707946
32.027785430301584,59.128130678710185,89.69853954502608,198.99801196109533
42
0.7849056603773585,0.9037900874635568,0.9596774193548387,0.9945054945054945
0,1,1,1
0.0470995351790107,0.16299361243191893,0.03845663943648733,0.06870598456617465
61.89661124474495,78.66749796462,193.6742580946159,31.938580146308524
43
0.9894736842105263,0.941358024691358,0.7974683544303798,0.9325153374233128
1,1,0,1
0.15673832787104017,0.025840620004083752,0.03368337620832654,0.0814615047758161
85.03266510378512,178.3650121082698,65.04763794149575,29.02913993336543
44
0.9324324324324325,0.8082191780821918,1.0,0.8862973760932945
1,0,1,1
0.16712009489636726,0.0737042717890586,0.03823552394754718,0.032014283862781476
83.4961913609858,29.99844927981772,61.343665180680695,188.18130712251244
45
0.8867403314917127,1.0,0.9393939393939394,0.7935779816513762
0,1,1,0
0.07782153035799895,0.03359569867464739,0.17135698700950056,0.043028840352531336
35.16599564546984,185.21790442997042,79.83619953852292,58.337463505666356
46
0.7272727272727273,0.9177215189873418,0.9949748743718593,0.8961424332344213
0,1,1,1
0.16263193390150965,0.03947748015913733,0.06362540658783081,0.031644758283964194
76.66795014906309,57.96614392031082,34.38320338136249,176.8887680412348
47
0.916083916083916,0.7586206896551724,0.86875,1.0
1,0,0,1
0.07259083155396175,0.03295556171202001,0.16992309595585203,0.03998256604756827
33.3178056018386,183.58023511063206,76.41180520552808,61.83873663944273
48
0.9526627218934911,0.994413407821229,0.7725321888412017,0.9099099099099099
1,1,0,1
0.15084180602133593,0.045490176237056604,0.07086104578664396,0.030932223405222076
83.29888363745619,60.96789453917362,33.74163883219406,184.60619828159972
49
0.8758169934640523,0.9444444444444444,0.990909090909091,0.7644444444444445
0,1,1,0
0.06546709032364342,0.040887117624742494,0.027490222193998076,0.16605224975029817
34.10610701964012,63.66621373267319,179.61340798411473,80.5593541874087
50
0.9487179487179487,0.8885542168674698,0.8244897959183674,1.0
1,0,0,1
0.16370956809183612,0.072985727853574,0.031644683864878204,0.035731134152765735
91.16879074317961,34.25691231288548,187.5860868535506,60.09265538035852
51
0.7766990291262136,0.8543417366946778,1.0,0.890625
0,0,1,1
0.032430140990402104,0.15631353144624854,0.04371898427989258,0.07529524751671456
182.66374810057852,91.05796529283467,60.878928720839774,33.293553154932475
52
0.7589285714285714,0.9950980392156863,0.9020771513353115,0.9194630872483222
0,1,1,1
0.17343095021719346,0.039779001552947904,0.07512057740066343,0.03537674340994911
70.96835802975794,60.895442094135596,30.26487080416884,181.81250107370613
53
0.9354838709677419,0.9126506024096386,0.7709251101321586,1.0
1,1,0,1
0.03998694253887419,0.16373112558223632,0.0748364091327672,0.034233901076398385
60.42110038782528,81.57361102254428,35.31424543652187,186.66269192005217
54
0.7685589519650655,0.9954545454545455,0.8892405063291139,0.9731543624161074
0,1,0,1
0.07295062580691085,0.16154216995335877,0.03629027257893076,0.03148115101859524
32.19929464934465,79.09706708384104,61.09206183077792,187.28558037904753
55
0.8902077151335311,0.9858490566037735,0.7345971563981043,0.9545454545454546
1,1,0,1
0.07484263994450777,0.030051060459575236,0.17119019599759433,0.041248147744979806
38.32845581495957,186.86044395316998,88.83306504412832,63.118364414693914
56
0.8761609907120743,0.9949238578680203,0.9423076923076923,0.7941176470588235
0,1,1,0
0.15712816205226277,0.04050697736046188,0.06490617777153433,0.03130689215445819
86.23884193430825,60.78546969249425,30.83787294752883,187.18741485070038
57
0.8823529411764706,0.7680608365019012,1.0,0.9382716049382716
0,0,1,1
0.03913713873714881,0.16967657636782307,0.030677118525781085,0.07089383466643122
62.02656039527296,76.50669661942374,182.28297715843004,28.240670532169247
58
0.9169139465875371,1.0,0.9322033898305084,0.7745901639344263
1,1,1,0
0.16333933165186637,0.04843351457714478,0.02884521533883921,0.07210210704408605
76.91736784326291,59.84672254789194,179.93945922087872,31.40153389793072
59
1.0,0.8727272727272727,0.7469879518072289,0.9367088607594937
1,0,0,1
0.029543072578476853,0.07051140940261104,0.16049597848319735,0.03388523294781405
185.84974396107472,30.435437957931395,75.87148506888116,61.225646643481355
60
0.9433962264150944,1.0,0.8962536023054755,0.7929515418502202
1,1,0,0
0.06808797332992678,0.04872552790768447,0.16792091129647682,0.03341719247926273
31.76541915409755,66.08334677636498,78.63085897808965,187.96489867848896
61
0.757847533632287,0.9819819819819819,0.8855421686746988,0.948905109489051
0,1,0,1
0.04023586602996135,0.1655883324490929,0.07839542473828005,0.03113858985850625
60.90902607130761,82.786343037671,29.829802567939762,184.89255084307487
62
1.0,0.7589285714285714,0.9036144578313253,0.9225806451612903
1,0,1,1
0.037809461328538616,0.1691130976533995,0.03124661912285399,0.07654596891988366
59.72674010343438,76.90663254815098,186.36066605765853,33.86915675828569
63
0.7510373443983402,0.9006211180124224,0.9902439024390244,0.952054794520548
0,1,1,1
0.03883122029010583,0.16387220391934085,0.02846929097313497,0.06860472366856421
64.17512355391023,81.6168096603908,185.50240753399964,34.58623681492196
64
0.8942857142857142,0.9552238805970149,1.0,0.7905982905982906
1,1,1,0
0.14345148582402456,0.04072106359907095,0.027219253443004954,0.07428982430676873
83.58165869492245,60.78261885965455,179.3660539931233,31.760203342072966
65
0.8906752411575563,1.0,0.7759336099585062,0.9325153374233128
0,1,0,1
0.037550402401856586,0.07498288046110264,0.03600917553124292,0.1566157648041325
61.62043634205767,30.132179868146974,189.37983105198458,72.65857380842365
66
0.9835164835164835,0.8861538461538462,0.9545454545454546,0.7402597402597403
1,0,1,0
0.03380647770383373,0.031177728318248478,0.07097308710899487,0.15608826434713108
60.3015602577727,180.40708558496533,32.94000502872206,77.15315748947036
67
0.9259259259259259,0.8814589665653495,0.7768595041322314,1.0
1,0,0,1
0.07358149484884521,0.17428260509448057,0.03385157363545351,0.03621931385645165
32.43535398562481,93.89771013075105,184.87633868249412,59.37243034422067
68
0.8761904761904762,0.7283950617283951,0.9902439024390244,0.9602649006622517
0,0,1,1
0.03944310229171578,0.07201063020969095,0.17243980373038176,0.029909140696739944
57.2509574315579,32.776653593782456,82.72599669041803,185.41133111433686
69
0.8876080691642652,0.9242424242424242,0.8348214285714286,0.9952380952380953
0,1,0,1
0.033231913209033785,0.1610460471600295,0.04335276797786019,0.06638219687848362
184.3529564058206,84.62856015163813,59.342873577722735,33.20363027496799
70
0.994413407821229,0.7983193277310925,0.9256756756756757,0.8882521489971347
1,0,1,1
0.07232910728851015,0.04249565490895735,0.03332134715836742,0.16339392002730044
35.49301634182132,60.78063013340743,184.02079926300385,86.88504001671757
71
0.9237536656891495,0.9308176100628931,0.9948453608247423,0.7681818181818182
1,1,1,0
0.03183269257475315,0.07629890011796284,0.040551372251780626,0.16618794106545337
175.3335342873933,31.26303191644691,62.87811793730968,81.93966002432693
72
0.7372881355932204,0.9470588235294117,0.994413407821229,0.8601823708206687
0,1,1,0
0.07236327782265596,0.027123406958944465,0.1748899075301887,0.03764139006611209
31.397649951608656,184.61606234120146,73.13728172990363,61.26774635553726
73
1.0,0.8796296296296297,0.9602649006622517,0.7906976744186046
1,0,1,0
0.04174388143647287,0.17379946758057987,0.032583133043293626,0.0730116291052323
61.899044791120986,84.77710035296573,187.71977118449547,32.60992577780174
74
0.9057142857142857,1.0,0.7105263157894737,0.9436619718309859
1,1,0,1
0.16752809728483606,0.034943383547694,0.03338733168326361,0.06905676092286776
72.02652283009627,59.66441764614159,179.89056293113072,31.62825072439879
75
0.7459016393442623,0.946969696969697,1.0,0.8867924528301887
0,1,1,1
0.0744105373983016,0.16030245330564055,0.03866344161301607,0.03572957058456878
34.346441415079326,84.81654250797665,60.74823926462627,189.4876006255252
76
0.9066666666666666,0.7991452991452992,0.9906103286384976,0.8958990536277602
1,0,1,0
0.04277407831406499,0.1534692375019101,0.07275345717979982,0.035103849832830325
58.863810302022195,82.87187103813478,30.673124930272195,189.45122530153648
77
0.8846153846153846,0.9905660377358491,0.9570552147239264,0.7136563876651982
0,1,1,0
0.15917206939398887,0.041567293657430594,0.032272181359375915,0.0694726095699409
82.31881168223202,60.65511883982327,184.26545295507333,28.7403005479764
78
0.799163179916318,0.9945652173913043,0.9583333333333334,0.899135446685879
0,1,1,0
0.02777859636173456,0.0671281853355554,0.03767626926891402,0.16467256991544485
185.99310999864,35.83863983422314,61.67099801259518,93.28107320824495
79
0.8902439024390244,0.9951690821256038,0.7530364372469636,0.9465648854961832
1,1,0,1
0.07130152405813817,0.15390160135931955,0.04205827632161718,0.025581994213863316
33.815717386943966,79.7934840008058,62.06824445011339,186.93897524123946
80
0.9953051643192489,0.7344398340248963,0.9104477611940298,0.928
1,0,1,1
0.1609923312495153,0.034815847907886735,0.07360151672776682,0.03296118051611098
84.14313448608492,63.59820103703043,31.525332341484077,195.468916904065
81
0.7530364372469636,0.9492753623188406,0.8976608187134503,1.0
0,1,1,1
0.05331714995418765,0.15589616882581075,0.03562865967465848,0.072503334247945
58.79999404249334,91.00611043278099,195.07731659496747,31.621216137969952
82
0.8639240506329114,0.9333333333333333,0.7860082304526749,0.9947368421052631
0,1,0,1
0.026173610856942704,0.16750805827827311,0.039528604740281574,0.06540428073895384
178.53753470676233,79.17004371610501,60.38331620513466,34.13825855014612
83
0.9313432835820895,0.9900497512437811,0.7554585152838428,0.9194630872483222
1,1,0,1
0.16800913327219935,0.04032808001699496,0.029891392744282833,0.07398691505618173
81.4564697485595,62.70320944754415,186.2480254553074,34.39653385928272
84
0.8629283489096573,0.9583333333333334,1.0,0.8028169014084507
0,1,1,0
0.06974576091748312,0.03411570749559429,0.04062532256371535,0.15120409251889794
33.140328074594244,188.85401534997192,57.94104096014997,84.39886678282379
85
0.9548872180451128,0.7608695652173914,1.0,0.9180790960451978
1,0,1,1
0.03167573624006312,0.16990997337380984,0.0338675493026563,0.07129747554402974
61.869848559337775,80.00946747462604,191.12666132097823,29.180935355198635
86
0.7929515418502202,0.9570552147239264,0.986046511627907,0.86084142394822
0,1,1,0
0.04371992069984751,0.07334325721766724,0.16617320461539947,0.03156632886457357
63.11016793499291,31.64677341828433,75.74756589110643,173.84371685270764
87
0.9556962025316456,1.0,0.8947368421052632,0.7727272727272727
1,1,1,0
0.1680824862883057,0.03276347586900749,0.08079032185954892,0.03026595817637203
91.24759098391237,62.45130360384968,33.840189031592956,182.45098544195807
88
0.9236111111111112,0.8025751072961373,0.9949238578680203,0.9
1,0,1,0
0.030432915418460795,0.06830941644915135,0.03779209016550146,0.16815271485595812
180.16332260763357,32.58697780706865,61.443392862614154,77.53768948176986
89
0.9470198675496688,0.88,0.7748917748917749,0.9902912621359223
1,0,0,1
0.04459294589574871,0.029982565355503532,0.16581615149403964,0.07402669999320137
59.1080934217429,181.01821059030067,74.73943607464702,31.77078640185054
90
0.9256756756756757,0.9951219512195122,0.7656903765690377,0.8788819875776398
1,1,0,0
0.03254229483949219,0.07027343817297066,0.16387312563936832,0.03533630305500477
185.10066536244636,28.734061939303395,80.9827313951027,58.6368894744001
91
0.856687898089172,0.9328859060402684,0.7666666666666667,0.995260663507109
0,1,0,1
0.16838116575815326,0.035831501531073874,0.07795095095896956,0.03182674634314384
81.28128440064822,61.998785500219185,33.420732312551934,179.42218730251432
92
0.9395973154362416,0.8739255014326648,0.7766990291262136,0.9952380952380953
1,0,0,1
0.0727317614943774,0.037505465789871045,0.16971334492016593,0.029420601576729162
29.99241317279381,59.663558057536044,85.1654513238065,178.47931484896912
93
0.9609375,0.7663934426229508,1.0,0.9047619047619048
1,0,1,1
0.07207588150922092,0.03293520476187289,0.16131927162585227,0.04887464453674836
30.097250890489146,187.39303076549754,78.46498941987852,60.880286944236744
94
0.9607843137254902,0.9083333333333333,0.9941860465116279,0.8078602620087336
1,1,1,0
0.02823989347024363,0.07538264745753769,0.04119695546578998,0.17476278524754363
181.33160423043032,33.94016212573128,62.224575825213215,86.62215921922434
95
0.9331306990881459,1.0,0.8293650793650794,0.8819444444444444
1,1,0,0
0.03582321174960877,0.0709426992235301,0.15292592000339852,0.03757666020497886
195.5346546007202,32.18497900408436,89.1973044643454,62.5555781207123
96
0.8836477987421384,0.9662162162162162,0.9953051643192489,0.7319148936170212
0,1,1,0
0.04138611147573094,0.027681119093810543,0.07129217264692815,0.1689839423459895
59.84996027043158,187.73681196957696,32.55473835422436,79.91269858073395
97
0.898876404494382,0.9242424242424242,1.0,0.7802690582959642
1,1,1,0
0.1588719188268317,0.04470034666539344,0.02874617000660431,0.07558314271619915
85.4441607471899,60.59087768587972,180.1861160331679,34.796192391286205
98
0.9895833333333334,0.8885448916408669,0.9506172839506173,0.7805907172995781
1,0,1,0
0.06538746461082305,0.03350635095428233,0.03738913653922814,0.15659352361320703
34.45509600456348,187.01777740205267,63.769172986206286,83.21270488612002
99
0.7699115044247787,0.9285714285714286,0.8796296296296297,1.0
0,1,0,1
0.03423615076689026,0.07149620779764496,0.037766801443277195,0.1658953421015577
186.95636065230036,34.012020581143716,60.82956470855425,77.36823413848526
