[8.766666666666667],6
8,132,12
[9.966666666666667],2
1,292,0
[8.697802197802199],7
7,117,13
[9.154166666666669],4
7,136,10
[8.9375],4
9,140,10
[9.038095238095238],5
7,128,10
[9.879999999999999],2
1,247,2
[8.750000000000002],4
9,133,10
[8.842857142857142],5
8,128,11
[9.966666666666667],2
1,293,0
[8.812500000000002],9
8,132,11
[8.91904761904762],4
7,127,12
[9.884615384615385],3
1,254,2
[8.958333333333334],8
8,134,11
[8.733333333333336],6
8,131,11
[8.887500000000001],4
8,133,11
[9.967741935483872],2
1,301,0
[8.703296703296703],8
8,118,12
[9.966666666666667],2
1,297,0
[8.959558823529411],7
9,144,10
[8.825000000000001],7
8,132,12
[8.8125],5
9,139,11
[9.494736842105265],3
8,185,3
[9.966666666666667],2
1,294,0
[8.895833333333336],7
8,135,11
[8.966666666666667],3
7,128,10
[9.884615384615385],3
1,249,2
[8.895833333333334],3
9,134,10
[8.875000000000002],5
9,131,11
[9.544736842105262],5
7,186,2
[8.866666666666667],6
8,131,11
[9.813390313390313],6
2,257,3
[9.96551724137931],2
1,286,0
[8.842857142857142],7
8,127,11
[9.0],3
6,123,9
[9.012500000000001],4
6,135,10
[9.966666666666667],2
1,290,0
[8.716666666666669],6
9,134,12
[8.895833333333334],4
8,134,12
[9.5],4
7,187,3
[8.995833333333334],10
8,139,11
[8.733333333333336],11
9,130,11
[9.884615384615385],3
1,256,2
[9.967741935483872],2
1,306,0
[9.96551724137931],2
1,289,0
[8.895833333333334],4
9,133,11
[8.841666666666669],8
8,136,11
[8.941666666666668],3
8,132,11
[9.920000000000002],2
1,248,1
[9.45],9
8,189,3
[8.970833333333335],5
8,135,11
[8.875000000000002],4
7,133,11
[9.96551724137931],2
1,289,0
[9.96551724137931],2
1,287,0
[9.549999999999999],4
7,190,3
[8.704761904761906],5
9,126,11
[9.966666666666667],2
1,294,0
[8.615384615384613],8
9,116,12
[9.925925925925926],3
1,263,1
[9.807692307692308],6
2,251,3
[9.41812865497076],4
8,176,3
[8.833333333333336],5
9,133,11
[8.950000000000001],5
8,133,11
[9.450000000000001],3
8,188,3
[9.966666666666667],2
1,297,0
[9.92],2
1,246,1
[9.087500000000002],5
7,136,10
[9.96551724137931],2
1,283,0
[9.639473684210525],4
7,183,2
[9.884615384615385],4
1,253,2
[8.970833333333335],5
7,136,12
[10.0],2
0,290,0
[9.967741935483872],2
1,300,0
[9.884615384615385],2
1,251,2
[9.96551724137931],2
1,288,0
[9.494736842105263],7
7,185,3
[9.887464387464387],3
1,258,2
[9.966666666666667],2
1,291,0
[9.96551724137931],2
1,281,0
[8.904166666666669],7
9,136,10
[9.966666666666667],2
1,293,0
[9.967741935483872],2
1,300,0
[9.88888888888889],3
1,259,2
[9.96551724137931],2
1,287,0
[9.536842105263158],3
7,183,2
[8.954166666666667],5
8,135,10
[9.96551724137931],2
1,285,0
[9.55],5
7,189,2
[9.969696969696969],2
1,321,0
[9.96875],3
1,310,0
[9.12857142857143],5
6,130,11
[9.5],5
7,190,3
[9.966666666666667],2
1,293,0
[9.966666666666667],2
1,294,0
[8.920833333333334],4
8,139,10
[8.989010989010989],5
8,120,10
[9.967741935483872],2
1,301,0
[9.526315789473685],3
7,180,2
[9.96551724137931],2
1,288,0
[8.787500000000001],7
8,137,11
