[9.5],5
7,190,3
[9.49736842105263],4
7,185,3
[9.969696969696969],3
1,320,0
[9.5],4
8,188,3
[9.48421052631579],9
7,182,3
[9.497368421052633],4
8,186,2
[9.96875],3
1,318,0
[9.547368421052632],5
6,186,3
[9.916666666666668],3
1,232,1
[9.447368421052634],3
8,186,3
[9.494736842105263],5
7,185,3
[9.547368421052632],5
7,187,2
[9.549999999999999],3
6,191,3
[9.49736842105263],5
7,186,3
[9.48421052631579],5
7,182,3
[9.497368421052633],7
8,187,2
[9.516666666666666],3
7,193,3
[9.486842105263158],5
8,183,2
[9.444736842105264],3
8,185,3
[9.884615384615385],3
1,256,2
[9.966666666666667],2
1,299,0
[9.887464387464387],4
1,258,2
[9.925925925925926],4
1,263,1
[9.48157894736842],4
8,181,3
[9.526315789473685],4
7,180,3
[9.492105263157896],5
7,184,3
[9.450000000000001],5
8,188,3
[9.923076923076923],2
0,257,2
[9.88888888888889],3
1,265,2
[9.967741935483872],2
1,306,0
[9.5],3
7,187,3
[9.436842105263159],3
8,182,3
[9.489473684210527],5
7,183,3
[9.892857142857142],3
1,273,2
[9.967741935483872],2
1,307,0
[9.431578947368422],7
8,181,3
[9.55952380952381],7
6,193,3
[9.88888888888889],3
1,259,2
[9.454761904761904],3
8,190,3
[8.708791208791208],7
9,119,11
[9.884615384615385],2
1,254,2
[9.5],5
7,187,3
[9.514285714285716],3
7,193,3
[9.88888888888889],2
2,258,2
[9.5],3
7,188,3
[9.631578947368421],4
7,179,2
[9.48157894736842],4
7,181,3
[9.600000000000001],4
7,188,2
[9.96875],3
1,313,0
[9.966666666666667],2
1,295,0
[9.48421052631579],5
7,182,3
[9.447368421052634],3
8,186,3
[9.884615384615385],3
1,256,2
[9.56904761904762],3
6,196,3
[9.96551724137931],2
1,289,0
[9.96875],3
1,315,0
[9.573099415204679],3
7,177,1
[9.5],9
8,188,2
[9.473684210526315],4
8,178,3
[9.454761904761904],3
8,190,3
[9.88888888888889],3
1,260,2
[9.88888888888889],3
1,260,2
[9.55],4
7,188,3
[10.0],2
0,301,0
[9.494736842105263],4
7,185,3
[9.5],3
8,189,2
[9.884615384615385],2
1,253,2
[9.88888888888889],3
1,263,2
[8.733333333333334],4
8,130,12
[9.5],4
7,187,3
[9.486842105263158],3
8,182,3
[9.586842105263159],3
7,183,2
[9.473684210526317],4
7,180,3
[9.564285714285713],3
7,195,2
[9.5],5
8,188,2
[8.83974358974359],7
7,112,10
[9.431578947368422],5
8,181,3
[9.5],9
7,187,3
[9.55],5
6,190,3
[9.884615384615385],3
1,252,2
[9.581578947368422],4
7,181,3
[9.5],3
7,189,3
[9.96551724137931],2
1,288,0
[9.88888888888889],4
1,259,2
[9.884615384615385],3
1,255,2
[9.5],4
8,187,3
[9.539473684210527],4
8,183,2
[9.96551724137931],2
1,289,0
[9.542105263157895],5
6,184,3
[9.464285714285715],3
8,192,3
[9.450000000000001],3
8,187,3
[9.045833333333334],5
8,138,11
[9.504761904761905],5
7,191,3
[9.473684210526317],5
8,180,2
[9.5],3
7,189,3
[9.489473684210527],3
7,183,3
[9.592105263157894],3
6,185,2
[10.0],2
0,301,0
[9.5],3
7,190,3
[9.96551724137931],2
1,287,0
