[9.966666666666667],2
1,291,0
[8.861904761904764],5
8,128,12
[9.486842105263158],3
8,183,2
[9.966666666666667],2
1,290,0
[9.96551724137931],2
1,280,0
[9.814814814814813],4
2,261,3
[9.589473684210526],3
6,184,2
[9.96551724137931],2
1,285,0
[9.5],5
7,190,3
[8.962500000000002],7
8,136,10
[9.96551724137931],2
1,282,0
[9.967741935483872],2
1,301,0
[8.8625],7
9,138,11
[9.96551724137931],2
1,289,0
[9.96875],3
1,319,0
[10.0],2
0,291,0
[9.81054131054131],3
2,256,3
[9.969696969696969],3
1,324,0
[9.849002849002849],5
2,257,2
[9.526315789473685],3
7,180,3
[9.554761904761904],3
7,192,2
[9.55],3
6,187,3
[8.879166666666668],7
7,132,12
[9.88888888888889],4
1,259,2
[9.966666666666667],2
1,294,0
[9.967741935483872],2
1,302,0
[9.967741935483872],2
1,300,0
[9.5],3
7,189,3
[9.55],5
7,189,2
[8.691666666666668],6
9,131,12
[9.88888888888889],4
1,264,2
[9.057142857142859],3
6,131,10
[9.88888888888889],4
1,263,2
[9.536842105263158],3
7,183,2
[9.547368421052632],3
7,186,3
[9.967741935483872],2
1,301,0
[9.884615384615385],4
1,253,2
[9.597368421052632],3
7,188,1
[9.96875],3
1,312,0
[9.967741935483872],2
1,307,0
[9.547368421052632],3
7,186,3
[9.88888888888889],2
1,262,2
[8.854166666666668],5
8,137,11
[9.49736842105263],5
7,186,3
[9.923076923076923],3
1,257,1
[9.966666666666667],2
1,298,0
[9.966666666666667],2
1,292,0
[9.966666666666667],2
1,298,0
[9.539473684210527],4
8,183,2
[8.819047619047618],6
8,126,10
[9.96551724137931],2
1,287,0
[9.88888888888889],3
1,260,2
[9.55],4
7,188,3
[9.884615384615385],3
1,253,2
[8.800000000000002],11
8,132,10
[9.597368421052632],4
6,186,3
[9.887464387464387],2
1,258,2
[10.0],2
0,319,0
[9.96551724137931],2
1,289,0
[9.967741935483872],2
1,307,0
[8.945833333333335],7
7,133,11
[9.547368421052632],3
6,186,3
[9.88888888888889],3
1,261,2
[8.95238095238095],4
8,127,9
[8.958333333333336],5
8,135,10
[9.969696969696969],3
1,320,0
[9.516666666666667],4
8,194,3
[9.589473684210526],5
6,184,2
[9.967741935483872],2
1,300,0
[9.966666666666667],2
1,290,0
[9.925925925925926],3
1,265,1
[9.884615384615385],3
1,255,2
[8.837500000000002],4
8,136,11
[9.96551724137931],2
1,286,0
[8.970833333333335],5
8,135,11
[9.96875],2
1,316,0
[9.966666666666667],2
1,299,0
[9.925925925925926],4
1,260,1
[8.795238095238096],6
9,130,10
[9.504761904761905],7
7,191,3
[9.962962962962962],2
0,263,1
[9.884615384615385],3
1,253,2
[9.439473684210528],4
8,183,3
[9.55],7
6,190,3
[8.85714285714286],4
8,129,11
[9.884615384615385],3
1,257,2
[9.88888888888889],4
1,259,2
[8.887500000000001],9
8,133,11
[8.799999999999999],5
9,123,10
[9.958333333333334],2
1,236,0
[9.967741935483872],2
1,300,0
[9.96551724137931],2
1,284,0
[9.884615384615385],4
1,253,2
[9.925925925925926],2
0,262,2
[9.96551724137931],2
1,288,0
[9.967741935483872],2
1,309,0
[9.883076923076924],3
1,248,2
[8.742857142857142],9
8,123,12
[8.866666666666667],4
8,133,10
[9.450000000000001],4
8,187,3
