[9.923076923076923],2
1,254,1
[9.925925925925926],2
1,262,1
[9.92],2
1,247,1
[9.884615384615385],3
1,254,2
[9.925925925925926],2
0,266,2
[10.0],2
0,293,0
[8.846153846153845],4
9,119,11
[9.88888888888889],3
1,264,2
[9.96875],3
1,318,0
[9.884615384615385],2
1,252,2
[9.891534391534393],4
1,268,2
[9.884615384615385],3
2,252,2
[9.96551724137931],2
1,284,0
[9.925925925925926],4
1,259,1
[9.916666666666668],2
1,236,1
[9.884615384615385],2
1,257,2
[8.961538461538462],5
7,118,9
[9.96],2
0,243,1
[8.976190476190478],5
6,129,10
[9.96551724137931],2
1,287,0
[9.879999999999999],3
1,244,2
[9.96551724137931],2
1,283,0
[9.96551724137931],2
1,287,0
[9.070833333333335],5
7,134,10
[9.925925925925926],3
1,259,1
[9.846153846153847],3
2,254,2
[8.995238095238097],4
7,131,10
[9.96551724137931],2
1,288,0
[10.0],2
0,283,0
[9.92],2
1,244,1
[9.96551724137931],2
1,285,0
[9.966666666666667],2
1,297,0
[8.966666666666669],5
8,135,11
[9.96551724137931],2
1,285,0
[9.76923076923077],7
3,252,3
[9.846153846153847],3
2,251,2
[8.875000000000002],5
9,132,10
[10.0],2
0,287,0
[10.0],2
0,232,0
[9.923076923076923],2
1,254,1
[9.96551724137931],2
1,288,0
[10.0],2
0,288,0
[9.96551724137931],2
1,281,0
[8.967032967032967],4
7,118,10
[8.954166666666667],4
8,134,11
[9.923076923076923],2
0,258,2
[9.925925925925926],2
1,259,1
[9.884615384615385],4
1,250,2
[8.823809523809524],5
7,124,12
[9.884615384615385],3
1,257,2
[9.88888888888889],3
1,263,2
[9.96551724137931],2
1,288,0
[8.958333333333334],5
8,134,11
[8.808333333333335],7
9,132,10
[9.884615384615385],4
1,257,2
[9.92],2
1,241,1
[8.870833333333334],5
8,139,12
[9.96],2
0,245,1
[8.854166666666668],4
7,138,11
[9.043956043956044],3
7,119,9
[9.966666666666667],2
1,298,0
[9.96551724137931],2
1,288,0
[9.96551724137931],2
1,285,0
[9.846153846153847],3
1,252,3
[9.884615384615385],4
1,251,2
[8.796703296703297],6
7,113,12
[9.96551724137931],2
1,285,0
[8.991666666666667],5
9,138,11
[9.923076923076923],4
1,255,1
[8.908333333333335],4
9,137,10
[9.96551724137931],2
1,284,0
[8.8125],7
9,139,12
[9.884615384615385],3
1,251,2
[8.841666666666669],4
8,136,11
[9.923076923076923],2
0,257,2
[9.846153846153847],3
2,255,2
[8.995238095238097],7
7,130,10
[8.861904761904764],7
8,130,11
[9.88888888888889],3
1,267,2
[9.96551724137931],2
1,288,0
[8.808333333333334],5
9,130,12
[8.752380952380951],5
8,125,11
[8.975000000000001],6
7,137,11
[8.937500000000002],6
9,132,10
[9.967741935483872],2
1,301,0
[10.0],2
0,289,0
[9.0],7
7,141,11
[9.884615384615385],2
1,257,2
[9.879999999999999],3
1,240,2
[8.795238095238096],5
8,129,12
[9.884615384615385],3
2,250,2
[9.884615384615385],3
1,255,2
[8.866666666666667],5
8,130,11
[8.945833333333335],4
8,132,11
[9.884615384615385],3
1,252,2
[9.884615384615385],3
1,256,2
[8.82916666666667],7
9,134,11
[9.88888888888889],3
2,264,1
[9.884615384615385],3
1,257,2
[9.923076923076923],2
1,256,1
