0,0
0.9871577907078745,0.07469719475438716,0.6490680440152707,0.7412454552622721,0.6809799789251844,0.0375125445971802,0.7976778530325405,0.7909537348151978,0.5817066092939349,0.8237889857077153,0.245740024615197
0.9031223030262797,0.8458389739293767,0.09155737704918021,0.18821328857325015,0.11981481481481504,0.4139194850311639,0.09823420074349476,0.04696226415094362,0.9363246306934783,0.796603395439128,0.4970084544218166
0.9412820648465287,0.17220456922806493,0.3161561691113028,0.3745503023856692,0.3094729344729345,0.1605364493985039,0.4396644492271572,0.43748758689175765,0.7813589967172778,0.8023832024650968,0.4088007570181277
0.9738913309781114,0.12305270937161647,0.47199026639344266,0.5537605932916777,0.46747017450142453,0.06812379064703175,0.6844069470260223,0.6785377358490565,0.6539995383668467,0.8354597327213149,0.2776252256644984
0,1
0.9419833993888223,0.17671437745693888,0.30332299512627386,0.36688509977171824,0.2987410487410487,0.1669540089031506,0.4345172309856325,0.43041815400305966,0.7861803252780913,0.802773828239327,0.4106934850300551
0.9033347076742008,0.8450419057776819,0.09123160992013457,0.18864179112778895,0.12088538242384411,0.41305420848692537,0.0984462872938709,0.04799225931301415,0.9361704702082241,0.7966025171269548,0.49496019006733394
0.987501574136823,0.07309228818508817,0.6443909808090416,0.7414723411023664,0.6877959608335036,0.03738521288426422,0.8034941700394587,0.8008242642797347,0.5791629962425144,0.8249959334864995,0.24527512483315145
0.9737505820194235,0.12180360018654518,0.471969696969697,0.5528206024282215,0.4676249676249677,0.06879221547755064,0.6792131350681536,0.6720125786163522,0.656651597530498,0.8330453625657012,0.28160004565926844
0,2
0.903322908537317,0.8476531942081367,0.09216002718083732,0.18871491699310033,0.11995335311397504,0.41177488536924567,0.09813741163780637,0.04649525857855086,0.9362047960947512,0.7966788263374726,0.4946909369795487
0.9861193251109754,0.07904642941620335,0.6480567897451611,0.7377464652769565,0.6716457651037091,0.03790245468351272,0.7856489362934138,0.7790395579850702,0.5853072185427942,0.8226701680717312,0.24882866750051977
0.9406373155817984,0.18301825232391036,0.31602249611104455,0.373453933481193,0.30948073283839717,0.1632565618476468,0.41597698966162866,0.41005371160997095,0.7821132689767568,0.8005385000117378,0.4118927082526238
0.9732981392111695,0.12628230082616948,0.43751399038778066,0.5211433803924523,0.44441011910891437,0.078204254639894,0.6828652901569102,0.6795786921269986,0.6668164244998068,0.8382705053841546,0.280347648210453
0,3
0.9876016609985357,0.07270837699166485,0.6506788349952117,0.7450851407008183,0.6864432500171332,0.03709155352654138,0.8010194304986012,0.796485768008818,0.5787739347713604,0.823828812617544,0.2461913181370255
0.9042186513613165,0.8463605455670372,0.09236345662739898,0.189204877871064,0.12048848229752751,0.4079962882769831,0.10068932020698257,0.04917038020290149,0.9354285790874795,0.7971488093876581,0.49255740510407714
0.9447397587309906,0.17885830905375688,0.3066323797278474,0.3714213229467126,0.3016591251885369,0.16094888110211555,0.45219525232645724,0.44733012701936115,0.7799401117306475,0.8059847488280476,0.400701240491565
0.9742940036936845,0.12016797854312633,0.4781399502455827,0.5607982242134985,0.47537330805813305,0.06672916188750343,0.6819029985679776,0.6748109536744732,0.6530354824854845,0.8328105996050774,0.2803627752352712
0,4
0.9878340462174949,0.07223573016967147,0.6470684324135116,0.7401846716134453,0.6870152386166622,0.037601080960399574,0.8067840558811468,0.8026321090445176,0.5791526539981938,0.8256741209261447,0.24189816594497593
0.9037160161038573,0.8451745816963998,0.0911543715846993,0.18843554554535025,0.12080068850902204,0.41239388559653956,0.09907450433705117,0.04874213836478003,0.9356638861817833,0.7968676792141685,0.49418792364634345
0.9425810225790427,0.17795860541976463,0.31413547788431795,0.3716654452901136,0.3046103675034493,0.16271038529483017,0.4433845362511983,0.43747478343419954,0.7801422901133752,0.8034845154703945,0.40439017607605315
0.9745246914602264,0.12053255621078296,0.4717763640812332,0.5529997729059541,0.4696177233490667,0.06834993000157073,0.6847639127781169,0.6789636722050125,0.6551255825917622,0.8348722709941759,0.2768716851955509
0,5
0.9721058597854543,0.12355660738705687,0.47289535313694075,0.5511652610634105,0.4692179165863377,0.06944472720065203,0.6645470553707689,0.6568449425450418,0.6616585704104352,0.8305519646484122,0.2881542239693209
0.9035048746326986,0.8481958219686763,0.09292405486784866,0.18912237161017792,0.12002151287865592,0.409366444033422,0.09968894621045427,0.04722757027339225,0.9359316510765188,0.7968215568447186,0.4939053576700905
0.9427412780558497,0.19022233558115723,0.2860599208592425,0.34927354083784357,0.2827586206896552,0.17428370850847183,0.43753364953211127,0.4370592062459336,0.788308123328572,0.8061369916372263,0.40102817304072796
0.9875161287523491,0.07297684464938259,0.6410787220947798,0.7348542875552433,0.67650690858882,0.03819342611969419,0.8001192636106423,0.7954536673320884,0.5806165192194864,0.8261124153504673,0.2442532467374492
0,6
0.9033104761401888,0.8407986015581794,0.09130806010928955,0.1878472047666126,0.11952457264957289,0.4160873347084566,0.09862918215613375,0.048132861635220014,0.9359796560833017,0.7966518832300404,0.4958749212299197
0.9862320073481643,0.07833066157674926,0.6464258183873788,0.7362598715354849,0.6715251542837752,0.038017812317728036,0.7845963804174289,0.7778316673567162,0.5857549109020692,0.822672723416967,0.24975343868654099
0.9733849095541226,0.12200558990382049,0.4409049180327869,0.5258481150842925,0.45128205128205134,0.0766245529784408,0.6833754646840149,0.6794415094339623,0.6649148543290953,0.8376392749150672,0.28025598956580106
0.9394427660988495,0.18833609216139102,0.3099657978535205,0.36785732633386625,0.30217876980466907,0.16504697539608038,0.4136289481426012,0.40944753631057407,0.7848542257699814,0.8006893112410375,0.41830041559290554
0,7
0.9874249913754853,0.07372969367584195,0.6476212312277886,0.7414198137244222,0.686420417189648,0.037388016856955184,0.8008032859333974,0.7966090513260325,0.5797741189872927,0.824877143623833,0.24528319021840506
0.9039397061239659,0.8449227168154458,0.09299705758722188,0.18916212976359215,0.1203155818540434,0.40930492568635,0.10086741016109058,0.04950169327527815,0.9354731542564971,0.7969797505447429,0.49358518887818736
0.9440196741476203,0.18194116527540483,0.3113244176013805,0.37105266810836146,0.3034000599790075,0.16223000570036514,0.448738016043827,0.4428748758689176,0.7806719462021924,0.804814895481701,0.4020010040506781
0.9743745135709434,0.11912955838258166,0.47172591637502304,0.5531703564713901,0.46903976866523694,0.06853000751206692,0.6837503306740181,0.6777330224012436,0.6548605379918536,0.8345150253347183,0.27787152509154645
0,8
0.9036128035597712,0.8473479470686891,0.09218032786885233,0.18905217450230327,0.12042735042735042,0.4101803412690303,0.09892193308550196,0.048320754716980996,0.9359042880590916,0.7968593866456267,0.49369862665639724
0.9745599586852861,0.12224253630872353,0.44583158189715566,0.5326241009994965,0.45129909659824197,0.07296827336803832,0.6925301051695103,0.6876632801161103,0.6600207713000102,0.8395113321642093,0.27467965352032564
0.9425917143292282,0.17559463055171753,0.31169844987175194,0.37410973764355543,0.3091071186309282,0.15969104511120885,0.43878815466707133,0.43650365806700037,0.7798983360270684,0.8029827172335372,0.40519710968259104
0.9867024306505983,0.0761076257250684,0.6432396320468678,0.7351313142879838,0.6743473640025366,0.03812058924047733,0.7913088065632612,0.7850831016738629,0.5835711979500999,0.824360433343425,0.24577889452868928
0,9
0.9434183476761209,0.18135267342442496,0.3108154140941027,0.37077942584401224,0.3026233026233026,0.16190026127953988,0.44496210109593015,0.43945111492281297,0.7800764325949003,0.8044867835931805,0.40067022012153564
0.9036781061257407,0.8457945398330363,0.09213614046767088,0.18902567580242963,0.12041014071470901,0.4104597987903772,0.09956031928745285,0.04876927497366179,0.9353937499088739,0.7967356570979303,0.4942420843736467
0.987369770858923,0.07370162038787578,0.6464926954388313,0.7417278852518346,0.6845843750605658,0.037472396744536174,0.8011405305616671,0.7968810165575662,0.5797770482834104,0.82423393727487,0.24608250999733278
0.9743678041831859,0.12088650937400522,0.4723754419800707,0.5554538594176831,0.4690352494274064,0.06775714883889597,0.6842918580071434,0.678061413244543,0.6537135822732889,0.8348260377769379,0.277433993957201
1,0
0.9875210952126791,0.07219253577039716,0.6482998320106585,0.7427355996104624,0.6863076721733965,0.037386301724975174,0.8014370722608274,0.7956530435362357,0.5803470060362134,0.8242697632049284,0.24606050962082016
0.9038625094441918,0.848215004894256,0.09193778898696964,0.18890910640271874,0.12008181751771507,0.40943670698702866,0.09991421218187008,0.04828253507498781,0.9359105878391911,0.7969916554485269,0.49271544685239044
0.9436171183778495,0.17632548988463795,0.31399413744436006,0.3744016127748647,0.30744702930133405,0.1614998812453606,0.44890322262980376,0.44233412470323624,0.7798152516257393,0.8033417507597695,0.4053232335397559
0.9745811850076099,0.12087892216517263,0.47180448853668866,0.5540883509025128,0.46945469454694555,0.06783308266821296,0.6856472653945871,0.6780338369421429,0.6550042623938775,0.8359551197203764,0.27742539743450056
1,1
0.987270187363748,0.07393862208443713,0.643893171208338,0.7373153842623213,0.6769494915190282,0.03798976984606553,0.8008198133878234,0.7959515181806819,0.5819268071969953,0.8251384643325699,0.24416476641518814
0.903432198460265,0.8459373462628632,0.09153563064570108,0.18853791101404188,0.1201377987092272,0.4118737397380531,0.09845611106896324,0.047458606083943145,0.9360617143862086,0.7968212176182923,0.49497794116090466
0.9421966869060795,0.17959981379436668,0.29465528856950374,0.35712016604848396,0.29116418842446234,0.17045325711630327,0.43830524010795946,0.4347893512535539,0.7879062652823787,0.8050548973542394,0.40525417058361474
0.972424438348714,0.12376625580839953,0.47483350409836067,0.5520748209407929,0.46773726851851855,0.06883558267663732,0.6668506040892193,0.6612912735849057,0.659296698681783,0.8307324723307186,0.28623956931068073
1,2
0.9432727522454774,0.18110414138088576,0.3115791658020337,0.37236630991726527,0.3046449565436907,0.16199600542181372,0.44437908804291565,0.44136613326964413,0.7801817834752236,0.8032588871898306,0.4038227290719795
0.9037733106288236,0.8475378661304275,0.09136065573770497,0.18859654023315164,0.11991452991453033,0.41100777817513034,0.10001858736059493,0.04875471698113176,0.935910443167832,0.7970405668153313,0.4939496268075282
0.9743308800208996,0.12054288855968823,0.47547362378006,0.5547787219809235,0.47240236345294717,0.06803966311222817,0.6831325126929253,0.675324866015711,0.6544429347175297,0.8345067303752267,0.2778876577599424
0.9874073016749726,0.07359898462818834,0.6476502732240437,0.7410304131272833,0.6841505473084422,0.03757862649881068,0.8002608752364182,0.7952863290301224,0.5801994471200588,0.8247003181446984,0.24465345222869622
1,3
0.9871803588662487,0.07539980443829025,0.6504465799886943,0.7423224188530433,0.6841143530798707,0.03729613174407992,0.7975772336879888,0.7920884840598568,0.579968481598349,0.8242435367031042,0.243687669728394
0.9037700317770628,0.843435766952068,0.09197055871528959,0.18851041068482144,0.11955636955636967,0.41240071690268004,0.09989757984978392,0.04909510974201009,0.9354030235401531,0.7968263506617261,0.49417249510341854
0.9435370075163696,0.17564453003801303,0.3108968177434909,0.3730503657983854,0.30407984656350673,0.15996343021388248,0.446291031902228,0.44313725490196076,0.7790205331209241,0.804894808896545,0.40171162983987047
0.9745959668992161,0.11936451806100465,0.4681615476414798,0.5527255464070051,0.4695069369398872,0.06842586165791122,0.6848694611801904,0.6781320031807995,0.6548656409724307,0.8351066618659858,0.27806604667496404
1,4
0.9862786325172314,0.07777370104296338,0.6472950819672132,0.7363973311762984,0.6723201566951568,0.03797372311484626,0.7877555762081785,0.7819693396226414,0.5840048920291361,0.82273810914991,0.24990740099985415
0.9036695094135476,0.8439346085138945,0.09221311475409838,0.18898081238485043,0.12057811016144326,0.4109409990080378,0.09897769516728616,0.04842767295597472,0.9357480380590918,0.7966388770664474,0.4940275807971905
0.942355843551231,0.17750847027352984,0.32157377049180325,0.3804214618067004,0.3137701804368472,0.1560528422056469,0.43459727385377944,0.4276729559748428,0.7768225960880889,0.8020338137289382,0.40767604585167516
0.9739420483053062,0.12255861090964801,0.44276071084171376,0.5311380238500478,0.45046565634800934,0.07444701340227514,0.6888257161600699,0.6860789598858411,0.6601349813622638,0.8381711605409964,0.27739931884191055
1,5
0.9877146437800457,0.07295835055332947,0.6443129964509041,0.7428509855723564,0.6862180710977963,0.0372800618816531,0.8042770091595446,0.8005187058289568,0.5782774015147367,0.8249868420887989,0.24333968211818593
0.9035818322538632,0.8439736345016138,0.09273529167013383,0.18911440298246113,0.12062706986564864,0.41083660652092635,0.10148510180589887,0.049458864093477106,0.9352367477696871,0.7968487238043704,0.4948385293466967
0.9432695287457763,0.1797842757647905,0.3108067299396031,0.3734775229441951,0.30364372469635637,0.15980869493904373,0.4417432987673645,0.44009433962264144,0.7798489028788655,0.8047931512623887,0.4015393602322712
0.9743157393063917,0.120471049486326,0.47204287515762927,0.5529313053635291,0.4691650230111769,0.06862051111757353,0.6828138404346582,0.679375907111756,0.6558935166187957,0.8350549826688575,0.2777530011076644
1,6
0.9715847533769665,0.12695070124551644,0.4694428741913197,0.5469854797092097,0.4634705439303141,0.07059637520567391,0.6617100371747212,0.6529458541169666,0.663214342425288,0.8306506896040475,0.2905992783749944
0.9033161153715854,0.8459038946092086,0.09115723168860529,0.18844281239784622,0.12013529254908573,0.41316469368988,0.09766147197245789,0.04708616042383135,0.936245100674942,0.7966792308805942,0.4952402578838385
0.987535841052657,0.07278679363537102,0.6389751384214527,0.7342351156151755,0.6780909794154829,0.03805303798727458,0.8025800733646815,0.7979257778333122,0.5804376241552031,0.8257690868401975,0.24394613867922438
0.9418501118952455,0.18445238896882626,0.286077807682897,0.3502535209732801,0.28458136667091893,0.17521253063384415,0.43228097431060314,0.4319909884539566,0.7915110026396561,0.8047931783141525,0.40822264074084025
1,7
0.9862384694216986,0.07826584675853099,0.6465069356872637,0.7353607701261664,0.6728380451457374,0.03815886065502899,0.7860108664569632,0.7796690856313496,0.585554906726431,0.8236989454143889,0.2491179159129122
0.9035421385671567,0.8481345180058053,0.0922279792746113,0.18862122226674677,0.12017477820586653,0.41113906255045946,0.09834928828707368,0.0474924235018081,0.9362754894852912,0.7967608418772694,0.4935551079004754
0.9401879699606291,0.18428173712898288,0.30365882632454255,0.3620572177495117,0.2992898137825676,0.16901477929166608,0.42155595064921064,0.41796554552912224,0.7891473836327654,0.8027806605059974,0.4120254437171958
0.973946122140017,0.12459828431490313,0.4421660843859178,0.5272883352353608,0.44853112885899776,0.07508072560288231,0.6858888414894266,0.6819517476028456,0.6633395164708041,0.8375040763927787,0.27507557658750836
1,8
0.973297437342485,0.12300026155008156,0.47618868161547645,0.556529136209738,0.4665706083330605,0.06777752135818604,0.675440470594938,0.6664642521506542,0.6558111144127041,0.8324576580669757,0.28367621231423634
0.9029190353471557,0.8500747204228465,0.09220475075276019,0.18872638442549122,0.12019594162451308,0.4123085757241487,0.097166375844018,0.04562957258375061,0.9363566466800123,0.7966305782249115,0.49718487468568867
0.9876482731350605,0.07283549605135889,0.6423368907470569,0.7385547228737046,0.6845255167402818,0.03787571240578694,0.8036351388438414,0.79930353298721,0.580640702756444,0.8257236217321949,0.2456284972728888
0.9421201437923186,0.18871978233630948,0.29478801582815145,0.3564018219339177,0.2921112093525887,0.17051111079792686,0.43586719651326755,0.43364996746909557,0.7861938081021065,0.8049762287769876,0.4016726511362967
1,9
0.9036997830350566,0.8416115367505885,0.09252804141501297,0.18875937895289036,0.12067776278302572,0.4118706743101752,0.09974564664449243,0.04836146971201549,0.9357379651426501,0.7967451504481695,0.49467975959048616
0.9739612652353856,0.12097524279202021,0.46861193746439656,0.5509500632046055,0.47199947199947206,0.06886548344604955,0.6869716237745978,0.6820863990675311,0.6550683399267746,0.8356116839667664,0.2791843248440245
0.9431869346014379,0.18014048956861645,0.31038921854571067,0.36905205564288845,0.3033751070560887,0.16399305200776537,0.4451159714461651,0.43907859705984487,0.7806902658654561,0.803614645373665,0.4018761613426977
0.9873959284096668,0.07310061738002471,0.6485428051001821,0.7423824179279983,0.6823856441911998,0.03728310584902873,0.7978495456422965,0.7933569182389936,0.5802778632654009,0.8240949752852295,0.2469207482822045
2,0
0.9044286025040292,0.8521194101651866,0.09199902128700749,0.18975539354408166,0.12055109070034437,0.4039470446886849,0.1009450886829793,0.04933821458744009,0.9356574227753341,0.7973296035208787,0.4907675694456709
0.9871831247322695,0.07366713978911912,0.6431256830601092,0.7383407671933293,0.6800284900284902,0.037803676645890905,0.7973729863692691,0.7915471698113208,0.5819995554643705,0.8247457223798277,0.24826696609258309
0.9436464264302703,0.1782762641389672,0.3091889559965488,0.3717677020391914,0.3033813165392113,0.16176248164858859,0.4417677558207787,0.4386544190665342,0.7818587618512864,0.8040110260937595,0.4022137326048378
0.973463550864159,0.12185288183200726,0.4707904692374063,0.5493202805014739,0.4677324474895326,0.06946777080560888,0.6786719443733726,0.6729814376289054,0.6575736910218499,0.8337416348257038,0.28194670997190047
2,1
0.903235096201041,0.8442720375930954,0.09253931080628969,0.1887108776807182,0.12010872725158439,0.4127588554579898,0.09968894621045454,0.04832499037350829,0.935896060311694,0.7965931976921976,0.49630070680083077
0.9745829972308383,0.1197961755624867,0.47255825639093024,0.5539955144666292,0.47190839528004286,0.06838769232937439,0.6847982452392142,0.6783199595170968,0.6547320051504839,0.8348098781710714,0.2761367317371356
0.9427525717387102,0.18001971967028316,0.3102794102484792,0.3718255441895515,0.3045028579619775,0.16223701637327914,0.4425428444506792,0.43809184763260944,0.7808839355533042,0.8034703076333326,0.4037986964624118
0.9874744994334232,0.07314839384332905,0.6474370815054261,0.7428542236870052,0.6858573090967457,0.037288883500245396,0.8009843447300906,0.7965851714057932,0.5793185456605057,0.8249280241634789,0.24595513402218833
2,2
0.9426287884349358,0.178314849912142,0.31028118553902945,0.3733700040425775,0.30110752627308923,0.15937041771183152,0.4438317043748,0.44123453704860666,0.7808217409854177,0.8049630522004905,0.4053720875429076
0.9746197846128902,0.12033053667923602,0.4716981132075472,0.5543399741867414,0.4714293393538677,0.0681043490498563,0.687115101353721,0.6807689569241722,0.6533318881086416,0.8359694835514235,0.27749614977972925
0.9035333655857725,0.8461820929247678,0.09252258280361325,0.18910685240144215,0.12037037037037035,0.4103725683591102,0.09963204612700088,0.04836349634193304,0.9357591928851995,0.7968137603415931,0.494245535432237
0.9875140513425623,0.07299179401451134,0.6445810564663024,0.7408188963383913,0.6841267014878126,0.037529765959379235,0.8010894258570838,0.795951257861635,0.5804969252952191,0.8244727074542212,0.24578254656737503
2,3
0.9738094309380821,0.12337563149030162,0.47518458265548746,0.5563387815623467,0.4700528479154434,0.0675668455662871,0.6813048043361049,0.6748523692928128,0.6532332332018803,0.8340539944369814,0.2779102331119116
0.9033631892672955,0.8480527465531815,0.0922643442622948,0.18850581654326948,0.12031101614434947,0.4129598468206123,0.09864854399008677,0.047503930817609896,0.9358474174189602,0.7966758605602687,0.4937708345549563
0.9873777763907701,0.07370171313825699,0.6513587107529868,0.7443454389002827,0.6852093292771256,0.037063520789424834,0.8000252032008065,0.7969427566357529,0.5789851720996242,0.8236459288553699,0.24657138894244324
0.9430069942919711,0.17593149834391775,0.3094560851156226,0.37001160537967376,0.30595649138695497,0.1641496152823349,0.4469090819567197,0.4427339747594652,0.7804287243842878,0.8037879608204478,0.4009151638238034
2,4
0.9873152955063713,0.07424748268015946,0.6504140038899695,0.7430915369222767,0.6844367183350233,0.03727415128681595,0.8007560960241951,0.7940390150303807,0.5801269969328797,0.8244755638575192,0.24513189875246247
0.9034908336646491,0.8405768564468976,0.09130284728213972,0.18825957392680692,0.12043784675363634,0.4149455776459642,0.09845431422422252,0.048997020854021744,0.9357160983089674,0.7965092417943412,0.49519718979331717
0.9422674066292719,0.1756688985803366,0.3120289546519055,0.3742759349219136,0.30445480445480444,0.16061517796600047,0.44460000965577173,0.43820142122028904,0.7809447425779006,0.8032288045549739,0.4100577725255174
0.9744370747882076,0.11961009916565438,0.4726210665159224,0.5546100774788896,0.47081682330724484,0.06789858663869931,0.6849549203093621,0.6782042940793753,0.655212308016422,0.8344703558386962,0.2779222060553863
2,5
0.9873370620449936,0.07357081422206227,0.6429151111832494,0.736347807877971,0.6768779442046771,0.03794688245773588,0.8009986872293178,0.7977707204682731,0.5806425892897064,0.8253883874170188,0.24574381978443732
0.9033559974354165,0.8473946347451002,0.09083995267872219,0.18839861158821103,0.12021617176256355,0.41226020157183063,0.09868547119917243,0.047208714257926276,0.9363358701124022,0.7968695210455989,0.4951616247806233
0.9431524073352129,0.18544248678757802,0.29603165630299605,0.35863712619641497,0.2926024167403478,0.1685296822315316,0.4410460197410589,0.4369811320754716,0.7849093713299304,0.806158108186056,0.4015906471893082
0.9721104784058225,0.12691108466297774,0.47647731605032406,0.5513075597296414,0.4652377481834847,0.06932853896523072,0.6654707357136682,0.6581980400760568,0.6598888899492026,0.830923722260686,0.2862366180569955
2,6
0.9872276554377997,0.07476414124557351,0.6427754479603508,0.7365490630333201,0.6792458187807024,0.037904924730649964,0.797897960948017,0.7938068074970225,0.5814423812295784,0.8250886547526644,0.24323551579007938
0.9032837357488585,0.843400818845618,0.0917868028667933,0.18820687408221803,0.11951495368580772,0.41455861611110634,0.09842894771254052,0.04736892007205867,0.9360404814387928,0.7966924703571807,0.4961163017226227
0.9738996022865474,0.12122420610886753,0.4576112412177986,0.5414565986114572,0.4613123502012391,0.07182131179844985,0.6829232312503688,0.6772237196765498,0.6598146302701104,0.8363170941242277,0.28117450934144206
0.9421349991787034,0.18674727280785233,0.3040097474523704,0.36470483952362903,0.29893354893354895,0.16712625890936403,0.4328594393650156,0.4291432942376338,0.7842284349388395,0.8039438975565668,0.4038355239260031
2,7
0.9038506190755194,0.8436742591996862,0.09242935991432571,0.18883337753142515,0.12076049764491958,0.4109443200471551,0.10009153574564295,0.0489617900824878,0.9354450751913059,0.7968037139707215,0.49476822780765123
0.9741634347951446,0.12036157373399117,0.4717513766694095,0.553047497771174,0.468930468930469,0.0684858233264282,0.6786324295617976,0.6727325708457783,0.6568635799760154,0.8329556241774227,0.27811871675024286
0.9429177908392048,0.18069936757240052,0.31085395906996677,0.3693651521413895,0.30039290170009136,0.16275115849957023,0.44500328012245793,0.4396843013935133,0.7809512123820966,0.8044385266482298,0.40274310717325845
0.9874864319266294,0.07449775922910157,0.6477622099948948,0.7405065678556553,0.6850028095702838,0.03764902633710489,0.8035656860601227,0.7990990402820395,0.5804161052289336,0.825245813335355,0.24284338513100245
2,8
0.9036528207987313,0.8465392093149215,0.09231660871005115,0.18914997242595383,0.121097009985899,0.4098286559267962,0.09885096316323111,0.04846578997522394,0.9357928381061359,0.7967274258018429,0.49406720834989354
0.9744092433146895,0.11996598521689167,0.4719721066797162,0.5535648450242774,0.4702661904154442,0.06843113732959803,0.6821006491705044,0.6749507181075753,0.6557033895969497,0.8346995877202944,0.27877927879127334
0.9426711710151808,0.17523118272819735,0.30717620236673543,0.3669539177337103,0.30099432086187056,0.16621361151466635,0.4413451832886088,0.4409846307634636,0.7842614005386085,0.8029795500322965,0.4084541670465472
0.9875586937519202,0.07314474164289136,0.6468516480333663,0.7416460016135115,0.6868613653065949,0.03745634488094643,0.8012794409342283,0.7960397359823986,0.5795806986229683,0.8242219466924449,0.24492174167775227
2,9
0.9424822088752256,0.18254042741352114,0.31777394305435724,0.37664109124353734,0.3099977507872245,0.15914454862250138,0.4312756799060849,0.4241559086395233,0.7781292518843296,0.8022815342566995,0.4084091736676847
0.986918854878376,0.07524235172418775,0.6448336626261549,0.7357750220163188,0.6758168842859398,0.03815171957482648,0.7939648595958005,0.7883719500952612,0.5828553823451985,0.8244311696714192,0.2442871810292293
0.9037570330281023,0.8431996944315974,0.09224043715847019,0.18873819041192447,0.11986266345240726,0.41147355335308733,0.09939948527309145,0.04805031446540875,0.9355667960817762,0.7968856274363441,0.4936835446331802
0.9743270558265774,0.1232822784221013,0.44932693589230976,0.5384747195392036,0.4553308780951058,0.0722252369785372,0.6900293166500439,0.685212455898144,0.6590499281069976,0.8379660000362922,0.2760870656230976
3,0
0.9745390622403878,0.12041588326385763,0.4690980536624302,0.5534644736982126,0.4677486475239285,0.06832665934211438,0.6849477186973532,0.6781146208748497,0.6541263049829507,0.8358267786458424,0.2766098237439286
0.903957913326288,0.8487736819444809,0.09193642340018288,0.1890925161696242,0.12036675488452137,0.4089421298013163,0.09956031928745329,0.048692653960348775,0.9357501942348215,0.797008976999357,0.49254537345816274
0.9415782620387462,0.1787280341835359,0.31838251366120224,0.37574920553872987,0.30917378917378924,0.15894656176560742,0.4359851301115242,0.4287295597484276,0.7797982492135164,0.8029676254931459,0.40942765451394464
0.9878824732049685,0.07245282783186777,0.644376934540869,0.7403611172808334,0.6896977666208437,0.03749541814066179,0.8056905919359449,0.8010555482253593,0.5779171843749211,0.8248941799394404,0.24244690151954745
3,1
0.9436654669568333,0.1864655324031651,0.28508977361436383,0.3525489817354054,0.28396999825571256,0.1728315674895686,0.44695647775838965,0.44505198305737387,0.7869815960852974,0.807132309307716,0.4017444913673341
0.9034345926672035,0.8479592103995137,0.09222797927461146,0.18869550315027,0.12016001653307351,0.4109988347660082,0.09911974882986313,0.04739466223482269,0.9363302369982657,0.7967234479011549,0.4949166362534415
0.9724632137673562,0.12379425686575679,0.4729570767113002,0.5513833404310431,0.4706617950892761,0.06918977269270576,0.6660801952382304,0.65841855105862,0.6597370139735085,0.8309453532931195,0.287210288740045
0.9873676083306658,0.07440963153094002,0.6423038838156012,0.737111318624693,0.6779957551769635,0.03795868783614473,0.8005788278735559,0.7938457642142583,0.5810920085483049,0.8255715049103249,0.24311966493020365
3,2
0.9741514953639024,0.12002692196419848,0.4734500184888451,0.5548099700084985,0.47231326178694605,0.06828242313149796,0.6822260111244653,0.6766349836856292,0.654447721684188,0.8341612193146685,0.27885409567330643
0.9037149547587029,0.8493521762622516,0.09193918287607211,0.18893470963051878,0.11964335798532699,0.409073366329767,0.09979390180480424,0.0472969009678364,0.935893851482225,0.7970813106792399,0.4937703248310026
0.987487377828096,0.07273804299252648,0.6467470154795224,0.7400638890740324,0.6878505415090781,0.037606461889109086,0.7999300545315596,0.7973045822102427,0.5803692064413482,0.8245308793988885,0.2455312044209768
0.9429532352299441,0.17801630733015966,0.3071535022354694,0.36816778046785675,0.29587079587079596,0.16458653740251777,0.4420895090040071,0.43945111492281297,0.782419903649902,0.8047109827485069,0.4058371266525941
3,3
0.9036969334089822,0.8423768255172142,0.09166666666666656,0.1885419282114234,0.12014779202279185,0.4130005577126119,0.09882280049566261,0.048820754716980996,0.9357189188380549,0.7966037094864697,0.49407413296650615
0.9741959965254697,0.12171131098468879,0.4707769066286529,0.5534098587417627,0.4689293529873241,0.06885858088887498,0.6825063304778837,0.6763057150669948,0.6555921170005908,0.8340866296666235,0.27969138331144666
0.94120067260154,0.1754368326154349,0.3186391196945879,0.3784379384069857,0.31169261991179803,0.1557933994073771,0.4350460864694199,0.4314551563711553,0.7811482931518117,0.8018381666747602,0.41096420181053595
0.9873018754818684,0.07344288818176889,0.6476556230654588,0.742431352805576,0.6858924551232245,0.037352603460705985,0.8015701770348611,0.7974271012006862,0.5792929372638049,0.8243853797127139,0.2443731720029279
3,4
0.9034713167281234,0.846095057993405,0.09175309468049503,0.18865704334043737,0.11970172684458397,0.41161073988193386,0.09913891207040443,0.04784366576819399,0.9361883756374962,0.7969343572143851,0.4948570923990093
0.9873765562250147,0.07340819286076711,0.6407174792420695,0.7362176691901187,0.6754264254264254,0.03800160131581912,0.800173803891276,0.7955770644449888,0.5817203928611414,0.8251930432085945,0.2444158783885863
0.9437668522700051,0.19080165977105673,0.27826086956521745,0.3437502198310196,0.2771997192287048,0.177743176026169,0.4498949410053337,0.4474706043204812,0.790341980220397,0.8075806549605041,0.3971472945690386
0.970592769881092,0.12536050260186107,0.47233447706188847,0.5478510513571607,0.4647408290819144,0.07028248198250638,0.6581078355090632,0.6498025449758664,0.6643342462616085,0.829630583830825,0.2932648386781331
3,5
0.987377722693839,0.07427342636280548,0.6440234502225597,0.7370859173791623,0.6793834078602293,0.03792671316254771,0.8018168837243655,0.7969136573784827,0.581275289616211,0.8257458473056354,0.2446492529615843
0.9035075991199899,0.8464270601170173,0.09190573770491833,0.18858566691944906,0.11985102089268762,0.4114559385749804,0.0979708798017348,0.047130503144654,0.9360480461804157,0.7967566589156638,0.4943968228924808
0.9436833788766182,0.1870664443113103,0.2933883400282271,0.35757678197434284,0.2901454689534161,0.1696485302506298,0.44481646520101437,0.4414344620767212,0.7846377725300103,0.8063683157619858,0.39970377669503726
0.9724966220001082,0.12305890403466685,0.47263259402121505,0.5499926341299767,0.4660968660968662,0.06957173080737351,0.6667687149209125,0.6613688494265629,0.6598540072573984,0.8320141866565004,0.2864761784511421
3,6
0.974737780566788,0.12080257180481074,0.4714139344262295,0.553883784781382,0.46918402777777785,0.06829376859928989,0.6870788801115241,0.679849646226415,0.6547138275159028,0.8345102729419874,0.27587288730397047
0.9035009836553323,0.8477077026625368,0.09094302872910243,0.18833589483894186,0.11965811965811973,0.4122751487879961,0.09946998417313851,0.048085185877078274,0.9362438398127899,0.7969913662904734,0.4946602176484733
0.9873151800271157,0.07466504742320532,0.6488986535969805,0.7419922750215835,0.6818613485280155,0.0372868209705209,0.799435353032103,0.7959800298255851,0.5801748741833747,0.8252632073012811,0.24475507888675532
0.9450772830565461,0.18055790703463653,0.3146672456845077,0.37489959377887117,0.30876775909888493,0.1578938509456726,0.44545655973805365,0.4413095089341496,0.7780923646759286,0.8045890783957533,0.39797978527678446
3,7
0.9033256368812241,0.846967586472262,0.0917196386751421,0.18887828861389805,0.12119890691319285,0.41174328242587516,0.09809574387375736,0.04782441278398186,0.9357202000619724,0.7964439205111951,0.49563269407640487
0.9740803352787298,0.11992928130123084,0.4739582029783507,0.5552122862140807,0.472412518214045,0.0679204167079402,0.679843355373308,0.6749099812761054,0.6554863867162437,0.8344459336768495,0.2790039261552098
0.9426937903700052,0.18102862374998918,0.30574299312533054,0.3679656078915885,0.2985571179119567,0.16547551557859833,0.44353039932845667,0.4386609860012173,0.7826124796484332,0.8037446579082663,0.40645152833115794
0.9874855141582418,0.07304735395744788,0.6447135431541668,0.7397207772670054,0.6814775107458035,0.03765625951228051,0.8014325868165745,0.7957530734336992,0.5806492603146343,0.8248491851315064,0.246669054185772
3,8
0.9862424507094192,0.07714060076794474,0.6532446446341593,0.7403001889425987,0.6722190364362888,0.03763860320677073,0.786892644631044,0.7802760865633851,0.5843312169548027,0.8214392417454169,0.2515359765409305
0.9035428848923588,0.8418561471551467,0.0927493679145256,0.18884408246500756,0.12079205114030978,0.4125201366214802,0.09957646710684515,0.04841828592884634,0.9355040554306865,0.7967093218552199,0.4955122193468571
0.9419094440127511,0.1751601891147428,0.3164360229934,0.3734801482049299,0.3091353091353091,0.16189943192599776,0.4301646309081254,0.42572898799313885,0.7802076616448821,0.8018680901707335,0.40420099634044593
0.9748807601369693,0.11953581384943512,0.4443753533069531,0.5317860698871582,0.4538510659200315,0.07378184423038302,0.6981797205486476,0.6944046844502276,0.6599351060518183,0.839708135060783,0.2728087442881202
3,9
0.9871719672311262,0.07433676741991749,0.6445071322120502,0.7385489316507378,0.6817534317534321,0.03781590905773492,0.7955873123159369,0.7902842440578293,0.5817505355743987,0.8250052079118705,0.24599913758910377
0.9403698467114613,0.1807784024652927,0.3075598537563392,0.36910775475526103,0.30420791571870703,0.16545292426526745,0.43085234414698725,0.42676801954662685,0.78422247839808,0.8026174906133223,0.41290883462665934
0.903617413852177,0.8398369464532407,0.0932012981609387,0.18888399228574787,0.12110431399771515,0.4127102071068063,0.10067367388145648,0.04976534814672934,0.9350857341034707,0.7966963503424651,0.494291790434518
0.9737150815936401,0.12447715921501479,0.46096311475409835,0.5423294536004005,0.4589120370370371,0.07118234608089812,0.6817204925650558,0.6755159198113208,0.6587138467506176,0.835499059398646,0.27880288375322915
4,0
0.9034774777197514,0.8416082314249678,0.09272331883573082,0.1887764869928092,0.12044304901447767,0.41284011433325746,0.09932857901524927,0.04871005005775919,0.9353046255432851,0.7966370649595906,0.49513268721371384
0.974407352923261,0.12016889338239564,0.47145499776743,0.5532690533020697,0.46771314864700086,0.06823750556105752,0.6857795842795771,0.679069084501872,0.6547971927594867,0.835084269579021,0.27853249334974955
0.9423340019187761,0.17653341248877635,0.3159784187590786,0.37575613410755987,0.30747592772909227,0.15787952696227103,0.44492023904757416,0.440840697396704,0.7791984594048528,0.803517485326503,0.4068346345903252
0.9876033527406156,0.07215488904254935,0.6465483010947871,0.7415695761460254,0.6833170674001126,0.0374847575150003,0.8045047015088564,0.7990990402820395,0.5797193071633556,0.8253862497144872,0.24406866253781967
4,1
0.9739523500082086,0.12214708982465378,0.47393751933188993,0.5549422511831396,0.4699779605439984,0.06821553813202344,0.6803394823595426,0.673563545745817,0.6551184180983445,0.8340076809960869,0.2794772223742292
0.9039780159890618,0.8465069401082164,0.09340101522842631,0.1893058758495031,0.12067045569583629,0.4084320908446353,0.10005095012548815,0.04859687769370746,0.9352528906098687,0.7969032629041,0.4930635495786161
0.9433262529402702,0.1815507947495869,0.30596721311475417,0.36859418732604265,0.301329534662868,0.1646005755934743,0.44126394052044604,0.43791194968553454,0.7834136916974446,0.8044048864964934,0.4064175063142749
0.9876405582509443,0.07284032417519756,0.6478825136612023,0.7425334462955597,0.6867382874327321,0.037293926608993805,0.8032837670384139,0.7972746331236897,0.5793834490265826,0.8247653554022688,0.24368938079054434
4,2
0.9434287924244197,0.17942230088832148,0.3122950819672131,0.3727712940326281,0.30540945284535026,0.16065324423031074,0.444595367457821,0.44083212385099174,0.7808840472207341,0.8042925212064624,0.4023480931339357
0.9036317988582654,0.8412845042576113,0.09241702333844781,0.18878135196457474,0.1205984309432585,0.41257315298619207,0.09960261504935208,0.049093781949995585,0.9353832338476429,0.7966354527509437,0.4943881744766364
0.9741499577010069,0.11965409606239172,0.47584024305335787,0.5577787538536595,0.4748374748374749,0.06725393743887664,0.6824360207259835,0.6761273402782837,0.6536982935218492,0.8343110502569842,0.27923449955905616
0.9872446047986395,0.07421914124145879,0.6441809091966051,0.7374305511568839,0.6830837930128713,0.03777920957530141,0.8004429328482163,0.7951960390739997,0.5803021605450271,0.8255850917524726,0.24420696444910178
4,3
0.9034120595102084,0.850521977712219,0.09175309468049525,0.18887371239176803,0.12010872725158439,0.4100714478598225,0.09894924512555986,0.04732383519445538,0.9364259963320603,0.7970533825611116,0.4948106195839939
0.9716812003420973,0.1258649448968243,0.4654986860217746,0.5428600360991209,0.4620060459755117,0.07146631651115316,0.6643775362524477,0.6574103413510008,0.663622915798741,0.8312891558537668,0.2873586043346007
0.9872779406337004,0.07363934396093766,0.6417578896780052,0.7345368238472214,0.676318011822898,0.038096762340790416,0.7972100795563251,0.7930920041792143,0.5814365662913917,0.8253809584098398,0.24488746878763323
0.9420943519064205,0.18789439290965104,0.2847115968427444,0.3480428970957248,0.28162920755513343,0.17651258850553833,0.4326862178163293,0.4304961565338924,0.7906491739996073,0.8048350742982123,0.40500852995243375
4,4
0.9744839983948825,0.11931268854399396,0.4803721754541427,0.5605778365404721,0.4749804749804751,0.06653618798555956,0.6829527349973445,0.6761710497559553,0.6525969885120502,0.8332465677632774,0.2786792580601855
0.9033007183469423,0.8441912555422142,0.0905447921841363,0.18807818247532093,0.11997467553023133,0.414845553728766,0.09755548045510898,0.04768439108061773,0.9363021370869162,0.7965990667402305,0.49552910150029994
0.9875193679179676,0.07385131290176103,0.6468739400791408,0.7423752826321712,0.6870026525198941,0.037333963420864355,0.8024612229201387,0.7971763175016264,0.5790266438385258,0.8247804518629777,0.2444243484736579
0.9428478910585749,0.17487626365377706,0.30706096646308795,0.368069875761166,0.3001880714299015,0.16304349640813376,0.4480404305464441,0.4440991490935996,0.7824883133392897,0.8050517552710016,0.40157429125420235
4,5
0.9874264618688402,0.07379513148855762,0.6458468117769613,0.7410521772376428,0.683541529695376,0.03746181628554428,0.7995921970384553,0.7956837256263012,0.5801740653772749,0.8243738736382853,0.24430491689483874
0.903240733128946,0.844874476587875,0.09122776421346368,0.18842118555059562,0.12046129599321109,0.41384012715521457,0.0989875820612201,0.0477519068647132,0.9358212595709785,0.7966258089852571,0.4957132417877429
0.9427444000777253,0.17884006001924568,0.31438979963570135,0.3752016338002017,0.30629573766828666,0.15869941519061898,0.4489151298685521,0.44256998396843006,0.779077189622945,0.803843946488573,0.4047768193202096
0.9743754919119628,0.11998724776335401,0.46698612862547295,0.5488292833512627,0.4706223975454745,0.06909332238212383,0.6851158135544753,0.678243831640058,0.6564105852088022,0.8358081947615592,0.2766906981286035
4,6
0.9873507773788609,0.07389160624267238,0.6506462261511777,0.7439207495135209,0.6837412366422607,0.03721612496342759,0.7997513226841926,0.7956210960139094,0.5799152289574426,0.8248557245096243,0.24631069275875944
0.9036466461406101,0.8437764611390102,0.0921294309501331,0.18893958746371325,0.12052326188451845,0.41130149407510863,0.09967107183868906,0.04862195001481756,0.9355628325960835,0.7967382343729825,0.4938858075960706
0.9430573342572356,0.17965693080257333,0.3052141723955578,0.36704304593226383,0.30061575222865544,0.16525146919712455,0.4410600791461805,0.4372976262933657,0.7826452407110829,0.8045306902825194,0.40283400340344727
0.9740983797977941,0.12238484175759523,0.47145279819106845,0.5509199383588063,0.46730196155483517,0.06918861207317396,0.683502115113447,0.6776404250704836,0.6559276527103725,0.8335358348743386,0.27854893507566403
4,7
0.9871492302434938,0.07472643989681838,0.6491255003015516,0.7407071873415809,0.6780817349379225,0.03753644090703909,0.7968942323233577,0.7907616583580483,0.5815845253567169,0.8235640001528453,0.24757677922529325
0.9043646770708905,0.8517846341111666,0.09281850711492057,0.18982402561621337,0.12048245043168909,0.40369074484489165,0.10037174721189612,0.04871180921367657,0.935744726498631,0.7972551414760939,0.49157488897494717
0.9446799131304083,0.17803970819891057,0.31284333948539783,0.3730241822059037,0.3040131318277014,0.1615037720668788,0.4475245574731037,0.44180932150443575,0.7776789669200296,0.8043593022678817,0.3973008501502727
0.9736240867915776,0.12341356077878468,0.4689690922050153,0.5507798924070721,0.46599777034559653,0.0690227538264642,0.6770354261868727,0.6717726899843388,0.6571186792547716,0.834074835236286,0.27980806518167173
4,8
0.9032391692146156,0.8423093819357874,0.09239785950904633,0.18815238921358773,0.12016001653307357,0.41501474939528005,0.09944719456054868,0.04784436406295822,0.9359951078047657,0.7966078445679041,0.49633099956106236
0.9862697327117256,0.07840340819880284,0.6464968152866243,0.7382923652157072,0.6752681147585607,0.037994188638379583,0.7862808704093954,0.781432520129792,0.5850452093390398,0.8225538424105857,0.2481016824972198
0.9740652040123936,0.12559365229606576,0.4380983606557377,0.5270811255055058,0.4462336182336183,0.0758275263104118,0.689174721189591,0.6846490566037735,0.6626850636027924,0.8391163028119006,0.2769269868739778
0.9398901453030992,0.18208937503705017,0.31275937177576524,0.37165327511440516,0.30595899826669065,0.1640190426718474,0.41386123170509787,0.41008048555218357,0.7841317996734517,0.800284399450704,0.4184031741013611
4,9
0.9415687142292771,0.18451629000277175,0.30462204007285976,0.3649598299779677,0.3004313073757518,0.16818139567226364,0.42944547707558856,0.42575995807127875,0.7842951403136851,0.8023974185746823,0.41004256928392796
0.987311504798088,0.07371895346758361,0.6443287549844927,0.737623503294593,0.6808250558250557,0.03784404263515587,0.7990555611373457,0.7953977562468126,0.5815969526666609,0.8244038832276512,0.24734363596187964
0.903457048458846,0.8503152841484644,0.09062295081967209,0.18828379219580782,0.11924501424501416,0.41189798968018804,0.09832713754646855,0.04696226415094307,0.9366726508001667,0.7968915819365842,0.49434431419261426
0.9737058396292688,0.12103982070381403,0.4603530895334174,0.543447928725622,0.46191102344948504,0.07163117675723679,0.6813840434658279,0.6759361393323656,0.6597799154067128,0.8358605510683245,0.28000691613585993
5,0
0.9873785602182432,0.07384645481219879,0.6465619307832424,0.7392301585741532,0.6837705761316871,0.03761704159712999,0.8008828996282527,0.7974449685534593,0.5799603123717703,0.825337294269167,0.24452698662054972
0.9035707852850154,0.842262038355038,0.09127390710382527,0.1882924520985253,0.12004392212725534,0.41399271940243865,0.09878407682775725,0.04878144654088096,0.9358161610073887,0.7966816232888558,0.49490202007683104
0.9422819955535965,0.1760591928982619,0.3120928252075793,0.3737700234417727,0.3045658045658046,0.1598068900038349,0.438589291749143,0.43298211222739513,0.7819229652169768,0.803573358261627,0.40908693168701404
0.9742841148941309,0.1213681809387386,0.4718476519166769,0.555729774553562,0.47224899856478814,0.06761674032839325,0.6836794588702239,0.6761242729465171,0.654437308906244,0.8352018646851852,0.27854706410761576
5,1
0.9741765877232573,0.12212090212755486,0.4719690830891977,0.5532845799453285,0.47177537291605737,0.0687593459314579,0.6814847272675874,0.6744960183657364,0.6559736929560301,0.8340190000754829,0.27713662274702455
0.9037676403431556,0.8443740479850541,0.09226928517932931,0.1888187763411564,0.1199039726958509,0.410926529494476,0.10080576679938874,0.04899913801360034,0.9353872406991229,0.7969306360839231,0.4947679575100869
0.9424960903653467,0.18070901279081775,0.3072413418738465,0.3661797226832908,0.2997113262013924,0.16580964274138485,0.44097589797877834,0.43933524928151935,0.7835310758260507,0.8040148786973949,0.4037576161834392
0.9873342357656486,0.07452476129696359,0.6462873674059789,0.7385715080050963,0.6834550813789569,0.0376819950057328,0.800452785531444,0.7948684468237903,0.5800002626747691,0.8249515714834729,0.24525529062035645
5,2
0.9032580425780578,0.8430914323171018,0.09177016062261983,0.18829636048882886,0.11996028662695346,0.41421011225982096,0.09881341293980689,0.04768439108061728,0.9358210749265351,0.7966878349162407,0.49650840319197564
0.9741316637300566,0.1226106535145364,0.47299196151655176,0.5544667907098971,0.46928246928246936,0.0679739552862062,0.6828666159521178,0.6766081445326728,0.6538091963820339,0.8340278974094917,0.2786722484365839
0.9873565021580225,0.07412382478364773,0.6517128321085359,0.7430213829766092,0.6841241772276254,0.0373621940434708,0.8006537623381617,0.7977488614183474,0.57996211424448,0.8248389523106775,0.24454898135091457
0.943168565914257,0.18030568931245192,0.3090324654451946,0.3694039462598876,0.3021805113308381,0.16250565142101933,0.44529484656316054,0.4401775804661486,0.7808767878646491,0.8044698249423458,0.4035228210635907
5,3
0.9741141369132407,0.11896988291078922,0.46886526639344267,0.5521732203223706,0.4723223824786325,0.06864664622075194,0.6819237918215614,0.674882075471698,0.656137597135312,0.8355560543949858,0.2790318780504165
0.9040853622387294,0.8458994142657679,0.09261895241903267,0.18936227224189162,0.12075602807310126,0.4079484482900412,0.10026294314987766,0.049406350667280274,0.9353380806069064,0.7970024721377513,0.49246516750189256
0.9874198385912766,0.07429550389455403,0.6452413479052822,0.7420922593975431,0.6841267014878125,0.037333085342801636,0.8038517141676993,0.7996200209643605,0.5796584342087282,0.8240306709654348,0.2447929445298757
0.9448517120597532,0.1795224079677059,0.31062859624362177,0.3735544109220692,0.3040131318277014,0.15852543277776912,0.4490755557743913,0.444183431213295,0.779579169916331,0.8058605748540034,0.39634310200641987
5,4
0.9421564751810121,0.17674213587801846,0.3166775956284153,0.37516656983974267,0.3057739791073124,0.15978015053983172,0.44289962825278817,0.4362515723270439,0.7785856927916861,0.8035619835206959,0.4062688209994968
0.9873579309430756,0.0743478530932716,0.6456981345392877,0.7409682223386592,0.6854700854700855,0.03756593017479205,0.8019741058838609,0.794729993493819,0.5802373254283834,0.8247909454710058,0.24461995989386043
0.9033956065519615,0.8451461082390221,0.0924754098360655,0.18854948141553396,0.1199857549857552,0.41300660314703175,0.09938661710037167,0.0486792452830187,0.935746819860487,0.7966836421602974,0.49578627138046805
0.9744035574708901,0.12084652793252385,0.47351828499369486,0.5535232713725694,0.4695375849222004,0.06820188279585944,0.6845438947669431,0.6775616835994194,0.6543042359774018,0.8349641257322544,0.27850988204318766
5,5
0.9033915437999459,0.8431771909640904,0.09257671290458191,0.18890253332594226,0.12071005917159766,0.41222664549782156,0.09863692688971526,0.04832123850991743,0.9358374630430463,0.7965798308874271,0.4949096068486545
0.9861685946316241,0.07764097000804265,0.646410043577506,0.7348781787708762,0.6725359731688846,0.038309788042262205,0.7857512587642934,0.7795318844041078,0.585802248302802,0.8235982700236696,0.24865978994507823
0.9420128913032073,0.1789018070136731,0.315674825960027,0.3736438673129978,0.30919486398938467,0.16203315552781083,0.43219432703569793,0.4245283018867924,0.7807070364978299,0.8016244050775766,0.4126750036167297
0.9740819245561522,0.12133452400376488,0.4447008028064494,0.5307262414574683,0.4505410760554794,0.074552316186627,0.6923218137592364,0.6884230142091776,0.6607988385504022,0.8391423111313994,0.2755268378243228
5,6
0.9745027248708734,0.11971008202418751,0.4693423779913322,0.5520490436222163,0.46842628068681713,0.06880824003379253,0.6835163583016423,0.6786235812911154,0.6565765725398846,0.8350506223582925,0.2779982948762346
0.9036197207341059,0.8430528006674668,0.09247673903411585,0.18908447887199875,0.12155232155232182,0.41101854638944646,0.10073344720184851,0.04881183069862283,0.9354309685146807,0.7967161929271364,0.49454058221549235
0.9876221775364386,0.07262445412775917,0.6449013614893024,0.7421611816089436,0.6873340093679078,0.03734896516132602,0.805065843362107,0.7992836584585863,0.5783244542122522,0.8248555835067307,0.24551263896107056
0.943290640780472,0.17877686259555522,0.3085266522321889,0.3693603089504247,0.3016001003422387,0.1641827048202178,0.44562904771924905,0.4412958348166607,0.781314922203041,0.8035689803773045,0.4024905049408625
5,7
0.9866509506115884,0.07648137986402032,0.6442366000308342,0.7362520608411763,0.671909189150569,0.03806145347308322,0.7883371595716167,0.7828236824983734,0.5845976925738663,0.8229741124925517,0.24879526446801054
0.9031921619021582,0.8443840283445585,0.09135618479880758,0.18806641663573792,0.11970128636795285,0.41486316366897746,0.09763058090195653,0.0473794549266246,0.936337886455862,0.7966703254386742,0.49565341180810274
0.9391526403185187,0.183985174288541,0.3111882254397511,0.3693956444758879,0.30386590970532584,0.16654587606530036,0.4134263153610289,0.4112381214708718,0.784645699361129,0.7996428522934842,0.41649786323590854
0.973463221422971,0.12506736951568784,0.4399306943889111,0.5269010592937627,0.4438653788247285,0.07575509781101693,0.6828059358660501,0.67919926369075,0.663700663217139,0.8370356796088627,0.2791260986288161
5,8
0.987609487033319,0.07181217647455124,0.6519389485585079,0.746210698328771,0.6870615974064253,0.03690151960905215,0.7999615433918728,0.7965647364996745,0.5793749027209842,0.8232576835637349,0.24744737929311605
0.9045173128489792,0.8555696316702593,0.09254922369676477,0.18991730307285448,0.1205324168287134,0.40262309412713004,0.10003737141283608,0.04723969252271165,0.9359062664869011,0.7973208070966281,0.4894484952635958
0.9736692845132963,0.12169154968955959,0.47585524280853697,0.5542943292069356,0.4714293393538677,0.06847025607708339,0.6793995931822965,0.6732217871128515,0.6561082679756295,0.8327028294055473,0.28143752739908984
0.9433570384297891,0.17918845804124153,0.30617906683480456,0.36831309720700267,0.30053327489224935,0.16404725132501774,0.44309408064054906,0.4411223996129656,0.7833720658017974,0.8045247202973524,0.40415467756684986
5,9
0.9871281637109371,0.0746739613093865,0.6404087715563126,0.7335180190987604,0.6738169238169242,0.03832003160832213,0.7951286631584029,0.789169321244793,0.5831007959008592,0.8258745954323824,0.2433053017878384
0.9032143777924619,0.8487573247275126,0.0909387488785578,0.18846812355534975,0.12016838882510544,0.41267295635849577,0.09791192735208737,0.04729184267342518,0.9364137968344597,0.7966574003351773,0.49487318982014156
0.9713782238675663,0.12658961363759474,0.4668032786885246,0.5448494413620761,0.45972444800569806,0.07092835202309179,0.6618988150557621,0.6563826650943396,0.6635772241741916,0.8307779523554527,0.2894266652028211
0.9426869816621706,0.18603233900982552,0.28354584092289015,0.34731159723028104,0.2839928247335656,0.1767145760248856,0.43422828032493455,0.4326764500349406,0.7896556178665354,0.8055000829124058,0.40359265208343226
6,0
0.9435802635716848,0.1778888549823726,0.30491803278688523,0.36968301921236274,0.2986924775004245,0.16251800773698316,0.44548117875870896,0.44143446207672116,0.7808010201447357,0.8050109642533582,0.40429476594120434
0.9738802775160454,0.12315534936134037,0.4691267219348002,0.5492875243493988,0.4662398578748389,0.069334039373251,0.6797461376454126,0.6738646961761963,0.6570650740875404,0.8343181620137575,0.27893387747199966
0.9035434033934547,0.8448552135619019,0.0921539405628124,0.18885125660169977,0.1197495315142374,0.41131836732017635,0.10055066298232729,0.04826959943497111,0.9354273137613337,0.7968756714686641,0.49433088719529983
0.9871061866300176,0.075288154433991,0.6443006743790776,0.7385965708302066,0.6798635527732521,0.03770444241610511,0.7982369981723464,0.7933236574746008,0.5816938008379748,0.8247318854212361,0.24541197131775958
6,1
0.9035557994366443,0.8437106832441836,0.09239176124422033,0.18899363364203198,0.12146979326466523,0.4113386936621839,0.09917071775807845,0.048824383164006,0.9355141883147655,0.7966961575686502,0.4947091824096992
0.9740716191718425,0.12099283635308652,0.47372685906625944,0.5553811379328037,0.4710604140261936,0.06800662087249286,0.6819511781418294,0.6765765119449026,0.6553962126968447,0.8335408803895614,0.2799705754693777
0.9435845360485466,0.17646396133774345,0.31021107896710604,0.36938407412831087,0.305029514179841,0.1637902853658748,0.4397793813932017,0.43534344555432236,0.7819633187702679,0.8036024148625895,0.4038953344831059
0.9873218585258499,0.07429042341925171,0.648216007714561,0.7430647506140065,0.6846676327645185,0.037383818588530904,0.8002212474755919,0.7951426519553435,0.5800811949004196,0.8244514367773909,0.24511003829320552
6,2
0.9741396571682948,0.12018307220581453,0.46834326875310484,0.5508183380087499,0.4676141759475093,0.06892990198810424,0.6841275205587474,0.6791452258433389,0.6555880538043567,0.835354205009789,0.2789431591921062
0.9038821773679604,0.8435449540150542,0.09271402550091074,0.1888310493556286,0.12017612017612017,0.4109510477204865,0.09977094363711486,0.048732609109967406,0.9353586646108216,0.7968424280601266,0.49447014061279015
0.9415948537131316,0.18267899131520754,0.3111949956859362,0.37027510406497266,0.301975558554506,0.16276449895941444,0.4371453727254941,0.4310824230387289,0.7817369419908022,0.803446483496224,0.40660249779132496
0.987419091140959,0.07305776219645,0.6487217700332456,0.7432980896788717,0.6853047237662622,0.037246497244453725,0.7985156107832688,0.7934556010027707,0.580559469254588,0.8239989476311442,0.24355193685342041
6,3
0.9439131659371446,0.1893125224600731,0.2899134790528232,0.35619467526853577,0.2887978790756569,0.17060453634640052,0.4387907889301941,0.4363993710691823,0.7850581173346125,0.8068733283353109,0.39562550952081477
0.9879996327799152,0.07103974635072882,0.6408147704373401,0.7360575686796924,0.678886144002423,0.037949945126883614,0.8048141881460804,0.8005265467310222,0.5793993690843151,0.8262350387494463,0.24374423438920084
0.9035900485759718,0.8443862989976317,0.09191860944064562,0.18895147497899872,0.12034531632521578,0.4112921175818811,0.1004651510339803,0.048184317815492594,0.9358247433309372,0.7969194260341624,0.49336554897010365
0.9724816193249676,0.12205497380675845,0.475281762295082,0.5508862508671086,0.46900596509971515,0.06950506730867478,0.6644545771375465,0.6554834905660376,0.6618933851815779,0.8295391334706835,0.2879014111263128
6,4
0.9434865227641672,0.17686001007848948,0.3073609771777563,0.3705680147275961,0.3032232836154405,0.16097876601681166,0.4538717593604976,0.4502158095942779,0.7820943997897365,0.8045870719553685,0.4023174098850941
0.9040275126842106,0.8469382819189331,0.09257671290458147,0.18910621124957655,0.12011103805975593,0.4085826174438619,0.09941854923267573,0.04903725205612025,0.9356833222857049,0.7969998510212171,0.49364162187175054
0.9872231916156032,0.07458894945805841,0.6482341291671253,0.7406588924055938,0.6813132182259702,0.037517452270269494,0.8006037773508644,0.7968342408509562,0.5810925249164879,0.8241004588031318,0.24629414970428756
0.9741531359427995,0.12104988361711524,0.4723376791015877,0.5558140122618028,0.47544697938398733,0.06754963397532797,0.6820975909609812,0.6755459812806418,0.6525632958426381,0.8353174941485796,0.2777274021270125
6,5
0.9864676713599108,0.07689649030315024,0.6440324804657579,0.73418664184087,0.6718321484676626,0.038253188554847606,0.7877335000984376,0.7802386410392054,0.5846041427780714,0.8232966393190322,0.24792303268346833
0.9032619021015676,0.8486157006436228,0.09145728643216083,0.18838533223788578,0.12007330097782343,0.41227184250669907,0.09708393267452503,0.046534559590404534,0.9367539379292882,0.7966904635837853,0.4956324992487234
0.9733502833392909,0.12726394651422102,0.4395293495505024,0.5254933863815738,0.4448120577152836,0.07691927779444091,0.6860684734380621,0.6805538648813146,0.6647364389055841,0.8380165250269352,0.2802602348306922
0.9394722733205407,0.18180111684518732,0.3174863387978143,0.37183243686432144,0.3080592247258915,0.1641213530007338,0.4110059704855244,0.406546598056032,0.784223803484167,0.7997806000098873,0.41304290112195635
6,6
0.903504853168933,0.8501867062111104,0.0919952019192325,0.18867392129471855,0.11983878813147097,0.41108974822250516,0.09774231571312009,0.04706856879889576,0.9363506710569799,0.7966919003902154,0.49390514252040163
0.9737850554453819,0.12132032764279965,0.4713498975409836,0.5498412220975518,0.4686053240740741,0.06948486153507205,0.6799198420074349,0.6740860849056604,0.656819828426346,0.8349947538341189,0.2759715644776952
0.9426058566037254,0.17960326995318943,0.3105968070288224,0.36964975339742756,0.30050462730201294,0.1634266577446005,0.4457564934276065,0.43852509557282027,0.7812485752063126,0.803824086903794,0.40677405592057225
0.9873787887694404,0.07352812349964188,0.645167946807291,0.7405407573046043,0.6836411451796067,0.037631266250863646,0.8017651493487923,0.7975326560232219,0.5805402793759398,0.8247063324607169,0.2458879051906391
6,7
0.9037652053321819,0.8472508207987864,0.09182035519125675,0.18893024295473243,0.1205632716049384,0.4099046673308129,0.10002323420074394,0.04895833333333349,0.9358874897414882,0.7968786480417959,0.4928616392615416
0.9745240545883562,0.12125949768509306,0.4780352520645877,0.5575532636870719,0.4712529186213397,0.06714537506021098,0.6829806859155323,0.6766207972762093,0.6530263774948266,0.8346171405978565,0.2773075705365051
0.9873265011139623,0.07399418097339922,0.6528515354421611,0.7447257839364957,0.6828177039444648,0.03714861587014684,0.8004083983454633,0.7964124368854637,0.580033390742487,0.8237141430253734,0.247397688543221
0.9443204689649508,0.17760145027369217,0.3069308985266652,0.37079353472315874,0.3019582386670995,0.16141835333101387,0.45120229636252407,0.4487700023883448,0.7805505705811798,0.8052221845961091,0.39984292763050816
6,8
0.9873326936294674,0.0733259330139594,0.6434834703992156,0.7383224036738757,0.6826911245515895,0.037746950239435514,0.8001333843816768,0.7953613740362312,0.5802692979358933,0.8253886957155095,0.24456285122450622
0.9407196139737344,0.18283048856770698,0.3080655737704918,0.3669446175403467,0.30058879392212734,0.16538307618950304,0.42748451053283765,0.42407547169811316,0.784556148269733,0.8025654291679937,0.41235165683076447
0.9031621882543972,0.8461514580204308,0.09072745901639345,0.18792518727191682,0.11948005698005709,0.41494456932665785,0.09917131350681524,0.047405660377358716,0.9362203571672848,0.7967185297545772,0.49616947397470745
0.9729556264713367,0.12350182470901636,0.4598711488167379,0.5444961014062946,0.4594876229117475,0.07119117752883497,0.6803118626415748,0.6741648924454886,0.6594815817751323,0.834410156198638,0.28385322244070704
6,9
0.987450268111398,0.07383731209002914,0.6458678384316376,0.7399326263367771,0.6869719309581853,0.03754880149942928,0.800763934133037,0.7964209297801984,0.5795801623595024,0.8250401377560393,0.2452667921361939
0.9034764860508113,0.841435396041069,0.09226928517932925,0.18879854963259163,0.12082953707319177,0.41271792219970643,0.0990319476157232,0.048386169907097376,0.9354093720122753,0.796651228410734,0.4956179511098854
0.9751328307742682,0.11914510823798954,0.46967213114754097,0.5544071975363739,0.4715544871794872,0.06820022335112891,0.687267657992565,0.6810731132075472,0.6544078753334038,0.8360293984027449,0.27423001812234904
0.9429383553040963,0.17849413131767844,0.31460697772173185,0.37380554473311933,0.3067974285923003,0.16162744011548547,0.4445477075588599,0.4411465892597967,0.7802093526088216,0.8029819786554604,0.4075410045691424
7,0
0.9748879066929165,0.12026377764876314,0.4727942530852828,0.556858915728366,0.47311587011961553,0.06763806915004962,0.6900296562382523,0.6824252702989189,0.6521501001261779,0.8355496165434382,0.2755129075737503
0.9035616718653515,0.8403679434400214,0.09229593136838549,0.18863127166627874,0.12027810991541571,0.41349090551016443,0.09987094785908268,0.04956496236191227,0.9354399255008625,0.7966412534969094,0.4945444487695735
0.9424975772845514,0.18038041196949903,0.3085563194077209,0.36733365141414787,0.30309714180681935,0.16515489606027745,0.44300275812447537,0.4383931832014607,0.7815025745562391,0.8032603350824679,0.4027348008991521
0.9872523633290262,0.07389647728973309,0.6507909117054933,0.7453587196679863,0.6829909531663918,0.036996086824806956,0.8009652383747475,0.7979741807348558,0.5788266059074664,0.8236701463439311,0.24774975832968688
7,1
0.9744641148683602,0.1209708323497091,0.4751175498792731,0.5567967382796282,0.47050509066012947,0.06756119492476571,0.6849370335148843,0.6778411584028082,0.6537150932172949,0.8359647794904121,0.27689418058346627
0.9038390636089771,0.8514367980516586,0.09243510928961746,0.18959898933638347,0.12127552231718908,0.40649759140526553,0.09990706319702564,0.047916666666666885,0.9356406442347174,0.7969834458076248,0.49311917860180843
0.9876637512144382,0.07190479049927789,0.6455172413793102,0.7397051513134535,0.6855585027998824,0.037555888705284576,0.8026022304832713,0.7962524398178267,0.5797901956900107,0.82488286783628,0.24503468630109795
0.942504232184798,0.1790975867239785,0.30766393442622947,0.3703751349049848,0.3014245014245015,0.16299579480433224,0.4377091078066915,0.4339858490566037,0.7824710838120665,0.8040501828286115,0.405148233442327
7,2
0.9426731417636245,0.18014487475652158,0.3120253833950291,0.3718401847697227,0.30271114787243825,0.16251924046711072,0.4448255186473199,0.4367376749847839,0.7810402795610704,0.8035723302451006,0.4055723175001818
0.9039542505310578,0.8484368440931221,0.09232096635030207,0.1885390785133721,0.11961313540260904,0.41076858130817995,0.10117393856388185,0.049036742800397604,0.9357495734617653,0.7970672203839663,0.4927922536729235
0.9872092329155773,0.07493583541891005,0.6475246446271989,0.7413934756322714,0.6798137263253545,0.03747996783311794,0.7980338154108361,0.7915501786497836,0.5814343720902987,0.8238217433376293,0.24587298474441413
0.9737394866516064,0.11983625913209428,0.4687233767910159,0.5508521838752685,0.4686721852076184,0.06864239803885763,0.6805754763925885,0.6758728272173526,0.6551624560984063,0.8351273106356728,0.27822904648991925
7,3
0.9875920335202862,0.07229968542735757,0.6467241674758667,0.7396154105081556,0.683760683760684,0.03763231749148854,0.8015103040037306,0.7963316021300374,0.5805779511280095,0.8247076806713551,0.24536845166058346
0.9034625345485481,0.8435249989299521,0.09153005464480896,0.18849152921695506,0.12037037037037052,0.41338744422873874,0.09834900502952104,0.04785423603403616,0.9358259512257945,0.7966404819746254,0.4948625553550263
0.9742126991627722,0.12128711323874997,0.47124048018587833,0.555566356763451,0.47111739237723493,0.0678938254908287,0.6826537482071248,0.6790224335165651,0.6540744073486526,0.8347309347130113,0.2795070066875307
0.9439385527884167,0.18090132285625454,0.3080486515071391,0.37054912511904603,0.30162668872346293,0.16331374403833918,0.44518527401367075,0.4389774802191113,0.7808519861807905,0.8045481923768752,0.4041026838029523
7,4
0.9420940030872406,0.17497524342459575,0.3077496274217586,0.36829260922913254,0.30086580086580084,0.1633843065078377,0.44003765750977647,0.43915706934574855,0.783655255290465,0.8035780336672369,0.4069373450269445
0.9033668688750894,0.8478417996026562,0.09200198708395424,0.18911939299566904,0.12069412069412055,0.4104348120006647,0.09838158537043284,0.047665332570993035,0.935969253470282,0.7966558103816648,0.49482608252252636
0.9875107136177084,0.07364627549933059,0.6422485677009475,0.7391480416581162,0.6854661422135473,0.03774351295041123,0.8018291506412318,0.7994385323496767,0.5798815265805584,0.8259206137615418,0.24434949248326593
0.9735984064717971,0.12353048575398534,0.4724223052091905,0.5512403530565348,0.46648846648846654,0.06919928255628668,0.6777138264127112,0.6705470969621913,0.6571986650464309,0.8336581935883811,0.27831348961611013
7,5
0.9874499999225715,0.07300965264998668,0.6406681491441281,0.735085184672301,0.6759776034223984,0.038090628494181544,0.7997021331488278,0.7973811082673652,0.581208763683954,0.8258504353766387,0.24346772403059933
0.942060831069687,0.18371081844649967,0.29073579870377425,0.35180318904091457,0.28790388480310963,0.17585263793214062,0.42719229993371943,0.42471844376188383,0.7914261084762393,0.8049696792929734,0.40809902518424745
0.9042851033222395,0.8497577681274071,0.09289617486338814,0.189594146588622,0.12025714076996113,0.40534035206304525,0.10035268325231139,0.04812772133526838,0.9356430773439418,0.7972520420955509,0.49185935285147453
0.9719058989598586,0.1271692225494,0.4591050066459903,0.537680034920395,0.45996545996546,0.07294731053288324,0.6685421480960515,0.6596925766737087,0.6645760817385787,0.8315204464582003,0.28780165509269595
7,6
0.987072620696758,0.07475175352352492,0.6468306010928963,0.7380503670020255,0.6763247863247863,0.037835010728517374,0.7969640644361835,0.7923522012578615,0.5822984201887587,0.8245245424931789,0.24687978441766711
0.9035967408113618,0.8385787201305391,0.09228142076502749,0.18862403533810917,0.12112713675213682,0.41392952439034764,0.09961663568773244,0.04994103773584907,0.9352703759745615,0.7965762529436665,0.4948117738240511
0.9738493095160761,0.12285033680140434,0.4688775830663903,0.5484206260903963,0.4672582986759233,0.06955988219575032,0.6782606218575966,0.6715246150509651,0.6580833164323344,0.8344098314511663,0.27821739472975787
0.9435624922716737,0.18040509082843142,0.3072376491580239,0.37287552439979155,0.30211058782487354,0.15966793379250135,0.4495359482082797,0.4479014247208317,0.778702207185708,0.805607974406971,0.4005217463626732
7,7
0.9734918338428571,0.12228564644624842,0.4629458140407959,0.5433216735244332,0.4618103129553512,0.07147382374344528,0.6795028235761514,0.6740169955350713,0.6605159954517996,0.83329793227276,0.2831041551855299
0.9034182131891833,0.842556643406028,0.09186985104435402,0.1885455664285341,0.1201209018467902,0.4136391950577764,0.09899420678202792,0.049037448520256266,0.9356379754587197,0.7966443734643334,0.49475753821006374
0.9872535330181244,0.07448624882092073,0.6464181450707388,0.7396437227251309,0.682638644967412,0.03770587486055722,0.7987727249579875,0.7925949857844404,0.5810773969792206,0.8250311530844078,0.24358668234973466
0.9410436989607653,0.1804838997896217,0.3089228738034987,0.3673723422673662,0.3041931968106465,0.16570544887993452,0.42972979716074944,0.422844118019501,0.7835257206434385,0.8019377358232913,0.4103007576126909
7,8
0.9430916233892273,0.17423175906784535,0.31985917042578943,0.37839656391761234,0.3104457064188607,0.15709571935926508,0.4422294852922831,0.4391034570089908,0.7788832264336472,0.8033444762414015,0.40622913799156385
0.9034957109206609,0.8464529678480479,0.09216574676661987,0.1888449715321251,0.12015920056121054,0.41074856760557665,0.09956847434197014,0.047444771024935994,0.935787111594083,0.7968880502794577,0.49498937778606134
0.9874883436295326,0.07388341499301984,0.6485292407859552,0.7426722470234992,0.6893677638358491,0.03736914542159335,0.8014448047668011,0.7955305767429413,0.5792241070727021,0.8242231668142908,0.2440632290726614
0.9748072765313056,0.11888995055083232,0.47554341226472374,0.5572016227185215,0.47285005803524327,0.0675697448240107,0.6854880903208042,0.6795527603074771,0.6543486603139886,0.8345733913130958,0.27866157213420006
7,9
0.9032530925092489,0.8451069589524987,0.09079194192969575,0.18802308239737003,0.11995577667219454,0.41462345725139493,0.09750503985647979,0.04744203510748124,0.9366171808172948,0.7965603685620084,0.4965758991027989
0.9741240907488209,0.1215107810575263,0.470665380906461,0.555600796592081,0.4664320429026312,0.06740163522239385,0.6826445076171731,0.6766111727709951,0.6546267912171044,0.8352707528731309,0.2789660950452367
0.9439378021843043,0.18122672963952446,0.309190904283448,0.3689576825208189,0.30177373403179863,0.16170636163178936,0.44907063197026026,0.4452099817407182,0.7796302301878325,0.8046070159011307,0.3985472623810428
0.9874307784442184,0.07439392581835161,0.648998808780986,0.7430755784876598,0.6862745098039215,0.03725963365710397,0.801211715825626,0.7963308741920743,0.5797633229352006,0.8242019058717172,0.24503993096534799
8,0
0.9736607664543458,0.12460566310637383,0.4643070044709389,0.5446762963197853,0.46062116895450234,0.07115562426657501,0.6817900191506139,0.6749285305889079,0.6590932405714947,0.8348575217833829,0.2797678876344219
0.9036446521267129,0.8489479773989037,0.0906874946356534,0.18883604257248476,0.11986694709207801,0.40997774855736074,0.09825025788746394,0.04715993282623737,0.9364689118670093,0.7968633306538119,0.49260415726399787
0.9872360760796212,0.07362133112380756,0.6476413516226162,0.7386758813716434,0.6760373665135572,0.03771788934231096,0.7983713931669322,0.7939802336028754,0.581544897400899,0.8244228193174027,0.24635903817442598
0.9410997942555314,0.18127624906394044,0.3052220171534036,0.36647001302523013,0.30086224788211546,0.16683978002986796,0.42613062852359734,0.42336623766087705,0.7858456956359896,0.8027613819265302,0.41242692597893565
8,1
0.9741819835157236,0.11978151249672475,0.47321977459016396,0.5551727268172479,0.472934472934473,0.06808811872573309,0.6786419609665427,0.6722729952830188,0.6559007697091733,0.8337733139329653,0.2778884178756065
0.9032318695912731,0.8457908626529171,0.09223165005354639,0.1883406215519947,0.12017351715844177,0.41394748340661114,0.09893332835179636,0.04752062197781326,0.9358724273810606,0.7966025810212995,0.49595939187837246
0.9873721814343552,0.07370369141845412,0.648210881760253,0.7422539128417083,0.6860323139392909,0.03736875345184659,0.8019365436154577,0.7979564972105558,0.5796019832673761,0.8245189519868807,0.24606299108868457
0.9422182348543986,0.1768589636977947,0.3149590163934427,0.37186278707423454,0.3065250079138968,0.16215041849732637,0.4415530772408096,0.43812893081761,0.7815071752610246,0.8029793241559384,0.4059128794351371
8,2
0.9034941385958805,0.8459440937637102,0.09171877640696324,0.18880943199933498,0.12102387875583753,0.4115412803013466,0.09822557774115698,0.04837580237307876,0.9359247363456026,0.7965626326150768,0.49572832827929003
0.9874997071844102,0.07298568858322843,0.6487265301491858,0.742416026968943,0.6857323120298898,0.037413737876280245,0.8026781235126896,0.7982111379512957,0.5800881167355083,0.8244328111448513,0.24258914245976987
0.9740090378269661,0.12143539395729813,0.4717056688774872,0.5531328547004795,0.47040081772906206,0.06831362018630412,0.6834331280683333,0.6783234912861874,0.6550036100574185,0.8345409218889459,0.2791752807359232
0.9437017748097148,0.17992269056902724,0.3070121628767848,0.36867614755065614,0.30089146218178486,0.16337167144038997,0.44669624655234436,0.4420206938527084,0.7810889247753079,0.805061404170435,0.40048224812629246
8,3
0.9039984674444764,0.8426704752738401,0.09308839278359016,0.1890757142070601,0.12048848229752762,0.4100001514674628,0.10003549345239171,0.04903764103536551,0.9351643836746335,0.796930102321815,0.4932483574664175
0.9747385457305522,0.11964648721911286,0.47335752721812047,0.5561628854377608,0.4733803092581719,0.06763504438431726,0.6847668776071967,0.6790436410773439,0.6530879695032393,0.8351463767832508,0.2747674568423846
0.9875348748526959,0.07353055685453422,0.6462204007285975,0.7414451708595307,0.6851456157011715,0.03745220239717088,0.8001342420487403,0.7969339622641505,0.5795223664113454,0.8250250927623474,0.24355137207803568
0.9455567202330307,0.177679515501151,0.311887960047769,0.3741828240188677,0.3047678345691592,0.15804829964333006,0.4568797853221399,0.4552042983881044,0.7782207659509734,0.8056303521304928,0.3965941102593259
8,4
0.9410764977826904,0.18392776692959237,0.30509525919361985,0.36633554296586457,0.297990297990298,0.1667330870514941,0.430849994976389,0.42649158592554814,0.784593028091697,0.8036065339976497,0.4090413654373293
0.9732344001643902,0.12318789205380656,0.4594484686745457,0.5394871096609621,0.458280880761501,0.0719915102536746,0.6782945736434108,0.6725464384964164,0.6612302503713763,0.8347424892526684,0.28304461579178686
0.9034478890557471,0.8430599484441403,0.09137636612021871,0.18860007973464016,0.12010327635327633,0.4129650354637104,0.09988770136307301,0.04842767295597522,0.9356598789495308,0.7966951288406626,0.49422815720750957
0.987169412353806,0.07476164776260341,0.6442080121593747,0.7374917631418497,0.6800815078960775,0.037824325348465276,0.7964991752628081,0.7892915156816195,0.5814908203278939,0.8244561352980262,0.24593857851121764
8,5
0.9741068247795484,0.12040770618251787,0.47867591424968475,0.5559773124374384,0.4694608809993426,0.06793155756065737,0.6798970546182441,0.6715384615384615,0.6558234825289627,0.832832716832978,0.2787991713966739
0.9036380208584569,0.8449820487104232,0.09201854611690691,0.18872873780698013,0.12085239863017633,0.4116566064238997,0.09941421651458837,0.0486754335810935,0.9357837712372002,0.7968695583044053,0.4938740987390659
0.9429057278090903,0.176585098553958,0.31006107360977186,0.36953436072479084,0.3002066923635552,0.16440401132354443,0.44067837791870157,0.43529411764705883,0.7823508626539137,0.8026316684080687,0.41007058423259063
0.9874276972675718,0.07438663888342631,0.6458449146293039,0.7404551550154509,0.6817890554914776,0.03753319405764936,0.8006071442353455,0.7959783247372201,0.5800114441006815,0.8245872408796969,0.24602687885224211
8,6
0.9742319808704314,0.12061026409753536,0.4709798523338756,0.5537521656200894,0.4729235988777974,0.06819438193834013,0.6803257754192797,0.6753852801382687,0.6557156371085733,0.8345876637419184,0.27867230240849206
0.9031930835417025,0.8460304696060568,0.09176930264163796,0.18866197829511488,0.12049953500730687,0.41306453098670065,0.09834928828707351,0.04772705054257459,0.9360068014483136,0.7966349891488405,0.4963558525636028
0.987290634778041,0.0748228193169129,0.6483090679811994,0.7418665496508411,0.6844978383439921,0.03743588969526439,0.8005043283853691,0.7949201741654572,0.580391602652581,0.8242392750728518,0.2444087102323696
0.9426116660522132,0.17724105779473542,0.30718630786679046,0.3682838164950703,0.30088337006576005,0.16403626810818867,0.4447405952631456,0.4402041058502432,0.7819972102001919,0.8041998232682673,0.40600340560485393
8,7
0.9420722554692371,0.17596321208197113,0.31673856773080244,0.3764059204344565,0.30780476833108406,0.1590731260049582,0.44873801604382707,0.4422045680238332,0.7783874020041922,0.8027127243139149,0.40689617765324454
0.9875105294303927,0.0724489406566356,0.6492933860938385,0.743139747251979,0.6872973769525496,0.03733228984261307,0.7998846301756185,0.7953285621340273,0.5797859507874312,0.8246131047296735,0.24558986064854832
0.9043610647360901,0.8474930907311478,0.09316111939062749,0.18956913300785388,0.12089556534000978,0.4058395851846347,0.10119785212722038,0.04924718886983026,0.935207636479695,0.7971211171971149,0.492397698432105
0.974235508778943,0.12146378355325615,0.47390920554854987,0.5542512806867843,0.47091825553364025,0.06809651342833109,0.683314269373749,0.6771988388969521,0.6545030933367023,0.834351867755347,0.2774169104682589
8,8
0.9412549884705237,0.18501250995534851,0.30623412606788275,0.36708779103540323,0.30283696480879585,0.16475937468069887,0.42041468139693183,0.4179112410310922,0.7850440249209686,0.8032172953614142,0.4087709932451325
0.9034457138003243,0.846461887823668,0.09170135054786394,0.18866001747021233,0.11970240467649773,0.411581054703527,0.09854190342277103,0.04760973702219162,0.9361543008157934,0.7967805410141262,0.49500072517951565
0.9870745112306084,0.07453433415664779,0.640841054882395,0.7341739431425096,0.6748332183114792,0.0383077643876685,0.7974554942390728,0.7916793624750966,0.5821160639417691,0.8256853525872746,0.24540575186850871
0.9723897575751539,0.12680937989900964,0.4513256425824732,0.5353437231875247,0.45147901938025403,0.07389011458468674,0.6746829439931464,0.6686388694774438,0.6639618805419218,0.8343395844308786,0.2873617041956882
8,9
0.9745285167283728,0.12186151020470246,0.44241543888773605,0.5326297623957028,0.45198167982978116,0.07357603020281356,0.6946026069361442,0.690183902555529,0.658786872217867,0.8400872071649158,0.27428886267931646
0.9035098934627002,0.8443709743964943,0.09241702333844798,0.18843164405119833,0.11963005066453347,0.4131604782860142,0.09996886846008762,0.04875917836230115,0.9358436036392992,0.7968513497444492,0.49461730493045736
0.9862725870682079,0.0785198743320972,0.642422645089874,0.734642371853335,0.6708806258645488,0.038098433942000035,0.7869685269964977,0.7812048777528361,0.5857596974298978,0.8230533676583879,0.2497846604859948
0.9430481916893408,0.18363590389635687,0.3101991418197822,0.3715643927672876,0.3050918755616742,0.1626527587959099,0.4333724208477832,0.42687096365708493,0.7798990947721534,0.8034939540424954,0.40221906927593415
9,0
0.9873425195871367,0.07326316398158716,0.6417079679756007,0.7355023407300249,0.6754124428543034,0.03814076201836668,0.7994541120675815,0.7970413088447315,0.5820580625108226,0.8255197504656544,0.24627159560951473
0.9039417654587871,0.8475968630603743,0.0923994038748136,0.18923920574709502,0.1201185645630089,0.40814055286697576,0.0994329916263002,0.048008385744234716,0.9359531921595963,0.7970589430863135,0.4922067141180851
0.9419216441267798,0.18348495657350053,0.2982491357198617,0.3599777497343827,0.29259453068976876,0.16879316864172866,0.4419998482664442,0.43619561031959947,0.7843297351767977,0.8049038916160298,0.40675783111620756
0.9726233509485008,0.12440677554582819,0.47330579579191945,0.5524156429007252,0.4705453484981045,0.06901555293097303,0.6646371805754764,0.6577625909968801,0.6595651359132038,0.8312201119216567,0.2859647300780246
9,1
0.9877964646454123,0.0720227882167915,0.6491343111878058,0.744721384986502,0.6910981156595191,0.03712017732079252,0.8021261331768081,0.7968752068851372,0.5791741355851692,0.8240985504568192,0.2447142652621791
0.9423457499952717,0.17959632521869298,0.3072360864571369,0.36729463933872075,0.29814724082240013,0.1655514854945368,0.4389695261998911,0.434875615911549,0.7833754564058895,0.8038816395588153,0.405854004522448
0.903418174290998,0.8441618086806386,0.09162295081967214,0.18865149199971548,0.1204415954415956,0.41289408143455614,0.09875464684014867,0.04879245283018857,0.9357968301190014,0.796570968070712,0.4949767554573396
0.974036375020233,0.11969262720923815,0.4728300927690939,0.5573343301957685,0.4699529583250514,0.06741966284970648,0.6835826056885969,0.6768904490273511,0.6541997881497479,0.8341536612530578,0.2806994471250103
9,2
0.9737648940144463,0.12137780910579957,0.46709784836065577,0.5486173463747716,0.4717102920227921,0.06957112272657599,0.6810960734200744,0.6734964622641508,0.6570484410263665,0.8343719359819741,0.28068694258735694
0.9037131125403685,0.84593073132919,0.09167278362286957,0.18869220582159496,0.12049439412623508,0.41146730077008453,0.09839279439235077,0.04813667511499081,0.9360430102258532,0.7967846547835136,0.49390678357724416
0.9871440946787783,0.07528003526418361,0.6445857031337126,0.7365101465160878,0.6759695331123903,0.03782723368288769,0.7977012366284804,0.7926581953536131,0.5815293700574216,0.8250386565365756,0.24522237383798257
0.943712354374787,0.17744118280034643,0.3079986797227418,0.3685703069671833,0.30126771066368385,0.16338127964571547,0.44574736159277467,0.44090160820564767,0.7819115537036705,0.8052531360825131,0.40117033998688506
9,3
0.9739964614344715,0.12118216895514924,0.4776328862394436,0.5562071655976456,0.46972934472934474,0.06770112486879626,0.6800298524276219,0.6716409376786734,0.6549130901754537,0.8337995291241055,0.2780640835175561
0.9031330350156058,0.8446401280941834,0.09038826574633313,0.18767723029900835,0.1199730094466937,0.4164304958779906,0.09714341616122085,0.04736842105263156,0.9366687903591587,0.7966632552407137,0.4967188938342124
0.9873823941328417,0.07413441249350447,0.6459572103362046,0.7410180347670607,0.6833067748321986,0.03746724728236869,0.8028353600907315,0.79837543971858,0.5796472809720221,0.8246449307736472,0.2444390641243513
0.9426514261144111,0.1777086897523963,0.31490609054391483,0.37498602482844223,0.30778664553499,0.158648416570975,0.4433147049410375,0.4384355866550043,0.779839709011462,0.8032456891285737,0.4064683747069074
9,4
0.9873698392317746,0.07424702148822682,0.6485563560043112,0.7423813937944231,0.6865603959029567,0.037482768788340406,0.7996552655612867,0.7932362734216882,0.5807206659728285,0.8242661548389364,0.2441719348705842
0.9037359963809845,0.8426282797138773,0.09256116648817869,0.1888390011075194,0.12070323125599514,0.4117757223842725,0.10022230109656077,0.049018678297146456,0.9353221276674742,0.7967100125325259,0.49427737851085607
0.9440513175600463,0.17519441658535367,0.3120601440952282,0.37396921846631004,0.30709347269856835,0.15843558561695317,0.44545734378329743,0.4421343588510996,0.7794095930832807,0.804140321853528,0.4001256822834279
0.9742159828235516,0.12204747405380384,0.46928961748633885,0.550900151336474,0.46739288307915766,0.06857571167835687,0.6835629419053867,0.6806215316315205,0.6550308962321101,0.8356672539851098,0.27850653398275166
9,5
0.9871470078500977,0.07475014159921342,0.6441776837652036,0.7374263939556436,0.6802315963606288,0.03784908881762174,0.7969660630771077,0.7915276932440656,0.5817557282221681,0.8248958412335652,0.24538678095595895
0.9032885826108528,0.8432224775172903,0.09253376369659377,0.18879337614635383,0.12048477333451424,0.41278592835690364,0.09979390180480391,0.04837227490468282,0.9356166589772128,0.7966871967212463,0.49664911677922563
0.9410428028952812,0.18293820631847404,0.3100736516987408,0.3704161151262191,0.30387299227878933,0.164373344261761,0.4324120467647218,0.4278643697019414,0.7827785558390299,0.8025829824958848,0.40784705324939213
0.9736880145031174,0.12404842059852678,0.4582948287866321,0.541763648774978,0.4583154583154584,0.07171266312218597,0.6824647270743924,0.6759087928899248,0.659449597026538,0.8349960803239943,0.2818404566751146
9,6
0.9744236436952605,0.12236998765062335,0.46141989419371693,0.5470162531269461,0.4635021168885711,0.07021011692476035,0.6864141945230232,0.6809441479365556,0.6559224734218666,0.836187799667376,0.2760894986740961
0.9033406921195829,0.8478750137948652,0.09202412299328971,0.1887826776380686,0.12032239493379399,0.41145002543820675,0.09971685575052497,0.04782481180956111,0.9358885361897032,0.7966610570197427,0.4949350571466862
0.9874184699012174,0.07244929349371879,0.6476929757898167,0.7403278729924183,0.6833833323899553,0.037578907552050636,0.7996381003963666,0.7957390978383106,0.5808002388671356,0.8246895761952594,0.2453464587056314
0.9421311896253436,0.17902882454042585,0.30987864594421966,0.37112500869536175,0.3047323047323047,0.16258016531338282,0.43752715685801186,0.4348689046802253,0.7822297214480253,0.8034531041499618,0.4087755037770775
9,7
0.9415104883222594,0.18438710581679857,0.29382093316519553,0.3558543417067688,0.2893232124001356,0.17167610666639987,0.4303688876179582,0.4257817654044068,0.7888256081218764,0.8048981767897683,0.40954851051804547
0.987460926952709,0.07372201753108085,0.6368062741680736,0.7339236967648163,0.6744470000283956,0.03820907760548854,0.8013807753584705,0.7985457280762238,0.5806896925444816,0.8261049201761803,0.2433259704527826
0.9038746991898692,0.848536753615044,0.09267065660508306,0.18924832579218193,0.12011034233256468,0.40764291309657597,0.10058810802305251,0.0480383348307874,0.93553174928842,0.7971331424757935,0.4933463439019377
0.9721416024034164,0.12533982966560672,0.4693436483084669,0.5464255423670354,0.46353383057502917,0.0707943427209296,0.6700360608718656,0.662257084304996,0.6626910120043853,0.8319019126326717,0.28726361281007723
9,8
0.9436540035826677,0.18074279869219637,0.30962979046791883,0.37123881106659673,0.30278673987283256,0.16311541800618062,0.4446933700977376,0.44108459327752086,0.7801029655938957,0.8037176373959253,0.40053456145205113
0.9039633703354677,0.8456831461924612,0.09229508196721314,0.18900652740022045,0.12038461538461553,0.40998582303055064,0.09996282527881029,0.0491132075471698,0.9353870024620461,0.7968262158750422,0.49269926164723404
0.9872867800234861,0.07362560779156113,0.6484088717454195,0.7421213365664264,0.680645511095338,0.03737170945286861,0.8000540255463655,0.7943853234967683,0.5802968366858698,0.8246124975022376,0.2461035591935141
0.9742811698483705,0.120981189651064,0.4673644388398487,0.5492326908969366,0.4664036817882972,0.0692902574844181,0.6827137546468401,0.6759796806966618,0.6567489189103901,0.8357080320579586,0.27781601336203426
9,9
0.9037588929751481,0.8438417718560303,0.0923166087100511,0.18902156569508466,0.12076606521050992,0.4105834966606908,0.09952686718485987,0.0491518963217073,0.9354449293924083,0.7968001999131763,0.49373200509036874
0.9874414958190565,0.07409250754391539,0.6501935336976321,0.7427800109367315,0.6862832383665717,0.03726753991973486,0.8000438868236266,0.7939727463312367,0.5794737453266784,0.8239799154979608,0.24576522316535704
0.944024123606037,0.1768024517806007,0.3075451870533838,0.36995675986330534,0.3012455256044999,0.16219399491214143,0.44900390811171487,0.44644412191582,0.780309307366142,0.8050259016079746,0.3997291217279392
0.9745395821023929,0.12090912282518956,0.4765535646206634,0.555528216493378,0.4727798758806511,0.06804079014798149,0.6849946687415348,0.6802544975866607,0.6540210593785111,0.8341871204867757,0.27486386495827186
