0.025260598882815614,0.02764568590334601,0.029660909115602933,0.025345277684488,0.0274860250557058,0.02764740425132373,0.02445171935614661,0.030245426590442295,0.026081864181568402,0.025106651340222275,0.024828442682579655,0.028374305983382593,0.026918157312284016,0.025064313206782488,0.025850218176531818,0.026076470538652367,0.024787107027406434,0.03099044576810384,0.026416242125498535,0.024689067138156544,0.03116592638836962,0.026805065152523618,0.02774783030059133,0.025408441551521492,0.02623383539824487
0.031203390262304755,0.03000368784198458,0.02535954942452829,0.028063840598582395,0.03224414139547303,0.026317534530552418,0.027189575186737307,0.027322470401914774,0.025779281118817398,0.03204118124955273,0.03109903450580371,0.029522255077901533,0.02715030931008994,0.02529296427689369,0.03603930875350009,0.02710663372174507,0.028269705454211657,0.024754112556012023,0.024031023631732526,0.028978555997025535,0.0266180960249996,0.028530931161585896,0.03521509672724098,0.02923700826256752,0.036413398946797
0.02954036646810205,0.028973315741947277,0.025589947184551785,0.029475440881034425,0.0275702550100791,0.029684401225179353,0.02542679815751373,0.02655900781167219,0.02834115804500464,0.03218760070905792,0.025518403219170736,0.024666642313233705,0.02633706861855147,0.024241422735278156,0.02997573747814924,0.02595980867122738,0.023624373008217025,0.02501268499374205,0.029341822536569445,0.025505416591171098,0.024874176498221146,0.023890998871059627,0.027750522733921007,0.023902609074438756,0.024731131817120618
0.023440721948076365,0.02567477340512228,0.02988558293944066,0.029676119562743287,0.024429979774586347,0.02407836767967822,0.028043075564357322,0.027528758181230628,0.025891089586364147,0.027672203371345898,0.02803892575627091,0.026028663867634853,0.026181033629017234,0.030682307225528255,0.028267558890587834,0.033083490883869096,0.024901750659120033,0.03140884631310424,0.027967855664282136,0.025335621086011,0.025505492614744343,0.02463544666235494,0.025565119122507286,0.02667694463959695,0.025178891068891446
0.13257291608702648,0.13824542582486618,0.12373807131720217,0.12391283199725445,0.1309679328955436,0.10702921814908997,0.1516272013377345,0.11395384326989333,0.14452199458026946,0.11524098820947153,0.1401793436475219,0.1407905531143112,0.10957400905748614,0.1381842786671746,0.1169374199758202,0.15457281594379954,0.12815452895074395,0.13456205253051684,0.13369575385418322,0.1445841748494254,0.13739605609438377,0.11134647225800146,0.1297811448131928,0.13212757031684247,0.12737281749401544
0.14070208057645348,0.11105108828647486,0.13046224667716477,0.1416425066575429,0.1259382531910647,0.12200645469605602,0.132255242139436,0.12340763654909735,0.12808162938058543,0.09782173204642561,0.1267694027075554,0.14288556485283085,0.1161048409082222,0.11778989045925117,0.11439051651760529,0.12097341676996738,0.12266459087756675,0.13547145314117107,0.11780356415445906,0.1407227554264295,0.13544021613715285,0.1336989502662996,0.1268681073491634,0.13314322249543115,0.14078891722304807
0.1168988166928118,0.12749205483726342,0.14174398646111708,0.12927319662255926,0.12612496568961118,0.14578162047282534,0.12086984428677612,0.1368444853658604,0.12700091805022015,0.1305178773797977,0.1168874564544676,0.14603457002181564,0.13794105490778308,0.13521535910510626,0.13894332270153065,0.14037020286210417,0.13165430494223526,0.14491904000337325,0.10109525189858722,0.12673468119388487,0.1382647836858805,0.1255775952043394,0.12694221868727978,0.11593152981904987,0.12003342284002173
0.1381222161278199,0.12390479211740894,0.11824482902212076,0.09982955372915712,0.1352801995089144,0.1546433590895736,0.138297645421893,0.13593427859644172,0.13626685618960382,0.1404724245771322,0.13981658733839505,0.11174581523144528,0.11870855673883156,0.13357897029745128,0.13926560716460837,0.10703325056492649,0.13032709899997186,0.11429139068409798,0.1426036940218179,0.12604054146958849,0.129934700793038,0.12045674619619681,0.12861484988831293,0.1524678565465151,0.1376949082747014
0.00032492766315419207,0.000321819245305048,0.0003145413016118577,0.00032273810251357113,0.0003315739458282633,0.0003168814461731682,0.0003269492229902725,0.0003298690523553655,0.00032255844305199155,0.0003174957684766559,0.0003239710072478886,0.0003253847325553358,0.00032748749797543737,0.0003232096287361365,0.0003317660717991771,0.00032683760133227446,0.0003175579312427752,0.00032688400571427844,0.00032133721459092277,0.00032475335202297164,0.000323893848888457,0.00032381440800485555,0.00032736748215626615,0.00032447643850414947,0.00032761416064170724
0.0003293522099161145,0.0003258575611501591,0.0003183038008829421,0.00032021550639396116,0.0003182057052625595,0.0003242094030176461,0.0003180188006209626,0.0003158432785532488,0.0003281473897031364,0.000324981397004025,0.00032327859957018807,0.00032452347117980525,0.00032056998113027656,0.0003185614651331402,0.00032007160332084105,0.00032393350068722583,0.00032231128629508197,0.00032846252074856326,0.00032604418051633007,0.00032407282744543694,0.0003287089229170298,0.00032160812003574255,0.000315269495939315,0.0003236734312564129,0.0003225600409552181
0.00032306811511047826,0.0003272672865696165,0.0003260272814393367,0.00032117590304870264,0.0003193391398754131,0.0003286289761516339,0.0003236658542604146,0.0003219329299893619,0.00032210257363206616,0.0003150014026024652,0.00032801201189680546,0.0003226752475597722,0.0003253584096565672,0.00032724064818435446,0.0003102949410700605,0.00031939053966249353,0.0003205202965768678,0.00032573007267905005,0.0003230244516512252,0.00032175577740004317,0.000323651802101959,0.0003273883666806789,0.00032283538652520425,0.00031884092629566634,0.00031786061707445967
0.00031852444130696345,0.0003231271366048617,0.0003236647757767287,0.00032119339912721375,0.0003263942221164467,0.00032386576735449695,0.0003177954334809288,0.00032478989107594515,0.0003182376760823208,0.0003276704930127952,0.0003220329114737875,0.00030876619168074244,0.0003199199178699307,0.0003256470855771274,0.00032344212513919925,0.0003210098127908538,0.00032032487316087897,0.000321060478946483,0.00032235037038445233,0.000315975199549187,0.0003152179966497146,0.00031691936216567265,0.0003295786916390075,0.0003228828998422565,0.0003146692755093075
4.979799369484099,5.00493437710182,3.931864693379734,3.987983360778955,4.9759640496597495,4.9487510378307675,4.986731743608748,3.9750508703346026,4.987354824490203,4.987766571558417,3.9798310378673976,5.000683707844715,4.9288511732841105,4.996619889557775,4.988461469634544,3.953912753096863,4.973043548382254,4.985703577301336,4.965665576802315,4.951181348730838,4.969812102926034,3.9139549978245483,4.954135323082359,4.959209758617612,4.984190547189706
4.997651822202767,3.912602611599663,4.980971494027442,4.977406469240949,4.921161093792165,3.9919471554641586,4.975309505913905,4.944565605769721,3.9712272479345194,3.985099816914967,3.9661115393946464,4.985313675140051,4.977882884250857,4.978459315240393,4.93249004412332,3.976112856834127,4.92989807100152,4.981952034915575,4.985266214283323,4.973457497454918,4.996079839174937,3.9756268610848675,4.911706689262244,4.999943814982355,4.956116714043681
4.92470334771661,4.917023072155627,4.986535846372668,4.920259944624396,4.997199467282968,3.9928947452024897,4.9700779590066775,3.979656505421159,4.964387125467395,4.92472799344292,3.988508624837821,4.982809892712053,4.984200318326137,4.984748394843492,4.988502076752999,3.9692736578504766,3.975002316417704,4.003095708895335,4.987127804053409,4.994127346445681,4.997548163489099,4.989191273621048,4.9559449205092205,4.977616408752966,4.972320022395981
4.985436554490797,4.978523570988658,4.971789332659419,4.99005798957357,3.979481756507123,4.995941492805882,3.9614846972452744,3.9254271611431593,4.976842005726922,4.9509381649226345,4.961869551519364,4.953825994567189,3.971175365852916,4.915493467907263,4.9537108257405515,4.9776949592508775,4.9846479530377765,4.9826349757187565,4.956173383254037,3.9882356009585402,4.976811935816275,4.977295264991686,5.002395996011576,4.960950852302934,4.980355918506092
0,0,0,0,0,0,0,0,0,0,0,0,0,0,0,0,0,0,0,0,0,0,0,0,0
0,0,0,0,0,0,0,0,0,0,0,0,0,0,0,0,0,0,0,0,0,0,0,0,0
0,0,0,0,0,0,0,0,0,0,0,0,0,0,0,0,0,0,0,0,0,0,0,0,0
0,0,0,0,0,0,0,0,0,0,0,0,0,0,0,0,0,0,0,0,0,0,0,0,0
0.004598014972018878,0.004302496329807567,0.0037016240628126385,0.004011561970418905,0.00845828243699104,0.004672056804988822,0.004407945239446161,0.0039057181251640465,0.007551811174238565,0.007624661399060429,0.004006170833947034,0.007773727628039594,0.007900433466424628,0.007641062894741971,0.007115272102989618,0.0038083484949677014,0.00459068122950472,0.004493934324609768,0.004647819525823243,0.008301148858485928,0.007449288166425315,0.0036779855696785577,0.00469241703741347,0.00804535585346117,0.0072975396106945605
0.00453355478760557,0.0037230046683965267,0.0045336926645135715,0.004375819942870537,0.0044495542718499,0.0040176055466479245,0.004621458770450802,0.004620767299009856,0.00389060964840001,0.0036311314846656844,0.003858105209141944,0.0042960680552492645,0.004666395745021758,0.007741352800240701,0.004340392578714552,0.0038643108277804515,0.008651787097502979,0.007662671471805739,0.0076342853298399255,0.007496118471788208,0.008578329431349428,0.003928089334136104,0.007715064088356626,0.007521083455842226,0.004096356810407548
0.004631719837767308,0.008000070459237521,0.0043117072635584066,0.004876216223752545,0.007776811788136197,0.00392774518067281,0.007727309629886723,0.004076807185028739,0.004711801337701219,0.004690607973243163,0.004088514746702626,0.004572636424849386,0.00441036395329976,0.0046347481915073796,0.00734077880319794,0.004005662785801601,0.004150718505516279,0.00404008290941059,0.004344526585968249,0.004362344848828416,0.007727528276802419,0.007307662207638463,0.004797262338971876,0.004599087944044189,0.004632149601725218
0.0045759715418606925,0.004298353988465623,0.004488684417115059,0.0043115053743494405,0.003961907469099428,0.008057205070234757,0.0038838750679260955,0.004003340636949804,0.004687473360028094,0.004534079649486445,0.008431226219867754,0.004575120769194317,0.003949297598703649,0.004784680300748992,0.008279178159872945,0.004450654645992632,0.00725394912027032,0.006988464645452035,0.004646734739809409,0.0039327855700434225,0.007722614050908205,0.004443435462237467,0.0044664712314850035,0.004514617918510195,0.004420243980210161
4.907982166541641,4.96425942098659,5.016701462840889,4.9639581857949535,4.9431899412293685,4.964746694887724,4.934249962571376,4.970173881246292,4.933960684393054,4.9892886234750815,4.933960684393053,4.916582589901272,4.98599618504375,4.925857524205906,4.978930735815595,4.933960684393054,5.016701462840889,4.924333109444558,4.9865936416625445,4.987877997521477,4.907982166541642,4.996980084629146,4.924503431521336,4.979513281953386,4.972064932502039
4.913561420164878,4.978089659449972,4.958116946486896,4.885469971302308,4.918381905579774,4.985280448044311,4.984034562395492,4.979854427307588,4.994798792807197,4.970128128052149,4.979513281953386,4.957971522746606,4.993967602535731,4.973849465832364,4.903554570868396,4.9865936416625445,4.903554570868395,4.9878159587054105,4.963262324738594,4.897349169427636,4.979513281953386,4.938341805077994,4.940211052530318,4.943144188035227,4.924333109444559
4.964746694887724,4.922621619043609,4.979513281953386,5.016701462840889,4.954727636700195,4.913561420164878,4.975250205691813,4.963128764329582,4.993967602535731,4.90955152792732,4.9865936416625445,4.90543638334612,4.956537143729002,4.96425942098659,4.9416117923897644,4.9450974326355475,4.929698434211702,4.907982166541643,4.971180216272309,4.982198503111909,4.9639581857949535,4.943144188035226,4.963128764329582,4.987452564191497,4.987887883615634
4.943189941229368,5.011960444964174,4.956494250109494,4.990955357681212,4.964259420986591,4.929698434211702,4.939226521307724,4.979513281953386,4.949473575620606,4.8913979655628514,4.9226673722377505,4.990955357681211,4.981667959400428,5.010549819010568,4.939226521307724,4.984034562395493,4.964149154298358,4.9703948764014125,4.955818623876718,4.953326896840748,4.987452564191498,4.994798792807196,4.933960684393054,4.953317010746589,4.930406527445392
0,0,0,0,0,0,0,0,0,0,0,0,0,0,0,0,0,0,0,0,0,0,0,0,0
0,0,0,0,0,0,0,0,0,0,0,0,0,0,0,0,0,0,0,0,0,0,0,0,0
0,0,0,0,0,0,0,0,0,0,0,0,0,0,0,0,0,0,0,0,0,0,0,0,0
0,0,0,0,0,0,0,0,0,0,0,0,0,0,0,0,0,0,0,0,0,0,0,0,0
