[9.8125],2
1,155,2
[9.8],5
3,192,1
[9.742105263157894],4
4,186,1
[9.785714285714286],2
1,136,2
[10.0],2
0,302,0
[9.875],2
1,157,1
[10.0],2
0,286,0
[9.866666666666667],2
1,147,1
[9.75],2
4,191,1
[9.961538461538462],3
1,257,0
[9.875],2
0,154,2
[10.0],2
0,295,0
[9.8125],2
1,150,2
[10.0],2
0,290,0
[9.961538461538462],3
1,258,0
[9.789473684210527],3
3,184,1
[9.875],2
1,153,1
[10.0],2
0,299,0
[9.961538461538462],3
1,258,0
[9.8],2
1,140,2
[9.961538461538462],3
1,257,0
[9.797368421052632],3
3,188,1
[9.8],2
1,143,2
[10.0],2
0,290,0
[9.808333333333334],2
1,148,2
[9.8125],2
1,152,2
[10.0],2
0,312,0
[9.962962962962962],2
1,261,0
[9.961538461538462],3
1,257,0
[9.962962962962962],3
1,262,0
[10.0],2
0,282,0
[9.8],2
1,143,2
[9.961538461538462],2
1,254,0
[9.962962962962962],3
1,266,0
[9.8125],2
1,152,2
[9.875],2
1,149,1
[9.962962962962962],3
1,263,0
[10.0],2
0,313,0
[9.8],2
1,147,2
[9.961538461538462],3
1,253,0
[9.8],2
1,147,2
[10.0],2
0,259,0
[9.8],2
1,145,2
[10.0],2
0,284,0
[9.961538461538462],3
1,254,0
[10.0],2
0,295,0
[9.866666666666667],2
1,148,1
[9.962962962962962],3
1,267,0
[9.961538461538462],3
1,258,0
[9.785714285714286],2
1,134,2
[9.8125],2
1,150,2
[10.0],2
0,291,0
[9.8125],2
1,156,2
[9.875],2
0,151,2
[9.8],2
1,145,2
[9.866666666666667],2
1,144,1
[9.962962962962962],3
1,260,0
[9.8],2
1,144,2
[9.8],2
1,147,2
[9.8125],2
1,155,2
[9.8],4
3,189,1
[10.0],2
0,281,0
[9.8],2
1,145,2
[9.808333333333334],2
1,148,2
[9.8125],2
1,151,2
[9.75],3
4,193,1
[9.961538461538462],3
1,256,0
[9.8125],2
1,149,2
[9.761904761904763],3
4,200,1
[9.8],2
1,146,2
[9.962962962962962],3
1,261,0
[10.0],2
0,289,0
[9.8125],2
1,153,2
[9.875],2
0,152,2
[10.0],2
0,298,0
[9.962962962962962],3
1,262,0
[10.0],2
0,289,0
[9.962962962962962],3
1,268,0
[9.961538461538462],3
1,259,0
[9.8125],2
1,150,2
[10.0],2
0,288,0
[9.8],2
1,143,2
[10.0],2
0,295,0
[10.0],2
0,283,0
[9.799999999999999],4
3,196,1
[9.866666666666667],2
1,146,1
[9.961538461538462],3
1,256,0
[10.0],2
0,300,0
[9.8125],2
1,149,2
[9.8125],2
1,155,2
[10.0],2
0,293,0
[9.8125],2
1,155,2
[10.0],2
0,307,0
[9.870833333333334],2
0,149,2
[9.8],2
1,143,2
[10.0],2
0,285,0
[10.0],2
0,294,0
[9.96],3
1,248,0
[9.8],3
4,190,1
[9.8125],2
1,150,2
