[9.8],2
3,194,1
[10.0],2
0,299,0
[10.0],2
0,303,0
[9.807142857142857],3
3,198,1
[10.0],2
0,251,0
[9.789473684210527],3
3,182,1
[9.807142857142857],3
4,199,0
[9.75],5
4,191,1
[10.0],2
0,290,0
[9.75],3
4,195,1
[9.962962962962962],3
1,262,0
[9.789473684210527],4
3,183,1
[9.75],4
4,194,1
[9.8],3
3,191,1
[9.8],3
3,193,1
[10.0],2
0,292,0
[10.0],2
0,284,0
[9.797368421052632],3
4,189,0
[9.804761904761904],3
4,196,1
[9.757142857142856],3
4,197,1
[9.866666666666667],2
0,148,2
[10.0],2
0,300,0
[9.961538461538462],3
1,259,0
[10.0],2
0,252,0
[10.0],2
0,299,0
[9.85],3
3,191,0
[9.8],3
4,192,1
[9.75],3
4,189,1
[10.0],2
0,296,0
[9.75],3
4,195,1
[9.80952380952381],4
3,201,1
[9.797368421052632],3
3,188,1
[9.8],3
3,191,1
[9.744736842105263],3
4,187,1
[10.0],2
0,290,0
[10.0],2
0,262,0
[9.75],3
4,190,1
[9.792105263157895],3
4,187,0
[9.75],3
4,194,1
[9.757142857142856],5
4,197,1
[9.85],3
3,195,1
[9.75],3
4,194,1
[10.0],2
0,312,0
[9.8],3
3,193,1
[9.8],3
3,192,1
[9.736842105263158],4
4,184,1
[9.75],3
4,194,1
[9.8],3
4,191,0
[9.8125],2
1,150,2
[10.0],2
0,302,0
[9.757142857142856],4
4,197,1
[9.8],3
3,193,1
[10.0],2
0,292,0
[9.962962962962962],3
1,261,0
[9.962962962962962],3
1,263,0
[9.958333333333334],2
1,234,0
[9.75],3
4,191,1
[9.8],3
4,194,0
[9.75952380952381],5
4,198,1
[9.75],4
4,189,1
[9.961538461538462],2
1,256,0
[9.80952380952381],3
3,200,1
[9.789473684210527],3
3,182,1
[9.75],3
4,195,1
[9.789473684210526],3
3,179,1
[10.0],2
0,284,0
[9.757142857142856],3
4,197,1
[9.8],3
4,191,0
[10.0],2
0,286,0
[10.0],2
0,290,0
[10.0],2
0,285,0
[9.75],6
4,192,1
[9.8],5
3,191,1
[9.75],3
4,193,1
[9.8],3
3,192,1
[9.8],3
3,190,1
[9.961538461538462],3
1,250,0
[9.789473684210526],3
4,186,0
[10.0],2
0,291,0
[9.75],3
4,189,1
[10.0],2
0,257,0
[9.857142857142858],3
3,198,1
[9.961538461538462],3
1,259,0
[9.799999999999999],3
3,195,1
[10.0],2
0,294,0
[9.789473684210527],3
3,183,1
[9.789473684210526],3
4,185,0
[9.75],3
4,191,1
[9.962962962962962],3
1,268,0
[9.75],3
4,193,1
[9.789473684210526],3
3,186,1
[10.0],2
0,280,0
[9.8],4
3,193,1
[9.962962962962962],2
1,260,0
[9.75],3
4,190,1
[9.797368421052632],3
3,188,1
[9.744736842105263],3
4,187,1
[9.80952380952381],3
4,201,0
[10.0],2
0,321,0
[9.75],6
4,193,1
