[9.962962962962962],3
1,262,0
[9.961538461538462],3
1,253,0
[9.961538461538462],3
1,252,0
[9.962962962962962],3
1,260,0
[9.808333333333334],2
1,148,2
[9.962962962962962],3
1,262,0
[9.961538461538462],3
1,255,0
[9.962962962962962],3
1,266,0
[9.962962962962962],2
1,263,0
[9.8125],2
1,150,2
[10.0],2
0,279,0
[9.8125],2
1,155,2
[10.0],2
0,255,0
[9.8125],2
1,150,2
[10.0],2
0,293,0
[9.962962962962962],3
1,265,0
[9.961538461538462],3
1,258,0
[9.961538461538462],3
1,251,0
[9.8],2
1,147,2
[9.962962962962962],3
1,261,0
[9.75],3
4,192,1
[9.961538461538462],3
1,252,0
[10.0],2
0,298,0
[9.8125],2
1,151,2
[9.961538461538462],3
1,257,0
[9.961538461538462],3
1,258,0
[9.866666666666667],2
1,148,1
[9.875],2
1,157,1
[9.8],2
1,140,2
[9.808333333333334],2
1,148,2
[9.961538461538462],2
1,254,0
[9.962962962962962],3
1,267,0
[9.8125],2
1,152,2
[9.875],2
0,152,2
[9.961538461538462],3
1,255,0
[10.0],2
0,292,0
[9.875],2
1,154,1
[9.76923076923077],2
1,123,2
[9.961538461538462],2
1,255,0
[9.8125],2
1,149,2
[10.0],2
0,286,0
[9.8],2
1,143,2
[9.96],2
1,244,0
[9.8125],2
1,154,2
[9.8125],2
1,155,2
[9.9375],2
0,155,1
[9.961538461538462],3
1,253,0
[9.8],2
1,145,2
[9.75],3
4,192,1
[9.962962962962962],3
1,261,0
[10.0],2
0,249,0
[9.8125],2
1,151,2
[9.962962962962962],3
1,262,0
[10.0],2
0,288,0
[10.0],2
0,295,0
[10.0],2
0,315,0
[9.875],2
1,149,1
[10.0],2
0,284,0
[10.0],2
0,284,0
[9.961538461538462],2
1,251,0
[10.0],2
0,292,0
[9.961538461538462],3
1,258,0
[10.0],2
0,307,0
[10.0],2
0,288,0
[9.962962962962962],3
1,261,0
[9.962962962962962],3
1,260,0
[9.857142857142858],2
1,138,1
[10.0],2
0,290,0
[9.961538461538462],3
1,254,0
[9.962962962962962],2
1,263,0
[9.8],4
3,194,1
[10.0],2
0,258,0
[10.0],2
0,294,0
[10.0],2
0,284,0
[9.8],2
1,143,2
[10.0],2
0,295,0
[9.875],2
1,149,1
[10.0],2
0,286,0
[9.8125],2
1,152,2
[9.961538461538462],3
1,259,0
[9.808333333333334],2
1,148,2
[9.962962962962962],2
1,264,0
[9.866666666666667],2
0,145,2
[9.8125],2
1,155,2
[9.96],3
1,247,0
[10.0],2
0,296,0
[9.8125],2
1,155,2
[9.857142857142858],2
1,137,1
[10.0],2
0,285,0
[10.0],2
0,289,0
[9.8],2
1,147,2
[9.962962962962962],3
1,263,0
[9.961538461538462],3
1,258,0
[10.0],2
0,285,0
[10.0],2
0,237,0
[9.962962962962962],3
1,265,0
[9.961538461538462],3
1,251,0
[9.8],2
1,147,2
[9.96],2
1,240,0
[9.962962962962962],3
1,263,0
