[10.0],2
0,279,0
[9.8],2
1,146,2
[9.870833333333334],2
0,149,2
[10.0],2
0,296,0
[9.75],3
4,189,1
[10.0],2
0,290,0
[9.8125],2
1,150,2
[10.0],2
0,286,0
[9.8],2
1,146,2
[10.0],2
0,288,0
[9.75],3
4,195,1
[9.961538461538462],3
1,257,0
[10.0],2
0,291,0
[9.961538461538462],3
1,259,0
[9.8],2
1,146,2
[9.875],2
1,150,1
[9.75],3
4,195,1
[9.8125],2
1,151,2
[10.0],2
0,289,0
[10.0],2
0,292,0
[10.0],2
0,293,0
[9.8125],2
1,150,2
[9.8],3
3,190,1
[9.757142857142856],3
4,197,1
[9.789473684210526],4
3,186,1
[10.0],2
0,290,0
[9.958333333333334],2
1,238,0
[10.0],2
0,283,0
[9.757142857142856],4
4,197,1
[10.0],2
0,285,0
[9.8125],2
1,153,2
[10.0],2
0,292,0
[10.0],2
0,293,0
[10.0],2
0,285,0
[9.8],3
3,193,1
[9.74736842105263],5
4,188,1
[10.0],2
0,283,0
[9.962962962962962],3
1,267,0
[10.0],2
0,294,0
[10.0],2
0,291,0
[9.962962962962962],2
1,262,0
[10.0],2
0,294,0
[9.8],4
3,189,1
[9.961538461538462],3
1,259,0
[10.0],2
0,289,0
[9.961538461538462],3
1,257,0
[10.0],2
0,295,0
[10.0],2
0,287,0
[10.0],2
0,290,0
[9.75],3
4,193,1
[10.0],2
0,294,0
[9.961538461538462],3
1,255,0
[9.789473684210526],3
3,180,1
[9.75],3
4,190,1
[9.794736842105262],3
3,187,1
[9.807142857142857],3
3,198,1
[10.0],2
0,290,0
[9.962962962962962],3
1,268,0
[9.962962962962962],3
1,261,0
[10.0],2
0,295,0
[9.8125],2
1,153,2
[9.8125],2
1,151,2
[9.961538461538462],3
1,256,0
[10.0],2
0,259,0
[10.0],2
0,299,0
[9.9375],2
0,154,1
[10.0],2
0,299,0
[9.962962962962962],3
1,260,0
[9.8125],2
1,150,2
[9.8],3
4,191,1
[9.8125],2
1,150,2
[9.8125],2
1,151,2
[9.961538461538462],3
1,252,0
[9.962962962962962],3
1,261,0
[9.961538461538462],3
1,257,0
[9.866666666666667],2
1,144,1
[9.761904761904763],3
4,202,1
[9.8125],2
1,150,2
[9.74736842105263],3
4,188,1
[10.0],2
0,292,0
[9.757142857142856],3
4,197,1
[10.0],2
0,285,0
[9.75],4
4,191,1
[9.961538461538462],3
1,257,0
[9.8125],2
1,153,2
[9.962962962962962],3
1,266,0
[10.0],2
0,294,0
[9.962962962962962],3
1,262,0
[9.74736842105263],4
4,188,1
[9.961538461538462],3
1,253,0
[9.962962962962962],3
1,264,0
[9.8],3
3,192,1
[9.785714285714286],2
1,132,2
[9.754761904761905],3
4,196,1
[10.0],2
0,320,0
[9.875],2
1,153,1
[9.875],2
1,158,1
[10.0],2
0,294,0
[9.8],2
1,139,2
[10.0],2
0,284,0
