0,0
0.9875202079379505,0.07310451361794279,0.6444091897291262,0.7408979703950824,0.6843427381061788,0.03749913479698215,0.8013750649558302,0.7958477040643808,0.5793277326991456,0.8235148940385406,0.24648226348692276
0.9039400830221743,0.8462931063695808,0.09170392449081,0.1889621075996183,0.12070850959739843,0.4095047749385135,0.09913258983890955,0.048599199542595506,0.9357029465769746,0.7969211482071825,0.4933016330244909
0.9438276810061748,0.17765021702459305,0.3126167254617141,0.3721875456942427,0.30459086155288684,0.1603374988521327,0.44263799350618793,0.44026749462622405,0.7795081626610871,0.8035930943580369,0.40223532653442207
0.9743317624153278,0.11988190183663952,0.4721062145484011,0.5528355388453867,0.46811391678311837,0.06867008730833679,0.682276280266301,0.6767343424922877,0.6550765605033948,0.8354286817312498,0.2750220195696932
0,1
0.9435677816097808,0.18565661963116925,0.3140279458686324,0.37243227450880945,0.3072334079045489,0.16144772925048498,0.4438761507946408,0.4343168291756363,0.7790911506886311,0.8040162523394582,0.400338644777708
0.9874196189348288,0.07358035535224167,0.6493448105707552,0.7417034601787174,0.6850946650277755,0.03745946691280115,0.802066367445388,0.7970341389537452,0.5796993946447141,0.8248907502159487,0.24564521791116878
0.9035725028555909,0.8486331596412018,0.09180327868852445,0.1886256551840051,0.12034129891272738,0.4110664292282765,0.1003907139063806,0.04882556796303428,0.9358586376692679,0.7969373552700879,0.4949427214164378
0.9739547449150648,0.12250046311231064,0.47455789337808185,0.5549818863918303,0.4709267110841915,0.06788839485771332,0.6841465913415099,0.6780567523399197,0.6538389461678411,0.8340138435972896,0.2785255387848
0,2
0.9446838991321285,0.1829954143490543,0.310824014764955,0.3715310398909951,0.30359804531989976,0.16115731978560557,0.448090794948177,0.4424090965887792,0.7795496172419158,0.8049342016252848,0.3991628360207714
0.9871169302834879,0.07488270207466116,0.648390412811773,0.7402632242357956,0.6773668819873443,0.03755056970906044,0.7963242420896366,0.791307055233825,0.5816723342420432,0.8248012080584693,0.24716046512150577
0.9033021202930404,0.84816027515272,0.09180327868852445,0.18870171635418942,0.12073208931847695,0.41210225445978377,0.09832811070670933,0.0475353156178997,0.9358773017206403,0.7967407547275561,0.4956782009339
0.9739908722397544,0.12076955064739422,0.46666234691894,0.5489453637627748,0.46625677060459675,0.06923477986245369,0.6816785929441497,0.6753076292042657,0.6567811214137794,0.8350161170298296,0.2793674242439359
0,3
0.9873243731189566,0.07373856622043315,0.6388679663269827,0.7358395169966919,0.6800165550165549,0.038020219182092044,0.8026474429820155,0.7992350841407444,0.5804492813494678,0.825464760562411,0.24470382686416423
0.9034850673541903,0.8434619766091676,0.0922252881025808,0.18892480986088012,0.12068770979662075,0.41198290923401126,0.09899149766277693,0.0491313282271621,0.9356283289387642,0.7966102102130993,0.4953528356504806
0.944901094302793,0.18056050206824253,0.29350159216888794,0.35884947868408407,0.29145914038000376,0.16737451971599382,0.45596533925276134,0.453671779557486,0.7845147353598475,0.807140620853191,0.3934288163099976
0.9727656321753055,0.12394924038619165,0.4756233904905471,0.552026050644277,0.46804423049633787,0.06913365802708808,0.6652138614707516,0.6574857225475311,0.6600057070356924,0.8310484458108378,0.2856133790518498
0,4
0.9038482701027748,0.8438684961549836,0.09183707960114929,0.18873926515039402,0.11977560431168699,0.41144884756657,0.10056336948606914,0.04849251118459419,0.935606140725671,0.7969762289144448,0.49298414988766454
0.9740430215597272,0.12066518737079315,0.4601397687936778,0.5451770513256096,0.4635361687154516,0.07082236090887284,0.6867696500244376,0.6801022325791173,0.6582437177837706,0.8361768244821088,0.28092766995328
0.9869567148737118,0.07585628558792343,0.6443165780045598,0.7363226000665961,0.6754683873889172,0.03794904309473909,0.7956128905192151,0.7887792077970761,0.5828014984225005,0.8250611943209096,0.24508950224497306
0.9448848032669419,0.18208690436592162,0.3165128650526545,0.37612692103616174,0.31016395917058176,0.15777518088936734,0.44479184618035894,0.43933524928151935,0.7763660808669897,0.8043396821009847,0.39403934957543
0,5
0.987524948418122,0.07332597319244252,0.6488072357263992,0.7432153225833384,0.6860988309264174,0.03731181052980202,0.8022433021407513,0.799011060507482,0.5797610119847767,0.8251976603623005,0.2450778278056045
0.9036423354491637,0.8429441295037239,0.09284329279041037,0.18876981693814365,0.12013295346628683,0.411710770047166,0.09905264420194282,0.04873199431933445,0.9357662558848602,0.7966219093491047,0.494502254555272
0.9442949906739784,0.17992195491521107,0.30926899680379416,0.37123205560777395,0.30258560447239685,0.16089000747365423,0.44787355918729976,0.44447608876231154,0.7794300008000375,0.8050867261091043,0.3976496553292773
0.9744069111068235,0.12162548024855366,0.4712210933117247,0.5536841606429597,0.4697821541928006,0.06839415287059229,0.6824600336410025,0.6771360929765406,0.6552056695650567,0.8346992480406827,0.277757276052143
0,6
0.9454822036629629,0.18289909048140474,0.31038251366120223,0.37342826225367654,0.30331638828370855,0.15994464779542822,0.4547707558859975,0.45043778517696387,0.7768189754358887,0.8057336941824459,0.3946897279856369
0.9034592981179962,0.8470560409311674,0.09141565048857331,0.1886595563647545,0.12003705107153412,0.4118391064652467,0.09892504623949311,0.04805279301050264,0.9360813687183049,0.7966401870520615,0.49487138539636133
0.9874076566179915,0.07398023279309912,0.6504757537544423,0.744716753482699,0.6849461080230312,0.03707246697310043,0.801869134582889,0.7969521044992742,0.5791562766326839,0.8241816192269474,0.24481312468534944
0.9742249494528146,0.11908051727493157,0.4782146516393443,0.5607321168695728,0.4753049323361824,0.06653082732515074,0.6836808782527881,0.6759139150943395,0.6530925013464322,0.8337526941988175,0.2794994800992938
0,7
0.9875335188678415,0.07246506898400018,0.6483663877106499,0.7417672021048607,0.6845874922798002,0.037408068073747025,0.8009332674760185,0.797295157672516,0.5797863144241907,0.8248172780410723,0.24460244351687807
0.90344580466808,0.8412345208911451,0.0917530946804953,0.18829022883203944,0.11978894121751271,0.41434845369638607,0.09927167893179578,0.048594532152483105,0.9356249424267067,0.7967057614929919,0.4948997072983825
0.9447505575993026,0.17854172042411304,0.31453405215095176,0.3738667649466092,0.309948564982122,0.16027990149924942,0.44494897831890423,0.4433329112321134,0.7780487754500689,0.8034830731674064,0.3937912253086365
0.9744652631868189,0.12060237176043356,0.4732854423773562,0.5535824855457503,0.47093910389790544,0.0684471088109313,0.685212257911811,0.679443148894071,0.6553982455250613,0.8347795083828002,0.2771017670466301
0,8
0.9438775569452559,0.18123660981957446,0.31052921113433823,0.3720250354780004,0.30369605537390787,0.16170154149148677,0.45051271175868857,0.4457135621121946,0.7782866490596615,0.804407649658236,0.39955159216222014
0.987799178487275,0.07267568543998837,0.6475975127190504,0.7430432793229622,0.6907260045191078,0.03729450220736162,0.8017690039738492,0.7965387117761873,0.5791019908593117,0.8237910265769971,0.24349597056816377
0.903570086649258,0.8417659645724179,0.09220475075276008,0.1887078351702483,0.12109715681144234,0.4128633777001144,0.0984561110689629,0.04872930304197126,0.9355330868498432,0.7965509893649545,0.49488898027972444
0.9742912039312414,0.12291310985928533,0.4709016393442623,0.5543774708870657,0.4680026763360097,0.0676232347486307,0.6848175059141601,0.6790737564322469,0.6526554398104993,0.8355285848104552,0.2764681335089059
0,9
0.9873538539270929,0.07366148336956202,0.6453438069216759,0.7389702852740246,0.686184314656537,0.037750748938501166,0.8013992152003304,0.7975628930817609,0.5805770699402744,0.8252176931941241,0.2443930826782863
0.9041345051370783,0.8487754264286862,0.09318032786885255,0.18983313716373773,0.12109686609686626,0.405698694697047,0.10102230483271357,0.04849056603773583,0.9355231842429244,0.7971450512628159,0.4912437073316347
0.974528489054691,0.11945566099256272,0.4715338670733257,0.5534472000938442,0.4717529097374059,0.06827593437901719,0.6829342093887784,0.6762030130174053,0.6549785207381061,0.8347153495250592,0.27838404396132715
0.9448945066044261,0.17853493714795798,0.31492553305475196,0.3719167173607728,0.3049922723125338,0.16137319680435097,0.44881794105498457,0.4457762979405598,0.7774820911814347,0.804720283276359,0.3955967790595689
1,0
0.903586811913044,0.8437417427547702,0.09170491803278702,0.18880101815117545,0.12064102564102552,0.4121572621845304,0.0997026022304831,0.049207547169810795,0.9358247845711967,0.796761253323383,0.494019305544823
0.9743134468224456,0.12097437613522682,0.4724303434519729,0.5539771725569169,0.4705729420558319,0.06816576151883011,0.6840572745134069,0.6775378434607934,0.6539442233251338,0.8348397974057757,0.27720420659890765
0.9462302458210403,0.18255791907184768,0.3101303068516184,0.37256801053457667,0.3043319453575865,0.16002896961694343,0.4614908016395005,0.45778906627963223,0.7767069905200827,0.8058162563222397,0.39134854101358635
0.987479052766142,0.07364667975708217,0.6440096362888537,0.7407130105719232,0.685517058276915,0.0375770488465242,0.8022677912352936,0.7975924798809764,0.5799551934557313,0.8256320329517588,0.2442464086930301
1,1
0.9745178742734221,0.11967042266720199,0.4773922988943958,0.5572876648429063,0.47351973320965574,0.06760015461104475,0.6821849514423216,0.676597923065672,0.6551025771933361,0.8340048896290042,0.27623915670182686
0.9034317636796334,0.8440318131615427,0.09129481897080732,0.18831970254259156,0.12020659079482593,0.4134803944335193,0.09762837206528435,0.04756331349006199,0.9362090454863659,0.7965687221831191,0.4953575163834998
0.9872735100929187,0.07389672682251058,0.6461572659071964,0.7409664607152474,0.6829204693611475,0.037500757663659706,0.8009451200302441,0.7959322033898305,0.5801235194703146,0.8242921147260088,0.2456445095385678
0.9454235544581688,0.17756918468892757,0.3143805768831707,0.3754974649876168,0.30664647120343336,0.1565701498888347,0.4521904851536398,0.44994029137807495,0.7780352866930209,0.8051953374584379,0.39728383801459327
1,2
0.9872983070313577,0.07529502677431149,0.6470396034026251,0.7406603702732142,0.6818809293036097,0.037495782152985796,0.8016581714125118,0.7967580885690202,0.5798969072164967,0.8252244472654509,0.24237575362265856
0.9034498334066253,0.8420049447237665,0.09167147211467164,0.18844808885069453,0.12054574868645218,0.4138566671099444,0.09885860529412854,0.04879112543851333,0.9356275633398863,0.7966585187953663,0.4953358588964496
0.9447940541472112,0.17771335558052245,0.3082181506482374,0.370241544919911,0.3028508649423682,0.1631129496177068,0.4497898291906602,0.44767542237020597,0.7793708647458462,0.8049201840965422,0.3988147990376155
0.9740559112744133,0.12199467023200977,0.4664738026358084,0.5494543073717801,0.4672364672364672,0.06931533827386067,0.6831110139222976,0.6759304476507583,0.6568909057262649,0.8345512192021307,0.279844287896354
1,3
0.9738271632552226,0.12199963194467481,0.47374527112232034,0.5560343753605592,0.4686938417707649,0.06744224088469002,0.6815556191020875,0.6738461538461538,0.653983460118054,0.8344089231814328,0.2800666806481668
0.90363239128594,0.8458247330540252,0.0921563682219419,0.18893811854443715,0.12111914676017227,0.4110281037378207,0.09930416547516929,0.04810836961780318,0.9353742516545167,0.7967141140873708,0.49469084079957293
0.9878644470685249,0.06981814563382319,0.6453250423968342,0.7402650955657524,0.6875331564986737,0.03754276432847231,0.8043327778489937,0.7979180221210149,0.5789543036237337,0.8249128379014546,0.2438040236977449
0.9441087336565823,0.17975081626199335,0.3104682310082503,0.37210180679075533,0.3057184887250246,0.16096198705632586,0.44716573122433606,0.44086817116783816,0.7775270140883626,0.8046063470126517,0.3969897310452798
1,4
0.9448863566029241,0.1808989210850489,0.31015513257784144,0.3700951408939157,0.30329451805961866,0.1630306055903496,0.44542301838776477,0.44102823857160944,0.7810313180745412,0.805171292104238,0.3998761181130708
0.904087762922821,0.849721953480786,0.09278522093700603,0.18957685226876853,0.1202510593373538,0.4061285197031803,0.100107561376031,0.0488458959869742,0.9355551783106908,0.7971512742688537,0.49263044533286454
0.973610625277025,0.12221647996469298,0.4761060826634598,0.5540067961823687,0.46852346852346854,0.06842097684541745,0.6769961677024874,0.670139141837255,0.6564439314747091,0.8333452461474197,0.2798353572224167
0.9873536885699382,0.07397220121404843,0.6466178033905892,0.7405494540104219,0.6836828952869911,0.03753651584204301,0.8002080769377167,0.7952604803915255,0.5806886439294119,0.8240277338825499,0.24612672819830725
1,5
0.943914189482269,0.18308384439974917,0.31104400345125105,0.37379768624176574,0.3038311590943171,0.15890532486703626,0.44795539033457243,0.4433217477656404,0.7773456903440407,0.8050302175746014,0.3970979275953363
0.9873751397627514,0.07424792495830548,0.647147990119021,0.7414270013931612,0.683897279787691,0.03748166424289419,0.8000331007791412,0.7958516412509693,0.5805296906706556,0.8240976103711138,0.2462278802762609
0.9038354466874724,0.8468564533573166,0.09260551098709452,0.18928904971715227,0.12065830150936535,0.40831526677811847,0.09948192675788953,0.04821356884785266,0.9356545587092633,0.7969022853066292,0.4935733691998526
0.9741959058983934,0.12088425059840985,0.4715025268088254,0.554199985133168,0.47088876036244465,0.06800479921577728,0.6835536797383794,0.6772166264718399,0.6546189540326011,0.8353564451985818,0.2772628261342602
1,6
0.9034199820105965,0.8433253061040618,0.09195081967213109,0.18841281481578698,0.12027065527065561,0.4137701798303873,0.09875464684014901,0.048339622641509705,0.935952759540421,0.7965288865987654,0.4952079170016399
0.9875593926205007,0.07375876311155549,0.6504617871161396,0.7442230988279253,0.6882849805385017,0.03719732053298638,0.8005654746321798,0.7956417751793782,0.5791260179047217,0.8246300553503851,0.24460423550098223
0.9438813834094582,0.18034219388029776,0.31748281332628236,0.3771271684175384,0.3088319088319088,0.1582789216768788,0.44501738817604025,0.4401217285453438,0.777150978860844,0.8032663596366123,0.3991380457263955
0.9748255705216369,0.11876721800334508,0.47343502753338823,0.5551299477542945,0.4723844723844724,0.0682239224438059,0.6855793658767636,0.6781525460770744,0.6544292621949598,0.8340616800970949,0.27913585460462415
1,7
0.9441679404539396,0.1793963236345863,0.3089418777943368,0.3689284627664532,0.3030118030118031,0.16332782753161826,0.4497417081060203,0.44373927958833614,0.7805483908787175,0.8044947380169305,0.3969318209231399
0.9034837701558638,0.8450301475290769,0.0920920750870638,0.1884641153168226,0.12013049318748786,0.4131111191699255,0.10023691661690726,0.048802424479421014,0.9357282801201707,0.7968064154599999,0.49483362631282457
0.9872023978565125,0.07404004329339306,0.6499150172706836,0.7414363498782091,0.6835224728201319,0.03751042694339263,0.7979013067100993,0.7931343471950527,0.5806948822706812,0.8247493157070203,0.2456980453376974
0.9745023855646859,0.1207711812563533,0.4694119177725736,0.5533511756293823,0.4674060507393841,0.06803941817863346,0.6855343128577329,0.6807726864330637,0.6543916619444954,0.835759948153986,0.27769062502911157
1,8
0.9873601417639234,0.07347073884007721,0.6479550740257531,0.7415644905429359,0.6818383461982078,0.0373478447329503,0.7986905236619031,0.793027355226219,0.5805197552723103,0.8236314756436356,0.24800011004648964
0.9039214720660962,0.8498150396980875,0.0927330560313187,0.18943643747326644,0.12035265269096135,0.4072467437005223,0.09957646710684481,0.04809912700647678,0.935855958206508,0.7970678468338619,0.4922505096096152
0.9740385334207616,0.12152713775235863,0.4655484524336983,0.5480995546587427,0.46863346863346866,0.06927310398752105,0.6833115643524567,0.6767975522692502,0.6561617233037033,0.8355860257380294,0.277194292058919
0.9446632568271611,0.1861788709563996,0.31916939890710383,0.3749357267604825,0.305622032288699,0.15880811280269744,0.4485006195786865,0.44181132075471696,0.7749340035562875,0.80435045552977,0.3922756496450887
1,9
0.9874180756918141,0.07371893967337373,0.6461711205928586,0.7403443826673153,0.6835655465792452,0.03761323379769921,0.8008224270509752,0.7986818299302145,0.5807385498114137,0.8251175736594857,0.24546184861549958
0.9035567281027201,0.8420775939089044,0.09173835416328541,0.18854838241036487,0.12025048658712029,0.4133020338153157,0.10042695719386058,0.049150009340556744,0.9354391558359801,0.7966922175673697,0.4947612990567135
0.9435491073368146,0.18005133630769518,0.31009973632924454,0.3684064910979751,0.30615822923515235,0.16433459255570215,0.43899966204798924,0.4373400184720939,0.7821608018571523,0.8030023707771022,0.4017210888212259
0.9746402928512465,0.12038670273835292,0.47344512576648734,0.5556922584616024,0.470846654052761,0.06782345641554421,0.6858594171230739,0.6821690911709635,0.6530746569270837,0.8356311001603184,0.27572032024206045
2,0
0.9872782534555548,0.0740708558834666,0.6462485313042021,0.7391812992305938,0.6811936641288178,0.03776418952354091,0.8000431379017214,0.7956210960139094,0.5812952267446846,0.8254696133845717,0.24393783328662452
0.9449447962877274,0.17572308739467135,0.3148852459016393,0.3774690641574033,0.30881291547958223,0.154657879500017,0.4523420074349443,0.44865408805031437,0.7768797018191791,0.80520482034001,0.399034103279015
0.9738242333768006,0.12285086768704823,0.46964036090989963,0.5511380373254726,0.4656463261114424,0.06888240847889504,0.6812627878159131,0.6744917361415825,0.6557300165726722,0.8344553514562844,0.27845701540619905
0.9032184726776442,0.8485038550128468,0.09145377382042069,0.18845686387273541,0.12061260792225253,0.4131159950602659,0.09805068593965227,0.047715736040609025,0.9360842468792271,0.7965032477295084,0.49626442655748254
2,1
0.9432209558171839,0.181616736280375,0.3157827065252331,0.37428060278817565,0.3098150941288197,0.16068634463083278,0.44442014724105255,0.43827845603650256,0.7768863597962805,0.8029226372396103,0.3970725868942025
0.987192855425953,0.07502187315132972,0.6456612021857924,0.7396880720765675,0.6797340930674265,0.037547341711794566,0.7968649318463445,0.7918993710691824,0.5810097797838891,0.8252191323959084,0.2440898247347401
0.9044816226908813,0.8470758427004831,0.09364754098360645,0.18981572259128837,0.12059294871794862,0.40501483685841755,0.10077834572490713,0.04964622641509436,0.9353064410648366,0.7971916608873467,0.4894938017189151
0.9744105076624364,0.12019297793029637,0.4582258796086309,0.5426713796025087,0.46234924495794066,0.07098894193354016,0.6893339406673817,0.6856141397568797,0.6571492926085193,0.836981257419811,0.27835031657524806
2,2
0.904011226490645,0.8435807454940395,0.09280040561095171,0.18942002016423015,0.12112667782770897,0.408616745440775,0.10098493848925033,0.0493094728652016,0.9350104594545459,0.7969068988126821,0.4927873063156839
0.9739435741306127,0.12109882507319544,0.4734426229508197,0.5545571556035185,0.47175104098181025,0.06830818550510485,0.6796110952244782,0.6717271407837445,0.6563914491335522,0.8333927798973436,0.27980513897831993
0.944319236626753,0.18506280581624274,0.3156299124185943,0.3731762040204273,0.30640440229481325,0.16184997291626715,0.4462748892397005,0.44112173688291545,0.7779435613065718,0.8043591472177104,0.3951293446267546
0.9875952462508861,0.07253444823624963,0.6450434591264165,0.740047198607659,0.6846020000382417,0.03755349686579172,0.8042089768219355,0.798910978852729,0.5798183003638003,0.824814015472138,0.24518741734398805
2,3
0.9034027178675641,0.843570269487379,0.09142996266839831,0.1883769093703938,0.12026459056162014,0.41370112859349684,0.0976296514409804,0.047786288062768245,0.9360739649057259,0.7966477300355986,0.49552590427908205
0.9741365324677497,0.12028834752114506,0.47504553734061933,0.5575459931416707,0.4719961108849998,0.06722150050033983,0.6823331563108515,0.6770290506139562,0.6537810360774067,0.8345627409279742,0.2787886628830859
0.987628679439309,0.07276998600919285,0.6478010175240247,0.7421510299568697,0.6862953138815209,0.037395665608495374,0.800499935905653,0.7969681197137277,0.5795638008857715,0.8240057753002883,0.24458224384191196
0.9458724437950534,0.18059835824147252,0.3101128379816905,0.37300773508423846,0.3022533022533024,0.16112149830347436,0.45415922367595235,0.4502572898799313,0.7785409860963847,0.8054999519930088,0.3963645588590539
2,4
0.9037486274163069,0.8415710869162505,0.09245901639344267,0.18888088968965866,0.12063277852751547,0.41187490925126236,0.1007434944237916,0.04901688182720937,0.9351321728613724,0.7967165575313754,0.49439238796757523
0.9870982934008176,0.07494261635958074,0.6496299139207193,0.740863335900566,0.6792537327654385,0.037494750219815895,0.7969812634431998,0.791619864958667,0.581738917716422,0.8245684404404067,0.245231397742121
0.9435120985105112,0.181564973077386,0.3083270003256975,0.36926786698794656,0.3026735344616139,0.16405919597357488,0.4454319407173982,0.4416843683618642,0.7806495202276191,0.8039686103031268,0.4018196363204055
0.9739309082451696,0.12216907199022975,0.4685347566399797,0.5503754244839638,0.46964376421740767,0.06903483144465486,0.6797930895363247,0.6734093900833698,0.6560620266371497,0.8344398018093259,0.27963261244242765
2,5
0.9874189438724761,0.07363191351904488,0.646150367439231,0.7415065638235248,0.6829452794970037,0.0373978236436089,0.7988334828868094,0.793324658425504,0.579517106957397,0.8234273284662058,0.24438291472641813
0.9035947824200917,0.8492919340144933,0.09161737366908945,0.18877904820175384,0.11957000616794422,0.4099638669642773,0.09855133560725104,0.04759774362964425,0.9362533789643367,0.7969426787911573,0.4940323399003951
0.9436545694789482,0.17961797587704806,0.3149444738233739,0.3730534836071722,0.3062034739454095,0.16071970059031565,0.44446576328096893,0.44104686548995736,0.7801901465313009,0.8032090311989405,0.4019237687027324
0.9747039171219432,0.12055911220574042,0.46914361668460036,0.552762422655422,0.4695024695024696,0.06814186575604773,0.6880624650141379,0.6836016609601515,0.6536159085399975,0.8363882883798476,0.2754679398610767
2,6
0.9739365452370935,0.12242926731088583,0.4476301529597366,0.534224844747836,0.45430270953283514,0.07293003099919496,0.6876234620708963,0.6837925317754794,0.6600493524688273,0.8379915587940561,0.278331297036051
0.9035891074545284,0.8476096359743155,0.09163684779895159,0.18874251578177947,0.1208584609599841,0.4113789321689032,0.09869228011246789,0.04798390958720461,0.9358741295884749,0.796777998618352,0.494529321401208
0.9861278685326407,0.07846501261161096,0.6471206389239175,0.7358581681669787,0.66980787493608,0.03798471546504652,0.7845176818225144,0.7785074987905176,0.5853367028608122,0.8228064050600263,0.2505633272585315
0.9451468770966096,0.18404046157712373,0.31180327868852464,0.3717715581017328,0.3061918328584995,0.16149977861789447,0.43858736059479553,0.4348427672955974,0.777875461633158,0.8046439324569226,0.3947162000744353
2,7
0.9873934103290778,0.0742475569216276,0.6490992295661241,0.7437778533180045,0.6883211017486637,0.037201310168063856,0.804813009838822,0.7991866124408293,0.5790179302885017,0.8252257651160314,0.24565154525399507
0.903143329095753,0.8446974361117348,0.0917525773195878,0.18827010512864106,0.12040708432460995,0.4144866191107708,0.09918368911202263,0.04781170978408911,0.9362134553638308,0.7966164948860149,0.4959802761247756
0.9745773254184881,0.11965650830762734,0.4816293329996246,0.5601139626548931,0.47668602248754927,0.06699171357549394,0.6835182610176225,0.6754572951173844,0.6541635473473538,0.8330279796855002,0.27841999173431353
0.9458291335957991,0.17933624606722276,0.3133312712650789,0.37564650778722786,0.30649178447920594,0.15607832042633885,0.46108344438989035,0.4572920374985166,0.7754156311373686,0.8063387686345347,0.3941433846676749
2,8
0.9038297892107514,0.8433300653305517,0.0927446843044959,0.1889598282685397,0.11996840709711987,0.4106525300787971,0.10073981375832758,0.04935550158789437,0.9355483429959763,0.7969150941166555,0.49364083931138786
0.987641901445723,0.07245916390110166,0.6396544085068676,0.7364092146908091,0.6837703087703089,0.03795855954810434,0.8038028735054759,0.8007394186639472,0.580042406481165,0.8258582773117942,0.24579580616361923
0.9727340235005592,0.1253255086575697,0.47162282373872155,0.5501981308426667,0.46681684666180795,0.06953907968409287,0.6683957234661826,0.6604358636829017,0.6596503198429913,0.8321818705645921,0.2850583706844069
0.9437604883660281,0.18138913544039997,0.29907142038289575,0.3623466391993119,0.29599744984360377,0.16573424787126634,0.4386877063456989,0.43673307824251223,0.7828792565661692,0.8057983598456977,0.394876524314675
2,9
0.9876213054317105,0.07184289356002535,0.6492953695714696,0.7437861562900443,0.6872394661868346,0.037334389155682796,0.8018261266549274,0.7969678914266796,0.579460294149409,0.8244283606256602,0.2452658311600096
0.9034159278089456,0.8431791158342532,0.09126229508196743,0.1885770010686293,0.12041310541310551,0.4133992796566873,0.09892193308550179,0.0489999999999996,0.9356757796471096,0.7966487582047305,0.4958113333884705
0.9746644371922117,0.11894122556292308,0.47766627189428407,0.5581293657202643,0.47351943929890705,0.06707639838833312,0.6859796175102831,0.6791591936293851,0.652213732835518,0.8347819270177761,0.27470395141245035
0.9447927601484389,0.18037536797132384,0.30817500814243837,0.3671745222018573,0.2994094451048095,0.16367214381558992,0.4528176469140058,0.4457078595526677,0.7797935117273189,0.8051047118488601,0.3967589519484375
3,0
0.9438816492460663,0.18402255444691398,0.3141445985708281,0.3723290652437108,0.3066148002045438,0.16040099635047012,0.4478839004861309,0.4425012094823415,0.77735538124849,0.8043196574063989,0.3980399440688865
0.9035301742707763,0.8448072287524182,0.09210715713714496,0.1889820846211392,0.12088110624696002,0.41113647521475705,0.10046241726357774,0.04909341923607918,0.9355064703704101,0.796728963297972,0.49480254246423594
0.9873818262548161,0.07443528520036435,0.6477618881525407,0.7430452639306101,0.684558808672284,0.037358773796764735,0.8030794378971238,0.7987019938445069,0.5793885343274652,0.8245209028500473,0.245833500922607
0.9744741410528394,0.12133988822237768,0.4719254259080681,0.5527465669601782,0.4683760683760685,0.06887978651151887,0.6855601720242,0.6778986311505735,0.655467587116917,0.834593774403956,0.27688124038304973
3,1
0.9876324575124211,0.07261500385554576,0.642432068268583,0.7394453197673873,0.6871560707177147,0.0376888163079063,0.8052146458216631,0.80241664512794,0.5792770628045953,0.825805141499021,0.2447936085951165
0.903440683935765,0.8453204763920037,0.09163251366120201,0.18892004188432182,0.12087488129154805,0.41158246164129286,0.09899705700123912,0.048997641509433976,0.9355746584769553,0.7967064397336492,0.49445956899455706
0.9431318266196101,0.18516937109116685,0.3111610150460364,0.3689574558199771,0.30378956406353663,0.16331499640983074,0.4340530630951774,0.43011113982941324,0.7798484128813241,0.8024837548776534,0.4002665019222417
0.9745610953846645,0.12233634307098676,0.4680572547100563,0.5519290037885114,0.4665029553089255,0.06917734879805526,0.6878849248182878,0.6821881160236551,0.6549299818102778,0.8356323566790823,0.2769375726534166
3,2
0.9874155416079261,0.07284974880958425,0.6505567056453868,0.7415232533186834,0.6840426669778208,0.03752217453604785,0.8008043949909285,0.7952476012621544,0.580476996418975,0.8240730577337683,0.24664185425450674
0.9032114374262664,0.8439233181945255,0.09076082387557788,0.18784279650132174,0.11976039155526325,0.41583838320325495,0.09692117052711863,0.046637639090469085,0.9365752869753715,0.7965385294929561,0.4954577977215263
0.9742181929220368,0.1204637142517655,0.4749341047894568,0.5539572842157269,0.4669571532316631,0.06810605104410218,0.681857278227276,0.6758712541620421,0.6555715802939991,0.8351767366067718,0.27957022846647955
0.9432369015003824,0.17810987876972928,0.3143098889476467,0.37178732282614224,0.30469625953496926,0.16136810845196226,0.44576088259983215,0.4422398052343274,0.7794157941413979,0.8033427247656498,0.4027575835280648
3,3
0.9874356554366709,0.0731354842665553,0.6433822260569456,0.7397744109561079,0.682241215574549,0.03756979810310487,0.8013435074675536,0.798795100959947,0.5801074804368347,0.825025997589975,0.2467307994285584
0.9044220291557794,0.8496612276494664,0.09310109289617519,0.1897353044530869,0.12051875593542283,0.40495416964681036,0.10133983890954168,0.04935141509433977,0.9352190834017261,0.7972601786234823,0.49124732694025985
0.9743168885285476,0.11999151803743185,0.47085405538159264,0.5529177807991293,0.47136592080412315,0.06860788349905418,0.6840844854712279,0.6768850257932302,0.6561785842174119,0.8348016824026765,0.27820528316781845
0.9442886251705948,0.18039194960541666,0.3142857142857143,0.3730321177270367,0.3058608058608059,0.15960145913144788,0.44749674117703864,0.44356775300171525,0.7773312807422392,0.8039336100861293,0.397937651670683
3,4
0.9033847252566068,0.8440187479549368,0.09168677706582329,0.18863207652652192,0.12033783099772949,0.4129321294849326,0.09893759553148501,0.047524183507326845,0.9359027701113778,0.7966333191225038,0.49604713553668095
0.9870697136087884,0.07494651707877883,0.6469530808366308,0.7394466811250494,0.6797819039198352,0.03762679557329737,0.7957825919753877,0.7900715679895899,0.5812136530216649,0.8241575099042125,0.24457794965882473
0.9455387340464781,0.18008105786127587,0.31380222104706507,0.37483253380598947,0.30782097233710143,0.15885209807611808,0.447367789902866,0.44387096774193546,0.7770619614279877,0.8052170201193952,0.3954841521717376
0.9738906884948403,0.12134717666816561,0.4635502049180328,0.5469538625597475,0.4669025997150998,0.06979657924734343,0.6839858271375465,0.6787588443396225,0.6566515246717296,0.8360436684304403,0.278191094228953
3,5
0.9032287548757401,0.8452066392998703,0.09069905716469873,0.187727347781677,0.12017477820586614,0.4159391674797541,0.09794479650210941,0.04739466223482264,0.9362425346716557,0.796594330049249,0.4959210971223606
0.9744782724691657,0.1206261991517531,0.469866099361782,0.5519202856123875,0.47214066679715544,0.06866880002059121,0.6860438718465336,0.6771856546161601,0.656144771916418,0.8339421397731315,0.2776916408159554
0.9454182179736421,0.1793969674458178,0.3121050917381391,0.37372446713859386,0.3065791211486576,0.1601328495632468,0.4513405056746843,0.44623266275146817,0.7776901765551524,0.8059597034460427,0.39089562891966506
0.9875725055085225,0.07363216989686847,0.6488883898495398,0.7423833493491708,0.6857998673067168,0.037335091909731985,0.8018027193563171,0.7981002843111914,0.5788737486017521,0.8252205289426234,0.24547010328909544
3,6
0.9875349131150917,0.07284400898202051,0.6507791229797835,0.7423839444348028,0.6857741133359508,0.03731684527069691,0.8024354039959544,0.797066471098073,0.5794279083795044,0.8245377365462057,0.24305555418915514
0.903467580263302,0.8416960582554299,0.09267759562841538,0.1886970102902945,0.12030097158302278,0.413023752073001,0.09905633400057218,0.048650217706821375,0.9354739433730022,0.7966165483186531,0.4953071836634695
0.9745933657579566,0.12003983796238879,0.47960755091902635,0.5616384279084607,0.47467193300526644,0.06633770911320207,0.6837754872141489,0.6767867352773014,0.6509538475646929,0.8334301658999446,0.27717457979474525
0.944093060036224,0.18158538323400158,0.3121269440941572,0.37353891117191057,0.30424063116370814,0.15928761792854465,0.45164903250405114,0.44586357039187224,0.7787942036762331,0.8045989834740623,0.40150084001172304
3,7
0.9703729254542537,0.12812856923548369,0.4722534866650355,0.5445346591125663,0.46054981502742703,0.0712177305716233,0.6540254119735893,0.6473810194311461,0.6661136765903781,0.8293399156911431,0.2927258653736009
0.9034927846601796,0.8474790368416196,0.09273023774783262,0.1889270061290252,0.11980728211094704,0.41048548748018665,0.09935966056170797,0.04769337153017872,0.9361501459824246,0.7967648439167806,0.49382083639527796
0.9874929226890361,0.07338006491128293,0.6353427957890327,0.730045222052167,0.6732384879349735,0.03870896582837442,0.7989001983443591,0.7937548978238596,0.5821239975825319,0.8272348479242165,0.24106823805948435
0.9438549839495002,0.188408948114253,0.2738225344782722,0.3412058217459897,0.27825261158594494,0.1802375721924613,0.4347672154363604,0.4368673255465707,0.7933047723261125,0.8068631189978798,0.4005593834647177
3,8
0.9873502063549146,0.07372250304198508,0.6473848555815769,0.7433244282335767,0.6862995910614959,0.03720926656143193,0.800002528892598,0.7955333076626874,0.580162789366877,0.8239600783697543,0.2466067528389942
0.9039806498944088,0.842630298808965,0.09247878737952081,0.18902688046282445,0.12073186445045753,0.4104757336288063,0.1002036203321442,0.04979615056414155,0.9352538234875679,0.7969232990730185,0.4932232095952692
0.9473675193163564,0.1753143223520522,0.31208743169398906,0.3744818279496327,0.30771130104463434,0.1595475290351146,0.46252788104089215,0.45826415094339623,0.776302831350023,0.8057645735582787,0.3864322932625571
0.9743086104100309,0.11870372266158902,0.47406506147540983,0.5583186786760777,0.47370236823361833,0.06672225832098704,0.6814010223048327,0.6781987028301887,0.6523647879693292,0.835196578911205,0.27808856176525615
3,9
0.9874199039104405,0.07420464272281907,0.6503408258689654,0.7452995535715943,0.687902017798925,0.037052227918583355,0.799984670218066,0.7929196654347402,0.5801105381384093,0.8234011741132863,0.2451258502053732
0.9040244364567535,0.8493048724405985,0.0926148352540172,0.1894574068276632,0.12040563030662055,0.4068221180450526,0.10022452059332332,0.0487016626190922,0.935751227974667,0.7971157968316275,0.4930081858391925
0.9741877307296194,0.12100888136506124,0.4745062604879308,0.5567413473897426,0.47122955784373116,0.06738078151235492,0.6805315692415771,0.6731689199227455,0.6535568370172461,0.8344854787479081,0.27787493818259457
0.9446229048544762,0.18264777079138272,0.3130716134598792,0.3750887188758623,0.3029502174239017,0.15878348628416855,0.4525288593230288,0.44741807348560075,0.7785817738591476,0.8050897103674088,0.39944628903677015
4,0
0.9742373148495779,0.11915732433868412,0.4732032662220283,0.5559900418794824,0.4712229046829808,0.06784942274243673,0.6843965115128556,0.6769782624291554,0.6544797723935983,0.83344004344994,0.27970148241453374
0.9037154640597407,0.8448023310856148,0.09206689183623012,0.18879119546273676,0.11993013500551175,0.41122832154026495,0.09953111281313637,0.0484308334123445,0.9358226813179589,0.7968797216631998,0.49404035857276674
0.9449752965463524,0.18252660054195666,0.31422950819672124,0.3724866401373123,0.30664767331434,0.16170949558938724,0.4449566294919455,0.4396729559748428,0.776943304609495,0.8039972087743406,0.38999567064648416
0.9875714431987064,0.07339293200704264,0.6438037372463601,0.7384413067135824,0.6858127627358397,0.0377317902798132,0.8038188577222032,0.7995118089457711,0.5793695174337374,0.8252453094547424,0.2427342556226154
4,1
0.9874872148305597,0.07388509252285547,0.6462361993977921,0.7387255786332427,0.6838963505630171,0.037730791713845,0.8010267303947602,0.7954819663714543,0.5805380625783363,0.8248217164224436,0.24487473880544955
0.9040160363357101,0.8518601970402226,0.09188565779718261,0.1892618751567403,0.12040258271414078,0.4074519681271381,0.0992882628757169,0.04769128662178773,0.9357322104985355,0.7970956723353443,0.4922714480417426
0.9737891370756897,0.12169960883012479,0.4697385910500665,0.5490785621601038,0.4673354673354674,0.06938031026107047,0.6799672747628138,0.6731550957966052,0.6574575044004692,0.8340350389825231,0.2811321966620845
0.9443099853832143,0.18238965837681836,0.3129575567033461,0.3742232310492931,0.30515552433360654,0.159901186365475,0.4457656464836788,0.4403463427242181,0.7780672255917642,0.8052291195608028,0.39704210437815085
4,2
0.903692437798818,0.8471397798275007,0.09209207508706352,0.18922880573865763,0.12060286671685644,0.4093503807260451,0.09908122580272344,0.04864600645224326,0.935605496862917,0.796826189503113,0.4938964358981259
0.9861667975091188,0.07792907805839841,0.6533102143757882,0.7427181502442276,0.6739170136606034,0.03739216628285044,0.783874273186541,0.7782172230285437,0.584266134802144,0.821647724781405,0.24992766603770522
0.9434533528608448,0.18029908130186162,0.3189632255206026,0.3783426160622796,0.3122353122353123,0.1575789830138711,0.43424093238219635,0.4298572157062723,0.7780691673413281,0.8024714919538022,0.4020137512261989
0.9746266209827226,0.12030451010022983,0.445005018400803,0.5319160443444547,0.45743357171928606,0.07415574178992128,0.6953797132235794,0.6921216788602234,0.6598320534615181,0.8397504097345494,0.27413112903786424
4,3
0.974254241759154,0.11970327416986043,0.47097099621689786,0.5530837914294642,0.4697129081744467,0.068266676360321,0.6821132399199314,0.6754281567489113,0.6561095372620834,0.8346563526790253,0.27904230222546267
0.9036401724888893,0.8435085847601022,0.0928018640259633,0.18902076315357846,0.1207861512430039,0.41098157246819167,0.10042835846243836,0.049171535293554114,0.9354551968489203,0.7967379545981305,0.4943389060804947
0.9876460920206738,0.07279101651891426,0.6484299238051259,0.7428632876747073,0.6878134906303921,0.03738480875032563,0.8020184302843081,0.7956417751793781,0.5795318432961347,0.8248643270774433,0.24508626446573897
0.9449363138529525,0.18180209601172498,0.3124986947896002,0.3727749025082563,0.3044440815141453,0.1595776667215512,0.44713849359505603,0.4441533469534911,0.7772686998999002,0.8051138851023854,0.39788550424767594
4,4
0.9874101402021642,0.0734072601295083,0.646684440410687,0.7396300048257317,0.6834846558029948,0.037573631499733195,0.8002855636022177,0.7959260951883527,0.5799759475104839,0.8250378386238906,0.24614057332249106
0.9036527581386419,0.8474701300256591,0.09187019069923053,0.18843335108818954,0.11978894121751266,0.4118644213586119,0.09917684545937366,0.04790142472083175,0.9360023092125673,0.7968041584003513,0.4946581799775799
0.974361733427604,0.122380926931763,0.47407264545162325,0.5580502063640544,0.47332551254119887,0.06666686701246351,0.6831693272104381,0.6781058083610803,0.6523431654155323,0.8355862048910664,0.27714641450478106
0.94407065581866,0.17485019073199695,0.312616725461714,0.37235687117196925,0.30576291968697045,0.16067175457497868,0.4536021834266623,0.450609027943635,0.7786641076650607,0.804509817548743,0.40022511192613297
4,5
0.9742316963540991,0.12125973809442053,0.46810268140805694,0.5500672610624613,0.46661807902117985,0.06921700634364679,0.6883231030806028,0.6826970893666812,0.6555051642475679,0.8347193464346022,0.27783402230430226
0.9035150153928093,0.8491943127849676,0.09221962008847223,0.18885351586096072,0.12018571277830548,0.4099437056931692,0.0985818532286935,0.04755914944594175,0.9362107652526226,0.7969777969984212,0.49506164699811717
0.9874384409130192,0.07333597380877158,0.646290636287858,0.7396746800274974,0.6838186295813414,0.03759405853146594,0.8008317056266145,0.7958810361368722,0.580214107370136,0.8249228872793597,0.24422213685497224
0.944478276155631,0.18013966683668797,0.30977301387137446,0.3694059709752454,0.30427715684125956,0.16174721896917155,0.45186350204937564,0.44910498306724717,0.7783546000231499,0.8040835732558849,0.3970965355691973
4,6
0.9871845598011169,0.07437572565648573,0.643678799666574,0.7379297705139217,0.6812786711091796,0.03781624881155046,0.7991430911725789,0.7933610489286855,0.5809937544772348,0.8246700030597022,0.24706554267645545
0.9032172121481142,0.8464043906439558,0.09114424581926023,0.1886804371961298,0.12068891465876375,0.41271841479801163,0.0984102669481236,0.04774817483644639,0.9361765742953612,0.7965598091344854,0.49523307449677845
0.9457739389412316,0.18536036612182866,0.3113879781420765,0.3727960917420503,0.30490028490028487,0.16130598412860597,0.44855018587360596,0.44316981132075467,0.7772941458076895,0.8054069104145252,0.3940021502470652
0.9746196774827377,0.12060594003349417,0.46651607073705953,0.5505566894835185,0.4670570024900734,0.06894797171887179,0.6855077130228611,0.6796018422225523,0.6551333768445153,0.8366327487908343,0.27526629210318365
4,7
0.9876067451295821,0.07287895013936019,0.6484377677500427,0.7446339362351795,0.6879001757050538,0.03710746211375465,0.8022097586881339,0.7992373939911905,0.5792295104937116,0.823645617823117,0.24598270381944154
0.9038397591149651,0.8408204526474481,0.0923245060949981,0.18879412802442502,0.12052012564833103,0.41185920360079953,0.10081021828233755,0.04996613449443654,0.9352698252370005,0.7966797845200932,0.493680006557195
0.9745459988450859,0.1189213593461248,0.47368485441644237,0.5556335517256266,0.47039375770719055,0.06812279729888415,0.6842506796870665,0.6796254576175724,0.6551144819603277,0.8346374932834983,0.2787208460736967
0.9441529513086904,0.18135565363622447,0.31052281789986713,0.37033054758227474,0.30522830522830524,0.16155687080766268,0.4426805988144278,0.44010708822029576,0.7809041217048013,0.8045727700053303,0.39910829673284137
4,8
0.9873540747932721,0.07385567885758854,0.6488524590163935,0.7426927213678676,0.6847725709794675,0.037340613692336405,0.8001666453018843,0.7952504879635652,0.5800922912569174,0.8246075847651239,0.24406832862843902
0.9436149992402226,0.17921523966920327,0.3137897782063645,0.3730853031096383,0.3039122581606242,0.16069168718541535,0.44568360181743083,0.4402269083734122,0.7801489697233042,0.8031355791625614,0.4002298438642798
0.9742711385968157,0.12258089727737001,0.4730425976327616,0.5552647854416674,0.46849046849046855,0.06797992214871754,0.6834838024429103,0.6760544911488308,0.6538840558126586,0.8348159253211771,0.2777427729757488
0.9036098783905757,0.8395873613360776,0.0921694266455853,0.1885829359755108,0.12058368403546077,0.41381865200859513,0.09965467137169054,0.0496504166267599,0.9352466417685081,0.7966285954829799,0.49478572697491013
4,9
0.9035080897486085,0.8416649731160166,0.09218413644643159,0.18859870645546822,0.1209243431465653,0.41314635576155945,0.09918891517404504,0.04842767295597461,0.9356899939070666,0.7966720379315783,0.49467986762891736
0.987210869908072,0.07383165599857888,0.6438171751167084,0.7392150355590457,0.6763174279730572,0.03773788144429999,0.8003151234643886,0.7963888541796824,0.5816253359493696,0.8252926570519366,0.2452448661759521
0.9445291836331338,0.18503457273592505,0.2899126480794544,0.35661676924456975,0.2891010044294717,0.16860329395690243,0.4568149133042086,0.45051645778818344,0.782969892382943,0.8080318832763166,0.3944459167399165
0.9719987089111481,0.12522621794614497,0.4790138906269553,0.5531547469974056,0.4697918705552294,0.06869536782318345,0.6604897982349103,0.6525421287627826,0.6597473899519829,0.8302809454135164,0.28729844843674923
5,0
0.9873448783451845,0.07363286611399789,0.6454890152782424,0.7401007104303801,0.6817741341550865,0.03752926275240856,0.8001163290595049,0.7942241047362337,0.5805790617436981,0.8245421244063759,0.24619224841749296
0.9038915906858319,0.8496183317708008,0.0920629767894825,0.18912946257718782,0.11995430312262023,0.40828268353554475,0.09818175126062767,0.048122548103866625,0.9359739189963339,0.7968795555032182,0.4932777777910504
0.9444913985698589,0.18048583260216203,0.31357548483874426,0.372169873813378,0.3048619257769585,0.1622886936185189,0.44804043054644416,0.4438031816500185,0.7785350975296448,0.803495046134623,0.3983517551355915
0.973502252303605,0.12285372879399734,0.4657317795773257,0.5466024061175571,0.4665499605258642,0.06978732340211972,0.6786402114032337,0.6721679169508221,0.6574245278199401,0.8344145651576838,0.28107689133387265
5,1
0.973791737163113,0.12295309574116142,0.4631403688524591,0.5456392770919196,0.46511084401709407,0.07016676897606522,0.6842907760223048,0.676842570754717,0.6572141400800185,0.8352061796603654,0.2802054096308737
0.903272028709668,0.8436499406738314,0.09195306648914026,0.18837597345771168,0.12017874962037423,0.4140189202604304,0.09835261260921235,0.04794559908054796,0.9359519797370932,0.7965892825659308,0.4958936345116913
0.9873024614872414,0.0750184219052503,0.6473550785871218,0.7409425827485357,0.6783074377576096,0.03741590201182078,0.7980812222946129,0.7926473448745379,0.5808756964156556,0.8237595434538358,0.24481728138265604
0.9434674905925848,0.18055880418199594,0.3160953800298063,0.374705773026363,0.3093203093203094,0.16013398704085327,0.43711678655916575,0.4316589071306052,0.7791218578303134,0.8032850209254133,0.40157490217172515
5,2
0.9035190285042094,0.8505175425670357,0.09191019244476112,0.18885448714076913,0.12049424005945752,0.41006426004326935,0.09827056731857126,0.04714930270713713,0.936454077536532,0.7967843883870478,0.49459840815350464
0.9875354657536835,0.07296444546850733,0.649696833595329,0.7427296500752469,0.6851559146079693,0.03738250593812591,0.8024010795946428,0.7970147324890149,0.579643488513276,0.824770436161869,0.24463263886403258
0.9450354115816562,0.17909221418196647,0.31038251366120223,0.3702661661559682,0.3048433048433049,0.1619067907434647,0.44719552968132614,0.445567817728729,0.7791857965381732,0.8046225344144173,0.39327090264521103
0.9742975260897706,0.1206492618463906,0.4740883874587048,0.5547970040548982,0.4688613738043397,0.06805756336196729,0.6825307080158877,0.6777243704713394,0.6546699254677981,0.8340288214438202,0.2780646836819637
5,3
0.9034714226458787,0.8408411223998331,0.09222362337116419,0.18866882441184335,0.12095843377894633,0.413430099582649,0.0993232294347533,0.04913401064344436,0.9355034037225282,0.7965839859284511,0.4951747445693517
0.974444506654783,0.12040730999725419,0.476198223000876,0.5575713126128707,0.47016158848219924,0.06753174681790845,0.6831919180453474,0.6778193864323778,0.6545106531932976,0.8340183190916929,0.27655847321966537
0.94614238284564,0.1831975877858279,0.31464695167684553,0.37601929921231714,0.30812058916634083,0.1570422215410465,0.45873120003887546,0.4508324084350721,0.7743844220768622,0.8056925202751697,0.3917197750237728
0.9872292728480605,0.07431411262299428,0.6477800546448087,0.7422652369146164,0.6830484330484334,0.03741326540024745,0.8006118339529121,0.7962526205450735,0.5800014532895654,0.824895420576612,0.2459187829925695
5,4
0.9032738109587048,0.8450245405635027,0.09025834692301093,0.18819529302697813,0.1204486806581046,0.41454044445110155,0.09850327955001054,0.047930455398597804,0.936226682020425,0.7966334174349963,0.4949387366608007
0.9741965189658166,0.12079297786881396,0.4834451068057626,0.5618484296655579,0.4752007252007253,0.06643282214192606,0.6809592204573618,0.6730846197827329,0.652588798323823,0.8328197576042737,0.2778231531865856
0.9451837443514935,0.18190103579098804,0.31174124944616743,0.3729421513407376,0.30493955493955505,0.16030426116828997,0.4496383000100472,0.44742478327383983,0.779156708514015,0.8061828968805189,0.39558885393529997
0.9875526595876257,0.07362139200909326,0.6464906918588497,0.7395526141803964,0.6844560336085761,0.03766722719345797,0.8046877953500096,0.7998464982411257,0.5802593143834823,0.8253559835312024,0.24140899607230756
5,5
0.9036839365380696,0.8414152936901496,0.09229021262782022,0.18869210559335192,0.12036331838312037,0.4126927693535676,0.09943317751849517,0.04926209602092324,0.9355160946952333,0.7967330455289522,0.4936532402769103
0.9742941275587951,0.12187845497307873,0.44397628182769444,0.5307950514344267,0.4498393647329818,0.07465232864264144,0.6928577078225105,0.6900361300682456,0.6610377251416569,0.8390234027731935,0.2785901533868235
0.942828958515633,0.18224846969433223,0.32553334830451386,0.3809615589161702,0.3167271591929126,0.15669933977277656,0.4363191933594744,0.430550529852675,0.7753153439272428,0.8021682977411655,0.40011901684780465
0.9863849856099351,0.0781145282741906,0.6436013531095499,0.7331024540346394,0.670637181748293,0.038451801142104544,0.7872071753112646,0.780892482779275,0.5855250731122723,0.8239082641811908,0.2480421553437871
5,6
0.9874812781921732,0.07302283080543437,0.6447145279819108,0.7394159870356001,0.6889674820709305,0.037627632362423016,0.8009485963338034,0.7976187378009107,0.5791697324296425,0.8249518768201491,0.24552217225805945
0.9034064407198998,0.8417671179822864,0.09233857477417162,0.1887706821182662,0.12085004942147809,0.41297786995660635,0.10048554737880294,0.0484405082787831,0.9353820877961387,0.7966727338850382,0.49591005194169074
0.9743963868381521,0.11950268934627598,0.4702342817662207,0.5535935133318193,0.47233410834943407,0.06807441022515204,0.6813371505077697,0.6752259090580495,0.6546223451671805,0.8356788826504156,0.2759061840228138
0.944583925832849,0.1815821757841546,0.30270328954510906,0.36464431572671085,0.2929756042338824,0.1650818899513275,0.4548364066077451,0.4520304885667874,0.7817721821694814,0.8057932572959907,0.39851045479292596
5,7
0.9741725726176137,0.1206640512235937,0.47061978182704617,0.5533025747364986,0.4714623116110106,0.06831002205717847,0.6825361728002654,0.6757662902433892,0.654795836492246,0.8347041439435685,0.27777963865793004
0.903616020244396,0.8440098355641226,0.09215101838052658,0.1887009930537678,0.12030562030562031,0.4120106113758407,0.10009012053621719,0.048846960167715114,0.9353767983486927,0.7968019659990221,0.49447291201110655
0.9448793824677889,0.18374409259762758,0.30697000111520023,0.3709327445485939,0.30034691939453845,0.16121135283581092,0.4471082113142655,0.4431523552817353,0.778952738255748,0.8055026183614861,0.39757283630654344
0.9874734649678627,0.07288790708554096,0.6511544677903487,0.7464381144819136,0.6868404157136554,0.036890656547849496,0.8017173674014347,0.7980600584639912,0.5793922335820438,0.8235656208525322,0.24649573882533837
5,8
0.9747351357440355,0.11990874365664886,0.4772368915029408,0.5576792698733091,0.47393488614862667,0.06748762964112698,0.6853769970771022,0.678813193144174,0.6538135049037287,0.8350696974122647,0.2767924044597626
0.9035820758269733,0.8434184260328341,0.09202939513849634,0.1888267261428761,0.12050018946570673,0.4122160390706279,0.10024355851813876,0.04907519286178974,0.9355813293013524,0.7967955103191073,0.49412999548434405
0.943606610726002,0.17859114663155123,0.3112131147540983,0.37144538510109304,0.30497625830959174,0.1616023807091039,0.4438909541511772,0.43969811320754715,0.7794515114211487,0.803493627470503,0.4020646819548405
0.9875751972226597,0.07263228233130431,0.6479335026552759,0.7440262929642342,0.6870209863167611,0.0371601736710238,0.802254044714383,0.7981264948179645,0.5791001910106532,0.8241771971969777,0.24593039144657647
5,9
0.9874111960560618,0.07366809163732116,0.6456682411781052,0.7394528401137344,0.6860109131295572,0.037674111108994476,0.7990296767689496,0.7934505916213622,0.580511256546325,0.8251798433118805,0.24565520832934046
0.904680201677427,0.8525191320246301,0.09347642386344435,0.19002092687854494,0.12039239874291424,0.40211656478876345,0.10121488521825789,0.04917331258509999,0.9352946837627835,0.7973817283876548,0.49061276971506596
0.9450051555595391,0.17662763498800182,0.3111226395517743,0.3742284913937973,0.30615961628619853,0.15822712057974087,0.45703731589101687,0.4508000955337951,0.7781920861403597,0.8052314010026771,0.3970097454481803
0.9743096178014268,0.12000593606228499,0.47267759562841527,0.555920651681575,0.4720300275855832,0.06760978079116935,0.6830117424912964,0.6775980832584605,0.6532856149572419,0.8350992249599047,0.2770875944377641
6,0
0.9435809058411156,0.1810959280774233,0.31122320302648177,0.3723067778567771,0.3049711447147345,0.16177071625625827,0.449766466495091,0.4447266569908078,0.7794103721473462,0.804086590029479,0.4015566292019712
0.9743510494871849,0.12157002172053857,0.4636856541430121,0.5485325974936911,0.4663163612579955,0.0691979434324656,0.6829589342282268,0.6773511489611628,0.6559128561141566,0.8363434194027378,0.27627097257157424
0.9035600479468637,0.8488323635713821,0.092448823579377,0.1890960367470148,0.12101619355505377,0.41013013720749375,0.0999094708862221,0.04823540913090196,0.9356533344956134,0.7966777884922172,0.4940366607018484
0.987272924805783,0.07428856422376717,0.6488547046934652,0.7413169724810807,0.6797408578230496,0.037475409440255486,0.7986454142689821,0.7940294649780304,0.5804334292668412,0.8232690403478704,0.24497205504673875
6,1
0.9438470810277076,0.18506170588859594,0.3123908878007239,0.37297742217564256,0.30519480519480524,0.1595069128276444,0.447834693187853,0.44131340357755444,0.7779624458430392,0.8044208010473715,0.39511676201649076
0.9035203581024368,0.8432665487909172,0.09151398264223765,0.18833768138555385,0.12025864476844872,0.4133787417081883,0.09876813178803107,0.04829818719940787,0.9358935870203667,0.7966348227238197,0.4954805260655327
0.9872985659260046,0.07447349862679448,0.648958637185695,0.74322374314896,0.6847948413784714,0.03727850729433742,0.8028019949992725,0.7968441549721342,0.5791002662102801,0.8248806168682574,0.24586705430893946
0.9741839632754814,0.120563087201454,0.47333375530096844,0.5550289794544012,0.4701734701734703,0.06774953221770438,0.6827948500810954,0.6768849712245937,0.6544201523171589,0.8345301807439044,0.2795565619849622
6,2
0.973716008121041,0.12285438724355088,0.4657906487210563,0.5481565008613912,0.4665269879277662,0.06952107118988533,0.679617548782781,0.6731958006020115,0.6575354577373171,0.8350249519131124,0.2797883643647076
0.904419068906862,0.845465752465559,0.09268464657147873,0.18943512843693616,0.12068437337254528,0.4068547151092462,0.1016109045848822,0.04994927977277336,0.935008725252715,0.7972742778399483,0.4907516628700544
0.9432243197182573,0.18293228870972844,0.30715551617190967,0.36835727716920064,0.30031955031955027,0.1643734518210864,0.4459208278910881,0.4412034676185619,0.7812513862857547,0.8043349817631045,0.4024252098250843
0.9874005776802803,0.0730963439164872,0.6460191167832541,0.7389422543195877,0.6789350111825684,0.03769026186102756,0.7981666929028977,0.7938786798598734,0.5812750030407992,0.8243549288022121,0.24375815236758896
6,3
0.9743036047263497,0.12170778394937723,0.4696879549338566,0.5538531480923995,0.4707894707894708,0.06806612112119417,0.6837995722754087,0.6782545348583084,0.6541520050444979,0.8353764432786916,0.2758155936038997
0.9037200960293523,0.8458144013060556,0.09296721311475437,0.18925109749608077,0.12054131054131062,0.40943815776029424,0.10061338289962796,0.04918867924528331,0.9353585350841225,0.7969406893408023,0.4933937305164842
0.9454315934678159,0.17463132048366647,0.3150363695581371,0.37400895230855813,0.3095413294088792,0.15933633073200898,0.44646593958492325,0.441259527677121,0.7783824564454747,0.803984139126657,0.39277297584726417
0.9874492532720417,0.07368360900426238,0.6432718579234971,0.7390187364730695,0.6863722697056033,0.03767092366007052,0.8017606361007847,0.7983359538784066,0.5800915714904499,0.8257088745968457,0.2458516440668823
6,4
0.9874762034260554,0.07323610570698175,0.6458468117769613,0.7394783109550027,0.6848088118991128,0.03769354986975082,0.8018923052057043,0.7963400012620687,0.5804047961815014,0.8252607616530817,0.24503531268956336
0.9032027483256388,0.8390569645734169,0.09194660933440835,0.18817497102678543,0.11964255133654045,0.4158491860229444,0.09880756495419196,0.04872667285287152,0.9355883005845698,0.7965410185647301,0.4970084098075025
0.9442466095680353,0.18375761174849797,0.3168618266978923,0.3745313352804731,0.3079328079328079,0.16007170258983888,0.4453724713947762,0.4406518010291596,0.7767454129784889,0.803180984783764,0.39886290545452197
0.9743623919834176,0.12129549879717991,0.475334751595545,0.555788888938337,0.4693351601748549,0.06781570544194386,0.683504072192741,0.6776465504825003,0.654219146930122,0.834158847530186,0.2770488315970234
6,5
0.9467605220042877,0.17904016123541366,0.3157694341618192,0.3743546347486287,0.30662622920687443,0.15845402228762973,0.46019906463604754,0.4561898965307364,0.7751942499371277,0.8055070672721609,0.38866172026067647
0.9873999898350694,0.07378332055323095,0.6436850611867928,0.7386554806683423,0.6852353436860481,0.03767388868821392,0.8017697261636734,0.7971432367791654,0.5795024042490496,0.8250117476017745,0.24446080296335693
0.9034507962044801,0.8502431958125227,0.0923662858089086,0.18895347259575257,0.12062217617773174,0.40983278426442826,0.09811873380646646,0.0466742900705161,0.9362158723053292,0.7967286490708357,0.4950584665426154
0.9742588898683007,0.12052907491115056,0.47282205891589724,0.5532962744979288,0.46933228542423955,0.06846334589593585,0.6853252432024385,0.6798525265669052,0.6551087402544133,0.8346002875575292,0.2792942876994664
6,6
0.9876435895783366,0.07322022696122035,0.6428093645484949,0.7343794698955995,0.6737177105070083,0.03823766459705438,0.8013701184866533,0.797690414589512,0.5817826622183386,0.8257604807432825,0.24523116912327092
0.9033229648697899,0.8462644457691628,0.09048855705242648,0.18781413194366126,0.11965811965811968,0.41517813334924986,0.09775847473223148,0.04746870913506457,0.9365533727151978,0.7966202115127675,0.4954476586765059
0.9723308185914266,0.12646181412397664,0.47378962811762454,0.5496824112877458,0.4668373851253229,0.069372975109124,0.6673368724053635,0.659070552822847,0.6599494019725108,0.8311819129336487,0.28704411128244456
0.9456262865059799,0.1843216710286985,0.2931147540983607,0.3598051171421254,0.2898656898656899,0.1664729269147119,0.4520711630377058,0.45013477088948783,0.7828591212849547,0.8086073861969906,0.39415000663799626
6,7
0.9745070772046938,0.11902633062769105,0.47429181584071356,0.5564794436319189,0.4720721310759625,0.06790044617008958,0.685296756826048,0.6783922504156724,0.6547990195847249,0.8342383570833605,0.27890540778155115
0.9037384160440977,0.8466964939291395,0.09224043715847008,0.18919190548197334,0.12050551537731047,0.40943644499637133,0.0990563340005719,0.04847605224963719,0.9358293088391597,0.7968824335486556,0.4930922312983592
0.9442879164274541,0.18026742568129933,0.31320103537532357,0.3744178190743337,0.30698005698005704,0.15924571665958598,0.4422324398356486,0.4403426017874875,0.7795478964645943,0.8039626067921669,0.4015795262596128
0.9872399144392708,0.07405439369063535,0.6512605992085925,0.7454203894397586,0.6850476471166124,0.03705192144399859,0.7985386488911678,0.7934287573194534,0.5798669576783231,0.8240618608229376,0.24535003414060685
6,8
0.9443256073761434,0.17902336451056272,0.3076609878924248,0.3686348393483445,0.30340949295197667,0.16258002979809816,0.4463882207157956,0.4428166235047477,0.7794104237235886,0.8051624559395104,0.3959689349649372
0.9876533231470186,0.07202275490831087,0.6494096067866559,0.7453669866711755,0.6913513836590762,0.037034597414438056,0.8011412379442119,0.7956062805119406,0.5791143099821822,0.8242826289146079,0.24573147938970605
0.9036423855529564,0.8417117310287454,0.0925069972011196,0.18874207323406111,0.12053366687513012,0.4124719326533206,0.09953758273642188,0.048927749654855024,0.9353623507511261,0.7966944379179708,0.4950136800127527
0.9746533571545649,0.11760540988249182,0.47301832208293154,0.5570626998921474,0.4743757331992627,0.06762146464798244,0.6838399300240543,0.6773954864964854,0.6546308141639935,0.8350628830340278,0.27875679208820653
6,9
0.9038563246159854,0.8448034204835011,0.09163599866175959,0.18928225742596366,0.12095179952322793,0.40970307863617494,0.10012518018359745,0.049364651520985736,0.9356801604515447,0.7968813470378755,0.4932136512766123
0.9873550187690764,0.07381396575150287,0.645686828716789,0.7415709273980011,0.6857942823460066,0.03746243257241304,0.8016279964107166,0.7975146389069617,0.5799529169555575,0.8247770044851263,0.24468161293880725
0.94387622737924,0.18006532091460048,0.3135658488282539,0.3730389927077074,0.30547429205147336,0.16128700721337644,0.4474688755270577,0.4433329112321134,0.7782057513776728,0.8043409947162322,0.39949935958315896
0.9742687486421464,0.12111465652181003,0.4760928961748634,0.5549282907037026,0.46958905292238634,0.06811399088463055,0.683522023206038,0.6760720411663806,0.6542354064858702,0.8342326507106614,0.2762347805010923
7,0
0.9450904675928041,0.18026078722658945,0.31535411978999245,0.37460616321952334,0.3066867772750127,0.16053483312196848,0.4524382243603762,0.4442224688617585,0.7762369891192721,0.8044084126334449,0.39349979671520524
0.9874813912756819,0.0726008661135924,0.6486281276962901,0.7429639666034027,0.6873594242015295,0.03730732138407743,0.802882671362421,0.7983846408474012,0.5788190470019958,0.8245751891401772,0.24529183009775796
0.9745940358341089,0.12087970227683109,0.47174321111250156,0.5530514347049137,0.4677366738435441,0.06823006566585836,0.6848236329067228,0.678827596139997,0.655277105188148,0.8345682280170366,0.27789101322478577
0.9040791073267438,0.8464229300540067,0.09317767842358016,0.18950587092601795,0.12067973179084313,0.40739184013425345,0.10104765123352483,0.04978082713931814,0.9353208428146905,0.7970260188473377,0.4924046678394558
7,1
0.9455458899849527,0.17795424632757237,0.3088567170534384,0.3718444016754824,0.3049728049728051,0.16116421001089437,0.45539033457249073,0.4539818671894143,0.7795435227472594,0.8057273393501588,0.3935210030373105
0.9034891442655671,0.8418883769652058,0.09215278355662826,0.18863825208698332,0.1206559937524404,0.4134564316385716,0.0996169305379957,0.048941672253615176,0.935407289065155,0.796542964212428,0.49553186823731055
0.9874099256405665,0.07390656670437792,0.6489307391230359,0.7416484380887038,0.6866392610337249,0.03749492211792846,0.8010702203470499,0.7962655872559898,0.5799977779134554,0.8243693382195844,0.2454728480320234
0.9744189115148844,0.11975894117741848,0.47223281230143604,0.5553314094238547,0.47120077740232785,0.06794598989483762,0.6841013227284518,0.6779142898932279,0.6541812989665164,0.8351715713411771,0.27767643316107177
7,2
0.9743919073914362,0.12010624703130868,0.47651137173589064,0.5586230983943702,0.4734862560949518,0.06712138510753353,0.6845144511218537,0.6758594973525243,0.6530410210830742,0.8346775570254582,0.27696202481593934
0.9036210475600173,0.8484067891249989,0.09229087852038675,0.18927285826203366,0.12113375703119278,0.4089893579394957,0.10010485177771411,0.04903725205611975,0.935630188441024,0.7968668812900631,0.49439293062537315
0.9441852760686757,0.18041030543935688,0.3151324085750315,0.3762476017061802,0.30727226240046757,0.1582750240376428,0.45441330664379,0.44954039671020796,0.7760441326557478,0.8045178890424889,0.3977716664614556
0.9871760210440709,0.07440023814759855,0.6473402475744394,0.7430255903020738,0.681212085973991,0.037206051829130615,0.8001795513744532,0.7969965344628418,0.5798967309533598,0.8249371913483953,0.24482507618308005
7,3
0.974065785163871,0.12199447562902355,0.4700287823801777,0.5541394875284911,0.4708357799960854,0.0680255179600295,0.684213513436817,0.6777761774449085,0.6544846153605224,0.8351577906126045,0.2767710049262646
0.9036659602720507,0.8470064908678219,0.09172048352376228,0.18898493653113785,0.12059339837117633,0.41042681334650266,0.09973339341369081,0.04873260910996735,0.9356529492711301,0.7968446638544798,0.4941811788367264
0.9449572631848959,0.18256976020202975,0.31326378539493305,0.3723059389944874,0.3071928071928072,0.16059253661430015,0.45082798242649536,0.4444008821367311,0.7774971489323176,0.8040648161631445,0.39696215074884844
0.9877352389991291,0.0722190164320087,0.644585546063265,0.7399438788333753,0.6863889892058906,0.0376230253699575,0.8040211529399446,0.79794047302684,0.5789743074780254,0.8251513411929523,0.24448850506907088
7,4
0.9747059517970076,0.11972676649826935,0.4734019570466387,0.5542871166852293,0.4698204465646327,0.06797277158515123,0.685931241174606,0.6802398712885769,0.6538669828515828,0.8354670632522012,0.27569528787212216
0.9041787979082451,0.8444314449894665,0.09232184677149552,0.18933995120261277,0.12060294203151356,0.40838351791109817,0.10022001365602012,0.04994224104736211,0.9354726348890015,0.7969407685244188,0.4909364755831954
0.987456779222,0.07279007989104513,0.6497854549455386,0.7421766295539137,0.6831201361402707,0.03742813367684704,0.7994186771787132,0.795238698239838,0.5804338112378258,0.8239479165198402,0.2460701079485897
0.9445587967250544,0.17969485053216178,0.30687177183920944,0.3718203138700388,0.30453108535300316,0.15934770194177067,0.4478535417833681,0.4454639441716205,0.7792044451689446,0.8049449270007392,0.3976220152483988
7,5
0.9432861279784637,0.1792400423842484,0.3129126431619133,0.3707950959723586,0.3045310853530032,0.162559958625574,0.44413606966440894,0.4393900232618247,0.7796787258081765,0.8035952465819016,0.402457799196907
0.9036918618669345,0.8438094025065555,0.09249619739732967,0.1887893974388576,0.11967280523981555,0.41121677820041097,0.09956693366036856,0.048181287687220464,0.9356841371637454,0.7968013700120514,0.49503927687789784
0.9743046113184877,0.12050329655943517,0.4721186810446924,0.5530738446323954,0.4674856195768744,0.06846670585369509,0.683166777389854,0.6784991749766841,0.6544821127391269,0.8352719448938348,0.27899537224996496
0.987490204924064,0.07252964471458298,0.6451681022506252,0.7396464116853779,0.686213723501859,0.037600076545677194,0.8034906433117006,0.798708026862808,0.5791400930569,0.8252855712390779,0.24604346763670296
7,6
0.9036109670023456,0.8438380995683246,0.0918824740635148,0.18873478869665278,0.1206903670671789,0.41223248428236403,0.09897096061634597,0.048710236076929814,0.9357908670476714,0.7967184607180302,0.49419873045521207
0.9738626473579964,0.12317410746073756,0.46117170661615836,0.5440173614385606,0.4632751047093677,0.07056274747744477,0.684251840222752,0.6791851462076224,0.6571177334159485,0.836020773907196,0.2787141546445425
0.9870137875070978,0.07619355092535046,0.6466277156957287,0.7381360120435919,0.6771853034828812,0.037762339562791264,0.7951531366974954,0.7884311549258993,0.5828311157430235,0.8239577137702554,0.24598441616142325
0.945263760070347,0.1828707980586342,0.3157963304744328,0.37480392790833034,0.3068621346767042,0.15911362349162997,0.4442009896846303,0.43938523053854794,0.7775386766380358,0.8058252606557564,0.3938376634524192
7,7
0.943715100669004,0.1817378966382046,0.3123968713168328,0.3730187268479823,0.30515986071541623,0.16111909155201876,0.44320528707145807,0.4393390060426686,0.778993042983849,0.8038141776858299,0.40039081679917654
0.9028975467552481,0.8494262843554755,0.0899913718723036,0.1874023913395529,0.1191482980956668,0.4162582077191547,0.09563686167090579,0.04466732869910567,0.9373412629851224,0.7964628465171836,0.4965447198191399
0.9740158128738007,0.12081971413442139,0.473520628923152,0.5532780826550073,0.4702972918586302,0.06868003151134025,0.6793991238374262,0.672441607631339,0.6565569450524997,0.8337652937171531,0.2790883747259684
0.9872170379307007,0.0749906674126741,0.6492605754900838,0.7433774990455632,0.682176797561413,0.03718562907410361,0.8007512933163491,0.7962528037999737,0.580464237239988,0.8245890168523576,0.24439638100539185
7,8
0.9033475356430255,0.8436799549057624,0.09159942240720309,0.1882806290805647,0.12027810991541577,0.41431036782958885,0.09885008763988684,0.04837227490468243,0.9358122617420152,0.796751753899361,0.4955762386614977
0.9874810203878461,0.073593349358724,0.6448312771111484,0.7410508104317066,0.6854935824007989,0.037548889279804154,0.7999463457632316,0.7946702976074693,0.5809638279841014,0.8244577620772624,0.24458665798293344
0.9744094096709873,0.11935262725697793,0.4748297604035309,0.5559202240441149,0.47104974797282495,0.06787398511369086,0.6821275378896197,0.6766182873730042,0.6549329645528887,0.8332656720228118,0.2796920189040653
0.9445449621938435,0.1822520549566078,0.31418297197250133,0.3739464394102705,0.3070489844683394,0.15984419753656098,0.4439621057680777,0.43992696287279365,0.778242021523028,0.8034986989839501,0.3989754010045936
7,9
0.9875795822778187,0.07374959773056533,0.6457556703346059,0.7399377995688111,0.6875853725168796,0.037680549470852476,0.8005423435351632,0.7975575084001034,0.5798728998150674,0.825159472571734,0.24505430552812396
0.9037989407901241,0.8435879409495384,0.0930539124556361,0.18924274732154023,0.12090639410227039,0.4099210081962291,0.10031426052964393,0.04868702587045293,0.9351371045184024,0.7968927960599236,0.49391985408295236
0.9444349356515103,0.18222877192502102,0.3033536912032573,0.363026055548046,0.2935962609165224,0.16494711538782603,0.4496926403770926,0.4481933653964731,0.7820233277280298,0.8058094559365163,0.39566645031908787
0.9737814531097314,0.12085368708060518,0.47432534678436317,0.555905990596136,0.47355906202060055,0.06770637659061075,0.6784386617100373,0.6700580551523947,0.6553064139389561,0.8336832025937688,0.2797340124169614
8,0
0.9035152411009316,0.8493356813108255,0.09112157117351061,0.18843439511466897,0.11977095145411987,0.41180903238990496,0.09702234163936851,0.04743134690827605,0.9365150302473854,0.7967202853340003,0.49442039464032617
0.9750412968797662,0.11817274508596282,0.47492504943547875,0.5573774276130921,0.4741760617246999,0.06743450674463342,0.6915366033587432,0.6842963071727479,0.652751676887928,0.8352973607607215,0.2739979302412299
0.9873121375467213,0.07453635446300469,0.6536316029143899,0.746167763832257,0.6831374643874647,0.036948992711419895,0.8004827550598925,0.7956761006289308,0.5797467714175005,0.8234849731005751,0.24570409119577508
0.9444816681022505,0.17813244070211937,0.3093475192704376,0.3713442012397624,0.30340936963453524,0.1605920510854715,0.45483640660774516,0.45270523553667363,0.7789171220722496,0.8053909473839795,0.3942400910053337
8,1
0.9871759410565679,0.07508936621304879,0.649042277825712,0.7419473078479293,0.6853301344529414,0.03743186002197686,0.7989695428161481,0.7946904998344917,0.5801854091527564,0.8247073671988435,0.24692755303322467
0.9037192304625923,0.8460918736061456,0.0929232267489043,0.18919807227363244,0.12081464556712057,0.40968387798726746,0.099727630755641,0.04853353259854343,0.9355602774064877,0.7968748651523735,0.49347395355200285
0.9439622132088603,0.1742809153048846,0.3095665843251741,0.36960053607508925,0.30736057448386217,0.16433186110733974,0.4437541375973927,0.4403463427242181,0.7803718781794394,0.8035721155690482,0.3988792519402531
0.9741016753011302,0.12043950858242136,0.4744076708939066,0.5553475370481591,0.4695586733322583,0.06785806547383795,0.6823314862874378,0.6750872196511213,0.6547986621348569,0.8335916226745312,0.27819253593363313
8,2
0.9037903048074689,0.8487423361461692,0.09101706256272984,0.18879405789483805,0.1203994418280131,0.4094315423625258,0.09847507776344738,0.04826723142087058,0.9361627293510784,0.7970116051900346,0.4945468726177018
0.9747218621746637,0.11999859243075023,0.46901639344262297,0.5525162774768834,0.4684418145956608,0.06819908277070841,0.6865313125536174,0.6814658925979681,0.6540177866860284,0.836661595453215,0.27538077280886697
0.9875601587825246,0.0729025977811674,0.6487024173381496,0.7423753246333061,0.6864068762373845,0.0374228265443783,0.8040577153298469,0.7987719859290052,0.5793130968195145,0.8236789538161996,0.24470398028412305
0.9451033246733871,0.17656257629793426,0.3154678264748522,0.375051536245236,0.308893927941547,0.15632044173549667,0.4515590622866247,0.4488769092542677,0.7766627167896318,0.8046262581530119,0.3943276092974399
8,3
0.9745584312341248,0.11847083037923314,0.47159740754860846,0.5528064267378036,0.4721504450186621,0.06862904675796,0.6825451716088874,0.6746379991224221,0.6553731554554643,0.8346271853599005,0.2795197815335591
0.9036037513083853,0.8443315433654668,0.0917208995798664,0.18857904082763022,0.120359632922447,0.41212197957191704,0.09854103229904193,0.048203280553711814,0.9359677954813073,0.7965373259130533,0.49447879480902646
0.9876459486583989,0.07179969309119799,0.6480449516306555,0.7442624712608092,0.6852506216463813,0.03708527862553662,0.8035256873382635,0.7994666311087405,0.5791177967465664,0.824505483899048,0.24545108015973283
0.944745718828244,0.18169984605993644,0.31444283046275157,0.37443585816340785,0.30594323632298326,0.15909982306676512,0.4474377676344643,0.4424170050155242,0.7770759857263831,0.8041225513441658,0.3984288016995134
8,4
0.9429573852407551,0.18277367568470732,0.3183060109289617,0.37765505820488077,0.30891591789027684,0.15808958377544255,0.4359927556953579,0.43050314465408795,0.7771485669644291,0.802988957990065,0.4027406548844783
0.9870957873880308,0.07565693917118321,0.6478532396565184,0.7407044905696383,0.6791867744248699,0.037547856068962784,0.7941860759173558,0.7890514696444615,0.5821281323362354,0.8241536778018039,0.24546849022344813
0.9038994560971978,0.8431061937924056,0.0929999999999998,0.18916029183441035,0.121025641025641,0.41003633646674165,0.10092936802974006,0.04945283018867902,0.9351443885925345,0.7969042496656015,0.49399373133823477
0.973608805107795,0.12170826289128583,0.4595452141723956,0.5438783675462346,0.4641462181784763,0.07123329746174148,0.6812567454131192,0.6784083992696286,0.6590255900300496,0.8355827603005005,0.2820365991543866
8,5
0.9741556188127846,0.12118004347858818,0.4741327439061829,0.5557860116067559,0.4712058644642915,0.06762936311219227,0.681327708394247,0.6730973076107694,0.6541787501978724,0.834909783987585,0.2781798526269764
0.9034259040414022,0.8459257438990615,0.09176821250109629,0.18877742642906442,0.12052653229123828,0.41212703580926124,0.0995765660099795,0.048330138230249176,0.9359542283731888,0.7967696833138872,0.4942830872586119
0.9444571457732632,0.1821390359196313,0.31123172352680556,0.3727949670774996,0.30295680295680305,0.15946657038155965,0.45689741786396065,0.452524222335543,0.7769882110259648,0.8054573306506928,0.3978724394531835
0.9873275491342696,0.07307184652882631,0.6441847585290207,0.7376147176020578,0.6828944328944331,0.03785733246529453,0.8000351652768012,0.7956654767975522,0.5811907709412343,0.8249739167724971,0.2469930428315507
8,6
0.9874333934050874,0.07353372169332889,0.6468272554923609,0.7424213119087624,0.6842548985406132,0.03726878255133671,0.8005588852641428,0.7974329354383263,0.5794387615530433,0.8242198617763717,0.24643675439856522
0.9037668476335782,0.8403061904524081,0.09242779078844643,0.18913504677919224,0.12106000994889882,0.4115567676158254,0.10174858873743658,0.050374363581910886,0.9349021261721329,0.7967153816158743,0.4936749190061965
0.9739735357267466,0.12224304436815292,0.47460611086304777,0.5544710880955581,0.46728080969326113,0.06834152069429036,0.6823514096017821,0.6761177593421921,0.6556104893910215,0.8341661876388052,0.2802967262941626
0.9453109505894682,0.1823443971522004,0.3117036729611953,0.3731920497560964,0.30514984312452675,0.16052544191274137,0.44924944708484305,0.4459995223310246,0.7780998893638706,0.8054587888364546,0.39467877804877993
8,7
0.9729159807628456,0.12469877340628932,0.47610795985788196,0.552534324767482,0.46917552240746163,0.06900628831370544,0.6710955941594695,0.6622856732907668,0.6589907884000016,0.8316389666993617,0.28254693610676246
0.9035843042096373,0.8400723461273252,0.09210438273670124,0.18862293695664312,0.12055933484504922,0.41355378490417327,0.09978377968287683,0.04921062764728523,0.9354140148057608,0.7966910390503451,0.4946309502103897
0.9875587303819111,0.07352009725225839,0.6381967213114754,0.7333754603555565,0.6798955365622036,0.03833065120397809,0.8029491945477076,0.7989811320754717,0.5810176446450571,0.8274275031345247,0.24200169439519992
0.9443270951242039,0.18455941738889053,0.2985021818610686,0.3597110542209967,0.2948410502367338,0.1689680849578026,0.4442512904174801,0.43993484457716836,0.7841999687078429,0.8060068552813336,0.39785970844623814
8,8
0.9036209008494396,0.8473665336528414,0.09278858404824603,0.18912952020888246,0.12060286671685638,0.40990394628382476,0.0991390103434332,0.04837227490468293,0.9355435737050379,0.7967668268791116,0.49458892406621924
0.9741163085851596,0.12233106687008549,0.4681455298921324,0.5526540388924512,0.46869803747127176,0.06830574888242232,0.6823426984148919,0.6766781230272848,0.6546875309852924,0.8352528677822149,0.2786314353167671
0.9441524847416141,0.18529766835675465,0.31046160483175156,0.36935011634606985,0.3027065527065528,0.16392809943910558,0.4408873018978674,0.4359483614697119,0.7802423709046954,0.8040333891710987,0.39703702055105966
0.9874116132946389,0.0735552009223846,0.6469255104975554,0.740850929361528,0.688489028839906,0.03756222450475838,0.8019565642731361,0.79785501489573,0.5798132230453048,0.8251897926371445,0.24334151195656759
8,9
0.9745153139909143,0.12085885580477707,0.4744546275977798,0.5552859931632294,0.47115104201718383,0.06779024119251878,0.6822585838480226,0.67781904620413,0.6534322404918939,0.8340227537923355,0.2757266443137006
0.9034752077839909,0.8468420932362907,0.09186951482033429,0.18842439175012698,0.1193415637860083,0.41226889049894055,0.09935789117945254,0.047112635791880686,0.9360031894654408,0.7968603968820608,0.4945261030844257
0.945362877063499,0.18186194638477343,0.3120564432454866,0.373508939567709,0.303581088391215,0.15962978207981912,0.45600207049080044,0.44958203964652493,0.778181048498104,0.8049772625571846,0.39712581488225857
0.9875633118801802,0.07286578520840514,0.6454251517386124,0.740326953472373,0.6839775628702967,0.03757504570535805,0.8012888951775767,0.7937977410720114,0.5799622813232579,0.8243707285794083,0.24496504707612077
9,0
0.9744038037392981,0.12073430643696259,0.47493968450355706,0.5568759505931759,0.4722894156856422,0.06724515192467487,0.6824156554674896,0.6792452830188678,0.6539038486849766,0.834148178196019,0.27843732746850963
0.9034147300451411,0.8411193856353736,0.09164797238999173,0.18856156042598315,0.12127755285650021,0.41414282103542305,0.09868910193699876,0.04848063555114174,0.9356432088633594,0.7965412944924979,0.49512344540295916
0.9876416192513323,0.07255217952488882,0.6489005762882558,0.7421412854224424,0.6841204554515135,0.03749732789648173,0.8013753378078334,0.7963552063880481,0.5808428717678695,0.8242408110002102,0.24609364330889716
0.9432842853658072,0.17736644792579848,0.31768306010928965,0.3787011905294081,0.3115479582146249,0.15752452232553385,0.444089219330855,0.44435220125786157,0.7780190808370973,0.8030683863184084,0.402685958773863
9,1
0.9033006877647003,0.8460111898235714,0.09262295081967226,0.18885141696550917,0.12079190650619237,0.4121566796229067,0.09913891207040443,0.047939930689257004,0.9358518335524635,0.7966671183990334,0.49473773085390604
0.9880012698492878,0.07135363661746044,0.6497072599531616,0.7457888509878442,0.6939763939763939,0.03697643740238511,0.806757833244822,0.8022506738544473,0.5772328756081851,0.8242167974942648,0.24427322289780284
0.9441303030260091,0.18227321149022074,0.31195268727951864,0.3724122318738328,0.30480724151610233,0.16142983200396288,0.45002588113500547,0.4440171960831143,0.7776428011198686,0.8047958385053666,0.3985495719183473
0.9752172418530497,0.11665727219201413,0.47765772478887236,0.5607383290649891,0.47788785288785296,0.06618120318852158,0.6876619353385153,0.6816609491137792,0.6504348988448312,0.8356558855294844,0.27510245522997684
9,2
0.9448460225315074,0.18680851876223617,0.28750455373406203,0.3540125522766484,0.2872427983539096,0.1719651729997086,0.4454908440038552,0.43977638015373854,0.7857463639265059,0.8068118380320558,0.39540039423167317
0.9034719298621804,0.84777776291334,0.09233585753515855,0.1888111995929438,0.11986058686566275,0.4108108679336881,0.0988998546977905,0.047696580787280674,0.93592412031936,0.7969049907150803,0.49520583539456364
0.9875004552316408,0.07360785464361516,0.6416938110749186,0.7369308970983253,0.6788886104847017,0.03791782890885302,0.8000678105663395,0.7967303792022616,0.5812031600234726,0.8251706242680111,0.24490623409036594
0.9721950104736763,0.12459041767219789,0.47101715298436614,0.5481325174631592,0.4673464673464674,0.0700403142928942,0.6688435647543454,0.6614409557805784,0.6607836000019033,0.8323342516108327,0.2853137146063685
9,3
0.9034977355745736,0.8422398383455132,0.09219476388549064,0.1887095923003369,0.12056526484387198,0.41288169350448123,0.09928054892822141,0.048699896742701476,0.9355290637497806,0.7966107880983927,0.49566068666351304
0.9741039766060374,0.11908396551786576,0.4760128132654985,0.5553386045500862,0.47219220399297035,0.06793548365628495,0.6834166559842756,0.6768741415455793,0.6547799568277708,0.8338237093935295,0.27998789845966965
0.9447966363870159,0.18315666267509484,0.3190533058299859,0.37783582578690666,0.3092205807437596,0.15521459741500582,0.4479676998449002,0.44320879670123703,0.7758273390092609,0.8035191110663974,0.39718273047324065
0.987301115393074,0.073881941096989,0.6455220017256256,0.7399256489007096,0.6853101414504925,0.037566929994855336,0.8018130828931063,0.7954849387619993,0.5794201599608394,0.824647427367533,0.245955779943282
9,4
0.9863903426188428,0.07813500070422677,0.6438217213114754,0.7343578611468067,0.6743144586894588,0.03817089155256974,0.7879182156133829,0.7822405660377358,0.5846837171727552,0.8236958879379919,0.24590698364904015
0.9037412823720767,0.8441162679835681,0.0921395544346365,0.18884267814918398,0.120052596975674,0.4112519092569159,0.10037174721189568,0.04963715529753243,0.9354013446545276,0.7967572408128478,0.4941175206327293
0.9425326523324383,0.17999015325728743,0.32173815405344713,0.37835263875039166,0.31268781953713465,0.1580694477297953,0.430259204562815,0.425898164900491,0.7779038622604731,0.8018286570895936,0.40587182316875026
0.9741621219703023,0.12199412539962703,0.4423601023725531,0.5280477431882383,0.4497217113250869,0.07531405218064599,0.689787147271501,0.6858371148793885,0.6628539187525668,0.8388985133108705,0.2777234115998416
9,5
0.9458549107601373,0.18326017524641786,0.3087043892120572,0.37056416165115125,0.30217810862972155,0.16279948384459964,0.45465883199424395,0.4507121119902616,0.7791858048632003,0.8055939743254832,0.39174091468914257
0.9039428522397348,0.8474726616138926,0.09207650273224066,0.18896004154060503,0.12011811490978169,0.40938660127379856,0.10120430607187103,0.049331761006289276,0.9355011925523211,0.7971621774492396,0.4931682870783895
0.9874059684464895,0.07309261342688902,0.6457520851308597,0.7417661055805612,0.6842105263157896,0.03737530451243058,0.8020739581295246,0.7994571333995364,0.5793310728606516,0.8250539138577627,0.24412854232967907
0.9743783610014449,0.11902874203829275,0.4750400591643042,0.5563480530779727,0.47128505023241873,0.06778993117308446,0.6854822930933282,0.6783799120442615,0.6541266610309133,0.8341464084178876,0.2776680669610708
9,6
0.945463380223816,0.17719529140743734,0.30944672131147544,0.3714410711976077,0.3032763532763533,0.15943207507407783,0.4589219330855019,0.45582547169811316,0.7775812987279467,0.8061734194932791,0.3934368018117896
0.9032740301773817,0.8438364275509622,0.09103483606557361,0.18810666750348554,0.12053359449192763,0.41503956140799014,0.0973513011152416,0.04756289308176126,0.9360402988647272,0.7964815131551133,0.496097706331339
0.9871946764099504,0.07499733929446162,0.6484554477528717,0.7406277673101674,0.683276159466636,0.037589560704224534,0.8004324406342461,0.7950455653959696,0.5806088951789187,0.8249798258006913,0.24677559479660274
0.9740585517741036,0.12145821552037298,0.4737054384595368,0.5558672980213202,0.4709559987337766,0.06779228925315574,0.6800761196671978,0.6722970949386042,0.6533346685685648,0.8342211704982185,0.2763207196895728
9,7
0.9873315941496483,0.07371798398280904,0.644953719192595,0.7379852021462575,0.6804465375893948,0.037808510039348306,0.798042637129201,0.7917982287254525,0.5813547310594342,0.8251089199227529,0.24383395632857563
0.9036829225665753,0.8452312078643758,0.0920591763294683,0.18890047232412704,0.12051976930025732,0.4108209745630716,0.09912050049868498,0.048485964104924284,0.9358910395628399,0.7967613716069685,0.49331714379281644
0.9739380583094351,0.1235896899803881,0.4620449009151359,0.545789417071624,0.46447899861554487,0.07002963319508747,0.6810438781146892,0.6744108509509738,0.6584367836549337,0.8351803205942542,0.2784981852069433
0.9453617652090364,0.18533628428409196,0.31103825136612023,0.3717768267246486,0.3029439696106363,0.16189094376894517,0.4498884758364312,0.444125786163522,0.778371289837234,0.8050498080757865,0.3951756292471463
9,8
0.9425079585774722,0.17986048517104286,0.3081736319556684,0.3641342119744956,0.3014325267846395,0.16715098499446662,0.4295774647887324,0.4249269200106298,0.7833333092523156,0.803002291245568,0.405026338466008
0.9859415387101284,0.07937590009923343,0.6485981308411216,0.7382844401411577,0.668947644025526,0.037781140154448625,0.7844329407404835,0.7791688708634572,0.5856512462976687,0.8222636820020908,0.24996997065709492
0.9041036640559555,0.8447502719419067,0.09311475409836045,0.18949897436769925,0.1207538899846593,0.40772348458053975,0.10073396244399946,0.049559748427672634,0.9352456256641758,0.7968829213680314,0.4922715452065056
0.9736695031176397,0.12473069659107913,0.44409223862322295,0.5299686289185865,0.4487002163350712,0.07448651081309908,0.6840302950839903,0.6786502779300085,0.6616863210157398,0.8375785996454488,0.2795474062626331
9,9
0.9873909571913044,0.07320232340001545,0.6491918725467558,0.7431511594522546,0.6840315396653427,0.03736520096362379,0.8009974344206503,0.7962795641775178,0.5798874597606173,0.8246575496794257,0.24682086226047686
0.9037612594493396,0.851312174989127,0.0912568306010928,0.18871758154517942,0.11938473049584153,0.4089815726489375,0.09875708760467111,0.046540880503144366,0.9365811375967331,0.7971151336616744,0.49364634102865423
0.9445350448483839,0.178898476915837,0.31443265830922534,0.37468857989300874,0.30936819172113295,0.15825890486980526,0.44821051097018727,0.44338389443827847,0.7769963203445813,0.8049713750859692,0.39593965315317564
0.9744609638095474,0.12170809154946538,0.4725534028812718,0.5546721767780989,0.4699991366658034,0.06804340598691523,0.6846203672411852,0.6781160663236134,0.6544574800114419,0.8350512165395113,0.2769513378795295
