0.0,0.28157485689552436,0.00034950499390563547,0.7843248654657564,0,0.00021855298843682306,0,0
0.05140075576910268,0.4667562709582813,0.0006382730004185964,1.3809094991631086,0,0.0019382377935094508,4.706986869087041,0
0.009449392843732182,0.3181953765596301,0.0010618086016511812,1.2796981016123465,0,0.0006769464517090883,5.334933153103406,0
0.003177974779632546,0.24421234132445557,0.00041284201748619475,1.0955554886938887,0,0.0002648161126330584,0,0
0.05146819086815345,0.46720601688442054,0.0006334351883402242,1.4479541273883334,0,0.0020599707684782896,4.706986869087041,0
0.007377504031270694,0.2867169545264983,0.001171943376410625,1.2869423691793362,0,0.0007369556106762571,5.334933153103406,0
-3.3306690738754696e-16,0.2706549130162134,0.00032637995120767004,0.7665962950530023,0,0.00019973576384408579,0,0
0.0030236177058221604,0.24497441513631144,0.0004205373491734914,1.0916974291681545,0,0.0002662183078478828,0,0
0.053009145149942864,0.45763025445534355,0.0005594272398867647,1.4306448790500474,0,0.0015836731892076327,4.706986869087041,0
0.007499438150816759,0.2922751303923894,0.0011872672353522172,1.3081343349689913,0,0.0007410951768689428,5.334933153103406,0
8.881784197001252e-16,0.2758214202415329,0.0003270005495096682,0.7574519216832118,0,0.00020153416112867663,0,0
0.0030343040678135827,0.2523932156149505,0.00041940243637629765,1.060677623034776,0,0.00027352715562768714,0,0
3.3306690738754696e-16,0.2737971602439433,0.0003392544195157709,0.7525885501482426,0,0.00020858699448109963,0,0
0.06330716834299792,0.4667967241719054,0.0005771139322144102,1.4236637241316576,0,0.0017653790152138268,4.706986869087041,0
0.0066044376164344845,0.30096852206253766,0.00117650265609208,1.1687314428928175,0,0.0007518199246932941,5.334933153103406,0
0.0035941739829708184,0.22682964079240048,0.0003966119109340492,1.0872761543276361,0,0.00025036496138230205,0,0
-3.3306690738754696e-16,0.2472095984783838,0.000434058620592805,1.0706115623507941,0,0.00027975973693054846,0,0
0.0062641832461763775,0.2895711674611511,0.001091279124352251,1.2435075132266495,0,0.0006770144402685903,5.334933153103406,0
0.06312625761507695,0.48665504557012507,0.0006272420759096506,1.4066210114321418,0,0.0019150753018948223,4.706986869087041,0
2.220446049250313e-16,0.2730065787433076,0.00032135571390336465,0.8174920724793299,0,0.00020236064353845894,0,0
5.551115123125783e-16,0.26840549944932063,0.0003371402791521796,0.7298211010276864,0,0.00020452617900572077,0,0
0.06885650453674748,0.5209434574820403,0.0006568358952600208,1.390152558660472,0,0.0019324774475952477,4.706986869087041,0
1.1102230246251565e-16,0.2788696785544606,0.0011219790845050617,1.2796919655823147,0,0.0006788189916021068,0,0
0.003118955219922885,0.24202678469034478,0.0004009039384013144,1.090435834291702,0,0.00025602272642359533,0,0
0.0,0.2723787586994987,0.00034284135293138874,0.7305931000476946,0,0.00020862803807566874,0,0
0.04547446832470229,0.4806528367157907,0.000610484608935236,1.425690952769534,0,0.0009943577585501792,4.571616752985407,0
0.00684637717777975,0.2915321294921246,0.0011625595667576632,1.3289981094293937,0,0.0007131020465628743,5.334933153103406,0
0.0032663971805564143,0.25074188929526764,0.0004244948708747398,1.0936811348447213,0,0.00026686396921079614,0,0
2.220446049250313e-16,0.27643096924042326,0.0003479028611570137,0.7329691931981471,0,0.00021304072962891431,0,0
0.04672088395279617,0.45837606288188026,0.0003816020149178425,1.4598191251453645,0,0.001033954687764984,4.842356985188674,0
0.007104856208474994,0.2991107426900155,0.0011421953498516508,1.3030424342407896,0,0.000719753959100115,5.334933153103406,0
0.003293692631011466,0.2540441460856823,0.00039901564521188805,1.0996348733337227,0,0.00025648279780900776,0,0
0.06321852624459443,0.45499701159017836,0.0005959973736030981,1.4618889737012033,0,0.0019015936912659217,4.706986869087041,0
0.007111955032404159,0.2831925441767217,0.0012206650714376521,1.2917080457697212,0,0.00073381361953857,5.334933153103406,0
-3.3306690738754696e-16,0.2772228010265422,0.00033802585636306015,0.7716838094715619,0,0.00020875360371561843,0,0
0.0029111063804668595,0.2592246389635071,0.00039347447258926286,1.0483258888059075,0,0.00024969714904450764,0,0
3.3306690738754696e-16,0.26753476766203527,0.00033645678586048525,0.7849332508263343,0,0.00020641837501335044,0,0
0.06488187331162987,0.47982504582515456,0.0006256484722489291,1.3896824361893054,0,0.0018383008321451628,4.706986869087041,0
0.006726296949114363,0.2876724461188367,0.0011243625941288215,1.2839546427992983,0,0.0006931217618678502,5.334933153103406,0
0.003377464301786426,0.25630926939263693,0.0004158416982688406,1.0881071525200499,0,0.0002721932641812858,0,0
0.0031468632271369062,0.24639252414983467,0.0004068016015154539,1.0860115867282496,0,0.0002631346773806833,0,0
5.551115123125783e-16,0.28879102062853357,0.0003486591198841236,0.7765528345697386,0,0.0002194811648731834,0,0
0.006489848865664713,0.2912225237090396,0.0011046111939942483,1.2863000332892751,0,0.000680789036945025,5.334933153103406,0
0.04901721870623972,0.47865492317746444,0.0005243199121685082,1.430652967628963,0,0.0015234506205343645,4.706986869087041,0
0.006489342186977984,0.3020204010303156,0.0010803067833463139,1.2879282972238166,0,0.0006890386884459982,5.334933153103406,0
0.05868865323266421,0.7534221854632829,0.0006759122923841348,1.4731960923344842,0,0.0019043218696015148,4.706986869087041,0
0.00320418688252112,0.260510412338832,0.0004028163803053266,1.0982063059137532,0,0.0002614403316155292,0,0
6.106226635438361e-16,0.27943109940208594,0.0003299570199216593,0.7428746064612258,0,0.00020243065362941817,0,0
-5.551115123125783e-16,0.2711582172344714,0.0003315953728867551,0.7449442107734543,0,0.00020354625344722675,0,0
0.0595477472734243,0.4834559132450827,0.0005947139422482388,1.4220812142115373,0,0.0018781770337023163,4.706986869087041,0
0.009565970942547727,0.3222712167477314,0.0011534634236547694,1.3574600565863837,0,0.0007298181793607636,5.334933153103406,0
-6.661338147750939e-16,0.23929151264466533,0.0004251886454110367,1.081811378519562,0,0.00027583150389557314,0,0
0.006844361704207422,0.28474526750533924,0.0011430257399776625,1.279364634406269,0,0.0006908575844379324,5.334933153103406,0
0.05223113547129211,0.44230321575744874,0.0006215041035888824,1.4830068053279615,0,0.0019738487982598825,4.706986869087041,0
0.0033073690921617167,0.25226107449566393,0.00040645887535946395,1.0707495930149495,0,0.000260457923119278,0,0
3.3306690738754696e-16,0.27233399325787333,0.0003386963086374692,0.7400804704966077,0,0.00020651491858281887,0,0
0.003351924466571312,0.23626368591767205,0.00041069256501882165,1.127714526583481,0,0.0002602159718465979,0,0
0.054292594544348184,0.4489277878878096,0.0006464003677493235,1.394260819197935,0,0.0020342189043832666,4.706986869087041,0
1.6653345369377348e-16,0.2752069712496317,0.00032585724724154016,0.7325481117734058,0,0.00019970224247144056,0,0
0.006016268747014962,0.2932212782495867,0.0012068936668749172,1.2815440488385592,0,0.0007466444547584866,5.334933153103406,0
0.0716273718462325,0.483293380256154,0.0006617403728579042,1.3667266126773416,0,0.0018864397734658423,4.706986869087041,0
-8.326672684688674e-16,0.2826557035574634,0.0011442675735461915,1.2138185126196808,0,0.0007017855782710224,0,0
6.661338147750939e-16,0.2684659632764332,0.00034067699173044927,0.7732420006759267,0,0.00020859748412073445,0,0
0.003056331413436794,0.2546537787294138,0.0004065489777630717,1.1162994431601723,0,0.0002626180981732523,0,0
3.3306690738754696e-16,0.2678677702454336,0.0003445703534162457,0.7932459411782545,0,0.00021153551254157296,0,0
0.04598566510892503,0.4849350540087054,0.0003800245458255622,1.4655006614972432,0,0.0010166098518662751,4.842356985188674,0
0.006159807425910206,0.28796046622805516,0.0011296166255963156,1.2989330442441904,0,0.0006902448320251666,5.334933153103406,0
0.002843928432242935,0.2502993500750401,0.00041105870493583747,1.0868196448037735,0,0.00026350361828376354,0,0
-6.661338147750939e-16,0.276543359678217,0.00033306442627505263,0.7725454204882383,0,0.0002051865126809245,0,0
0.04711183658724975,0.4568412330146121,0.0006238029055342266,1.434172705922802,0,0.0010474427284454992,4.571616752985407,0
0.006145673521368175,0.28199432514840117,0.0011661944606265035,1.2662437477301,0,0.0007175277776554896,5.334933153103406,0
0.003087995731096454,0.2625062316798976,0.00041180507666334056,1.063933794671738,0,0.000269227284490777,0,0
5.551115123125783e-16,0.2732546650754743,0.0003475671378451755,0.7657542924271864,0,0.00021433347164550093,0,0
0.06440230881414381,0.4774772938157681,0.0006277947436443754,1.4149880296971462,0,0.0018281759994489039,4.706986869087041,0
0.007368925763855519,0.2843228806399457,0.0011077909080592317,1.2910916174565719,0,0.0006788487761074219,5.334933153103406,0
0.003169617847231382,0.25491543178541964,0.0004121603171309655,1.0524263244706198,0,0.0002622589226618544,0,0
8.881784197001252e-16,0.2716938038407083,0.00033715931481660856,0.7711484751618979,0,0.00020613593579429747,0,0
0.05953120839334414,0.47369011158637975,0.0005768828793666406,1.4181843428563066,0,0.001849992082504707,4.706986869087041,0
0.0076872281186712785,0.2908225886191713,0.0012300033235070227,1.2888171474881776,0,0.0007754124914221178,5.334933153103406,0
0.0031105315206114495,0.24611146549718838,0.0004105809412855799,1.0508721322994279,0,0.00025529550678072643,0,0
-4.996003610813204e-16,0.2683478978127052,0.00033737464847172585,0.7474784011086703,0,0.0002051900912315873,0,0
0.0031291005111989297,0.24516336686881415,0.0004176250326967956,1.0999660301079124,0,0.0002682136204389383,0,0
0.0519002754219783,0.47111413286168874,0.0005050870464832922,1.4862421053483532,0,0.001538009563433801,4.706986869087041,0
0.006606567888958359,0.2866154016385381,0.0011821405915017824,1.2799829401602647,0,0.0007166458899237595,5.334933153103406,0
0.05452007609418745,0.4754149533042761,0.0006839379473971797,1.3470440237843113,0,0.0019843475495529483,4.706986869087041,0
0.006722617273995396,0.2853426180037506,0.001081249986133348,1.2742210788573454,0,0.0006719921127016362,5.334933153103406,0
0.0,0.283004446434452,0.00032541832065210443,0.7641002358231801,0,0.0002034505468021031,0,0
0.0033625913702159636,0.2501430375623073,0.0004227810837493654,1.0299833974056576,0,0.0002629262933827649,0,0
0.0031468632271369062,0.24425876545600705,0.0004135869853947866,1.098342994156924,0,0.0002664629219858871,0,0
5.551115123125783e-16,0.27123671747239136,0.0003275260654379751,0.747523498073756,0,0.00020034425996815768,0,0
0.0067232384615431295,0.299594868287441,0.0011520964353329,1.268430878657346,0,0.0007389340573032669,5.334933153103406,0
0.052188298986833165,0.465009159452336,0.0006351131926794226,1.4233149483856524,0,0.0020859209575577573,4.706986869087041,0
3.3306690738754696e-16,0.2460477233575438,0.0004126404477353037,1.092337285190267,0,0.00026302619935666277,0,0
0.006724104710008019,0.293824952233391,0.0011607143933905703,1.3235698158949534,0,0.000712883524998911,5.334933153103406,0
0.05925751370543269,0.47385272250989796,0.0005800272414591296,1.4074425153185728,0,0.0018472921505474512,4.706986869087041,0
6.106226635438361e-16,0.27963796518720224,0.00033712227233874886,0.734054248009649,0,0.00020631010266488895,0,0
-3.3306690738754696e-16,0.2741200389562061,0.0003285395480782584,0.758850761566942,0,0.00020295831750633052,0,0
0.06820074558561717,0.4779422566351835,0.0006509731410144092,1.4244201088044735,0,0.0018732524863738337,4.706986869087041,0
0.007101954618023598,0.2906890639121445,0.0011627199614739005,1.302693287385043,0,0.0007236319489432162,5.334933153103406,0
0.003122502722220557,0.2418026574163098,0.0004258174887098585,1.088719974240477,0,0.00026909715454593425,0,0
2.220446049250313e-16,0.2762791358403299,0.0003407176301495793,0.7741966168356919,0,0.00020996567516437861,0,0
0.05308728845946428,0.4469659577755197,0.0006467761532518632,1.4117446646455138,0,0.0009554583704818815,4.571616752985407,0
0.005830110552533331,0.2825820084160901,0.0011581839648568102,1.277462193193843,0,0.000696844506391274,5.334933153103406,0
0.003138351698452606,0.2565209921095968,0.00040882806555705596,1.0670441050422672,0,0.00026006880019948406,0,0
0.008829338816388588,0.31013834657497946,0.0010986945018962452,1.31215746337676,0,0.0006981086118745119,5.334933153103406,0
0.048674474608933316,0.4741230418445097,0.0003908794034171605,1.4387915633215727,0,0.0010166861021045281,4.842356985188674,0
0.0035247937691093058,0.2537325964556732,0.00043322961252033473,1.0361739850026537,0,0.0002779435583228241,0,0
6.106226635438361e-16,0.27062368455070274,0.00032110618571847617,0.8290574777294857,0,0.00020031082122953748,0,0
2.7755575615628914e-16,0.2640877437413901,0.000352614039332068,0.7384079466857971,0,0.00021222578665395646,0,0
0.060504203463833485,0.4851624180589617,0.0006025388304423849,1.4348758607931424,0,0.0019288065860796051,4.706986869087041,0
-8.326672684688674e-16,0.29293519535165524,0.001124177799955767,1.2807499303516576,0,0.0006952592447732055,0,0
0.0029572014916956595,0.24101113893144274,0.00039646896726706514,1.069179167978144,0,0.00025155905664503913,0,0
-5.551115123125783e-16,0.27695131100201914,0.00033602884354843427,0.7604778719873184,0,0.0002080439167785741,0,0
0.04801710816635758,0.4684246174102076,0.00039153763922209725,1.450371122199261,0,0.0009941717958008077,4.842356985188674,0
0.007623245558227888,0.29268430129770895,0.0011981954481102737,1.2760454302980448,0,0.0018184074295398288,4.9532749530444065,0
0.0048313411888505145,0.2513535630136709,0.00042743260201415293,1.023714710686446,0,0.0002684713797446024,0,0
5.551115123125783e-16,0.2779398699486841,0.00034116884944964884,0.7623877420687887,0,0.00021072912339810144,0,0
0.059772629000676786,0.47870012562303754,0.0005846702648744181,1.4205872803800783,0,0.001868877528531034,4.706986869087041,0
0.007107496452958419,0.28082340984581866,0.001197201307597404,1.26911198001841,0,0.0007259508928722546,5.334933153103406,0
0.0031521451503169866,0.2737456646417475,0.0003926247060326736,1.0812414341287846,0,0.0002604777593997162,0,0
-3.3306690738754696e-16,0.26736865785594505,0.00035385548414804336,0.7471374088200288,0,0.00021472748107070766,0,0
0.04826325984037541,0.4747934413598637,0.0005854376223197157,1.4590003237703484,0,0.001985134168872605,4.706986869087041,0
0.0066053087574318575,0.2857615887645019,0.001094873088860349,1.2914061066916591,0,0.000686690739773354,5.334933153103406,0
0.002982263996782579,0.24830997251844064,0.0004262964848652391,1.0905766093322078,0,0.0002799333711398706,0,0
0.0,0.2670750023403327,0.000342177080261268,0.758737273319356,0,0.00020732278066132404,0,0
0.035544936717643846,0.48507225381383323,0.0004106697567310509,1.500075377791358,0,0.0011335549837166725,4.842356985188674,0
0.007494351264801566,0.27260137192290085,0.001200431607770922,1.2569247986876233,0,0.0017815050141904674,4.9532749530444065,0
0.0032898797294347373,0.24575573831874742,0.00039911372504469945,1.0878231717850373,0,0.00025349645310345984,0,0
8.881784197001252e-16,0.2709497012264073,0.0003355913435806315,0.7497826884677139,0,0.00020562729150348967,0,0
0.05544629282109823,0.7550858968261589,0.0006397968988097105,1.4705087010453362,0,0.0018340203599780307,4.706986869087041,0
0.007095403314477611,0.2900996582217354,0.0011319852337669087,1.2504214708536499,0,0.0006924931182080106,5.334933153103406,0
0.003269098685599856,0.2555876106762156,0.00039435658599708907,1.077243338253728,0,0.0002567160256492492,0,0
3.3306690738754696e-16,0.2743290930669379,0.0003416155887658895,0.7903101664647728,0,0.00021157807504041756,0,0
0.06081067147726418,0.4894778885299786,0.0006384572995870673,1.4199981095843617,0,0.0015408465776154377,4.706986869087041,0
0.006489848865663991,0.28674734935972007,0.0011247354322850513,1.29909593556922,0,0.000692664813115094,5.334933153103406,0
0.0033477875398542807,0.24988571484700564,0.0004105804437439892,1.086445612767009,0,0.00026441277035564695,0,0
0.0,0.2699417809606976,0.00033728549146999425,0.7638145378249813,0,0.00020734037099211415,0,0
0.06411058358511224,0.47892380313016863,0.0005834568754646172,1.417573065535501,0,0.001819780183053536,4.706986869087041,0
0.006376903262331993,0.29310410506447293,0.001107023061726309,1.2712954685479474,0,0.0006884578712077617,5.334933153103406,0
0.003333512442052374,0.2522302583573202,0.000420226931093967,1.061470611073652,0,0.000268904803625352,0,0
-5.551115123125783e-17,0.2545983992814186,0.00041289581941182717,1.0692039032746248,0,0.0002639554933679407,0,0
2.220446049250313e-16,0.26866082821364085,0.00033584618069356156,0.758375340013369,0,0.00020346678623978125,0,0
0.006489772673252417,0.2825800899032877,0.0011798731481671384,1.306240559445943,0,0.0007047144486709735,5.334933153103406,0
0.047423885470209384,0.44108481435614244,0.00035503795421070345,1.441078134436604,0,0.0010434167228345506,4.842356985188674,0
0.0,0.27834789934681026,0.0003358238604232412,0.7493875268915707,0,0.0002108590398425253,0,0
0.06030993242212439,0.4787228025415199,0.0006075025338612933,1.4204646127720362,0,0.0019185745891483216,4.706986869087041,0
-5.551115123125783e-16,0.2932188844908061,0.0011675789153708005,1.27709469337253,0,0.0007143361848309218,0,0
0.0030619069438133466,0.258273770419366,0.0003974874937492025,1.10562210028503,0,0.00025709462760686457,0,0
0.005509593115650822,0.30978737120457717,0.0012780722551651324,1.210913675821305,0,0.001998335278354701,4.9532749530444065,0
0.03428818355374157,0.49195410613272567,0.00043643964020751374,1.4899776933026125,0,0.0010559879494224363,0,0
0.005209624889233294,0.25033682791898054,0.00041799663274427095,0.9579792842569589,0,0.00025164373005751397,0,0
-3.3306690738754696e-16,0.2806783094439703,0.0003153042490545366,0.7468263250576493,0,0.00019748123081185287,0,0
0.0,0.2809908889450216,0.0003394975608403422,0.7514653902186397,0,0.0002067632236425093,0,0
0.06252098373886436,0.45840973682414626,0.0006080139845050704,1.389725504890298,0,0.0018628621228476006,4.706986869087041,0
0.005391882841165832,0.30361902059830204,0.0011085224250407992,1.1660417051652434,0,0.0007203889911634877,5.334933153103406,0
0.0031724841588540303,0.24429974781691502,0.00040460647750204524,1.0752392120172132,0,0.000254194885286176,0,0
-4.440892098500626e-16,0.2723462545520452,0.0003406593770455146,0.7773300933372322,0,0.00021010619183381787,0,0
0.06493343843233947,0.4473168458466662,0.0006104491498477274,1.3705757544170343,0,0.0018170103389598194,4.706986869087041,0
0.006974590679384315,0.29995925664435946,0.0011665604306115656,1.3405380355948173,0,0.0007291554243699395,5.334933153103406,0
0.003091475053831602,0.25786931338959884,0.00041473403305445066,1.0789485102420988,0,0.0002685734278988536,0,0
3.885780586188048e-16,0.2743967398676409,0.00033553606716053245,0.7370776308039444,0,0.00020750174350651896,0,0
0.06625779024996595,0.4800283963200347,0.0006189491484755122,1.423988618006903,0,0.001783362181017966,4.706986869087041,0
0.0066064922289284025,0.2912523927731132,0.001106625292252929,1.3103624481341822,0,0.0006907375554861046,5.334933153103406,0
0.003269098685599856,0.24755332346917241,0.0004083162701710933,1.078975587943378,0,0.00025957966120996137,0,0
-2.7755575615628914e-16,0.2726530741576783,0.00033829790150812563,0.7458640663390949,0,0.0002074441799327638,0,0
0.06868639654996228,0.4603614507532194,0.0006280027664559264,1.4262327754734008,0,0.0018370378401001456,4.706986869087041,0
0.006852764563597,0.2978390431111021,0.0011708594849189522,1.2963126158288525,0,0.00073576030945637,5.334933153103406,0
-3.3306690738754696e-16,0.23771108606976948,0.0004157567570983628,1.0535114652734319,0,0.0002631405992190512,0,0
-2.7755575615628914e-16,0.2758464962101449,0.00032113257145328277,0.8307577658516776,0,0.00020185090516799397,0,0
0.05252405737590614,0.4483251320541233,0.000638717303375533,1.4361400050487039,0,0.002095497539503893,4.706986869087041,0
0.009236723268577461,0.2995671894807778,0.001168700235740534,1.3284505525966348,0,0.0007167168544937409,5.334933153103406,0
0.0036340979824480354,0.27306544996189624,0.00042458952007788203,1.0336778990676503,0,0.0002742808683621071,0,0
0.006601609399961725,0.28211318894105647,0.00111420214957964,1.2843929066860325,0,0.000676722209850353,5.334933153103406,0
0.04920310069752675,0.482184830309172,0.0006307375996733736,1.4361048751564927,0,0.0019662373179680968,4.706986869087041,0
0.0032363880521907723,0.2459063356841849,0.00042281694060347576,1.0872142853614504,0,0.0002686624646647181,0,0
3.3306690738754696e-16,0.27243011151428476,0.0003476540818656756,0.7893018029060807,0,0.00021542601570918914,0,0
3.885780586188048e-16,0.27566733722040415,0.0003379620274819196,0.7262229973586923,0,0.000205280294690334,0,0
0.067190044460367,0.4433658987207761,0.0005901736904581123,1.3789061365465207,0,0.0018175052040995186,4.706986869087041,0
0.0067226172739955625,0.28599005116857895,0.0011488631836695654,1.2421213368768051,0,0.000693316781843023,5.334933153103406,0
0.003269098685599634,0.2543362972632472,0.0004097912222093503,1.1047402619386322,0,0.0002662311643600012,0,0
9.992007221626409e-16,0.28906397078004004,0.0011206946279174168,1.2722543062168907,0,0.0006967769057037627,0,0
0.05487828363043234,0.4874750040193226,0.0006261076050194794,1.4007742135872365,0,0.0015854682163041007,4.706986869087041,0
0.0031045160495685523,0.25726747840808223,0.00041411897475876827,1.0603999314047576,0,0.00026722461740334117,0,0
5.551115123125783e-16,0.2767398006381888,0.00033632825411247986,0.7656166650660874,0,0.00020713941438338997,0,0
-6.661338147750939e-16,0.27531612834982677,0.00033288696778826344,0.77290862002093,0,0.00020477591688036214,0,0
0.04606329764821342,0.4964805308338115,0.00037511077744326103,1.4684595539681515,0,0.0010190456224449527,4.842356985188674,0
0.007643888569058975,0.2904340004955304,0.001174627795299528,1.3186139001102009,0,0.0007152728431563849,5.334933153103406,0
0.003108218778241481,0.2536265288915878,0.00042749778774476047,1.056008968455035,0,0.00027392193604262215,0,0
-1.1102230246251565e-16,0.2723875366177531,0.0003430247819145925,0.7567991793003901,0,0.0002099268979796887,0,0
0.046875253102215214,0.4679163755267831,0.0006276381597394859,1.4245719072948024,0,0.0010407594428329056,4.571616752985407,0
0.00612965268141797,0.30172649996539674,0.0011512241687841587,1.262112442565101,0,0.0007471749464141231,5.334933153103406,0
0.0028739706849217617,0.2574003191205621,0.0003980686047850034,1.0839379613243816,0,0.00026002097345232127,0,0
2.220446049250313e-16,0.2797268486775883,0.00033389569145563875,0.7617155219592038,0,0.00020776195369204175,0,0
0.003008174799930853,0.25495308179444365,0.00040185838311040267,1.0910285772462014,0,0.0002613539500991012,0,0
0.06049916959804536,0.4688323333470869,0.0005924208283840235,1.4210150060436613,0,0.0019007346236009437,4.706986869087041,0
0.007235583540210741,0.29798064810541186,0.0011534939329948739,1.276519249734867,0,0.0007257292525929133,5.334933153103406,0
-4.440892098500626e-16,0.2583644558193563,0.00033579863988130007,0.7577502054873354,0,0.00020179720578303192,0,0
0.06001529376074073,0.47110674764852867,0.0005902426776911445,1.4128041212593296,0,0.0018864735253056038,4.706986869087041,0
0.005391882841165832,0.29074460117190565,0.0011824780830757247,1.1510199844601783,0,0.000733429951333749,5.334933153103406,0
0.004475445994592139,0.23411423503666753,0.00039664452895150383,0.9866703872297182,0,0.00024118559697732615,0,0
2.220446049250313e-16,0.26824428237275816,0.00033289740942722684,0.7486894214990687,0,0.0002018755878411293,0,0
0.06425835449086512,0.4833184037687845,0.0006270236360607762,1.3744605724311676,0,0.001819726405833757,4.706986869087041,0
0.007101954618023598,0.2931459957417254,0.0011412964701317879,1.2766884054058605,0,0.0007170015721890032,5.334933153103406,0
0.0,0.23928997609059313,0.0004329701635812184,1.1000948779123094,0,0.00027996997596785577,0,0
0.006489342186977928,0.2966066915265997,0.001120561441775555,1.2815063355892211,0,0.000696677156286792,5.334933153103406,0
0.06414622307274026,0.47387284845948496,0.0005926863884744373,1.4139457982097476,0,0.0018072515296481155,4.706986869087041,0
0.003359814031406106,0.245835441393845,0.000414085903599259,1.0112050145124127,0,0.00025821343928460655,0,0
5.551115123125783e-16,0.2747736639956628,0.000336164391851782,0.761072161685745,0,0.00020942654870940763,0,0
-7.216449660063518e-16,0.2715044175111615,0.00033212266918362097,0.7603349564665169,0,0.0002058982903556059,0,0
0.05375852698478382,0.4520320190503736,0.0006859526108303133,1.4081217076751071,0,0.0020876419061442698,4.706986869087041,0
0.005745380486650346,0.293439395473162,0.001080453440931793,1.294443640328896,0,0.0006702384814168228,5.334933153103406,0
0.0031134179895858823,0.25037623923594715,0.0004075372844774376,1.0817485104908675,0,0.00025904278889217345,0,0
0.0029538519686811635,0.2549664995951434,0.00038728155135689125,1.0560299040207588,0,0.0002491722175893701,0,0
-1.1102230246251565e-16,0.27190148141131293,0.00034537765763286614,0.7811953114260056,0,0.00021165122560373912,0,0
0.006606492228929124,0.2821312549273863,0.0010825078424003827,1.2867948621621863,0,0.0006697093254903367,5.334933153103406,0
0.049845442429706975,0.4725884413401732,0.0005376642527222341,1.4429146325195963,0,0.0015684917882935498,4.706986869087041,0
0.003214639055434669,0.23660225364953813,0.0003952168010156661,1.1060294449153738,0,0.0002477884669458588,0,0
-9.992007221626409e-16,0.2783648244307594,0.00032632482056431383,0.7278893786831594,0,0.00019959488068654115,0,0
0.006727385701665534,0.311799886228499,0.0011848044210675983,1.3162893187285973,0,0.0007498681379263878,5.334933153103406,0
0.05043626388406519,0.4723157733354637,0.0006210234399143926,1.4492761092137072,0,0.0021332805937730056,4.706986869087041,0
0.003780388255300318,0.2619149278780667,0.0004436476843533451,1.0457764314507043,0,0.00029011872980276105,0,0
-2.220446049250313e-16,0.27451001417651083,0.0003248364122588935,0.8011035830816844,0,0.00020192837230513915,0,0
0.008418656327452367,0.3084492732682032,0.0011736162545450284,1.3347446929532443,0,0.0007429124002897207,5.334933153103406,0
0.0498320700630356,0.4842946352738462,0.00037343413750474133,1.4598961420008958,0,0.0009426182713510369,4.842356985188674,0
0.0,0.2771165204491478,0.0003366309253272006,0.7615606986896228,0,0.0002091934619940638,0,0
0.06025916557583112,0.4788345621632698,0.0005963685199110178,1.4477952866253652,0,0.0019094603050949298,4.706986869087041,0
-6.106226635438361e-16,0.2857412519575899,0.0011655769990623753,1.2705551448461385,0,0.000714786516384782,0,0
0.0030860514167369395,0.2475586641068062,0.00040950407029687784,1.0946718187557865,0,0.000263350727709431,0,0
1.1102230246251565e-16,0.25961237702140094,0.00035364362681286474,0.7644424441244456,0,0.00021288556522599256,0,0
0.04670731715177086,0.4420565243909386,0.000605383189313803,1.4374824086083697,0,0.0010171756066543,4.571616752985407,0
0.007385057907172504,0.27681618633130645,0.0012088469314787914,1.2855716792351206,0,0.0007368316619823492,5.334933153103406,0
0.003035444433001123,0.2542336263753876,0.0004056754114746777,1.0818582499795646,0,0.00025802179227580317,0,0
6.661338147750939e-16,0.2773645189607183,0.00034380996741046975,0.7509228355183086,0,0.00021171520701069845,0,0
0.05907169993410174,0.47093372514136655,0.0005745246875727618,1.4354084205369726,0,0.001836953374708073,4.706986869087041,0
0.0071074964529579746,0.27999466010251206,0.0011699394826980947,1.2727296589934307,0,0.0007233195729079648,5.334933153103406,0
0.003316501915883438,0.2559085842086427,0.0004128104572835903,1.1307951135217937,0,0.0002701945420520976,0,0
5.551115123125783e-16,0.27539456006707236,0.000333863323259282,0.7615981415434824,0,0.00020482068646454141,0,0
0.07785419534022046,0.4703761916231079,0.0007204403304851727,1.347287602795513,0,0.0018619963674501021,4.706986869087041,0
0.0066030879960134944,0.2891258076502755,0.0011393596801223538,1.2691916886410304,0,0.0006860695776452578,5.334933153103406,0
0.0033308464491538306,0.25099802826966167,0.0004144735603102719,1.0968284176042653,0,0.00026954855993157787,0,0
0.054474268017354624,0.47533262662109504,0.0006650408153719907,1.5181108057821466,0,0.0020945646109077993,4.706986869087041,0
6.106226635438361e-16,0.27099348209610813,0.0003379564371823127,0.7613475883995577,0,0.00020779719614794534,0,0
0.003163636110896796,0.25493989994379757,0.00041061931874188443,1.0641804115523203,0,0.0002643062255817591,0,0
0.007348981393958981,0.29871467448880673,0.0011556477253364186,1.3183487767816404,0,0.000718459019118102,5.334933153103406,0
6.106226635438361e-16,0.2713509359258734,0.00035205355648067443,0.7579464037773496,0,0.00021535734821478638,0,0
0.06275157515490065,0.489574658519377,0.0005773534926865935,1.4057469533637157,0,0.0017492693437153597,4.706986869087041,0
0.006844361704207422,0.28227229764651884,0.0011218553523399566,1.2883936502128015,0,0.0006848974452878591,5.334933153103406,0
0.0033073690921617167,0.2422635735262041,0.00041802568808293214,1.0807930349200001,0,0.00026285575411206206,0,0
1.1102230246251565e-16,0.2714909560951189,0.00031698930768128106,0.7406047377671731,0,0.00019421091947407465,0,0
0.055780398872728856,0.4757262013404723,0.0007047807556435342,1.351583555876057,0,0.002052744929951609,4.706986869087041,0
0.007946851768788496,0.2961991884966515,0.00115734152315232,1.2848593216476993,0,0.0007365698874017208,5.334933153103406,0
0.0032636119932443336,0.23959594046901267,0.0004244292190690023,1.0887847002894344,0,0.0002710129708809229,0,0
-1.6653345369377348e-16,0.2832509421022191,0.0003364303060494456,0.7704963404160274,0,0.00021049321920318034,0,0
0.06197207375523197,0.4716444935313568,0.0006057242046583603,1.4329701887400306,0,0.0018538980470043794,4.706986869087041,0
0.006372111917167224,0.3049101043146471,0.0011179438727372025,1.3087330826494408,0,0.0007032455805000514,5.334933153103406,0
1.6653345369377348e-16,0.25239652304019683,0.00040815072083337647,1.0832579605484114,0,0.00026526753958702184,0,0
4.996003610813204e-16,0.27378745323105785,0.00032171745965746786,0.7540601333172328,0,0.0001979979469992176,0,0
0.06712164702966675,0.46451382974891453,0.0006368218262341658,1.4212724296965797,0,0.001972716355556828,4.706986869087041,0
0.00648830237890155,0.26917171710320237,0.0011686287852497382,1.250287135736907,0,0.0006956994077288966,5.334933153103406,0
0.0030831955715965413,0.24919726246557303,0.00040629958106189786,1.0984655480576244,0,0.00026135251277441507,0,0
0.03730793286290151,0.4552251434023969,0.00022870549519839355,1.4376878494468088,0,0.0006473587178290065,4.842356985188674,0
0.006489848865664713,0.29189055870956215,0.0011247444892117432,1.2902136880362642,0,0.0006809122105057289,5.334933153103406,0
2.7755575615628914e-16,0.27788806042868314,0.0003424472824389856,0.7515803921081925,0,0.00021046058069855818,0,0
0.0031353520569060503,0.2577866276669729,0.000404653780290953,1.0775211137244032,0,0.0002667755605872624,0,0
-6.661338147750939e-16,0.2693432253002338,0.0003271829460801977,0.754693245943286,0,0.0002014734015905541,0,0
0.05925751370543269,0.4712239130553896,0.0005645359693589677,1.4055436177015537,0,0.0018419007055624436,4.706986869087041,0
-7.771561172376096e-16,0.3093938553280235,0.0011552389506990469,1.2041434312894466,0,0.000763173903290091,0,0
0.005197915469477267,0.2335223985805533,0.0004191145264202426,0.9977578257115861,0,0.000251666766284525,0,0
1.1102230246251565e-16,0.2779924165414839,0.0003403600900833062,0.7881923374406529,0,0.00021317711376442472,0,0
0.04869248276736059,0.47315141178224157,0.0006726286154820399,1.41963376352634,0,0.0010285569011569224,4.571616752985407,0
0.006726296949114197,0.2983388255000225,0.0011524282338941936,1.3046203692078346,0,0.0007307952024102983,5.334933153103406,0
0.003214639055434558,0.2515336526448922,0.00041183640627036225,1.1052292405827306,0,0.0002646223825826189,0,0
0.05883550123398221,0.47223856020606936,0.0005718463752516623,1.4203862670426153,0,0.0018206976011846169,4.706986869087041,0
0.006045888424741894,0.2832123744379797,0.0011344114559710449,1.2772659964193602,0,0.0006923306266392744,5.334933153103406,0
5.551115123125783e-16,0.2750932095275477,0.0003491274824804574,0.7705927308670086,0,0.0002134453490147501,0,0
0.00337746430178687,0.25811246989720993,0.0004140051356537351,1.0771062935350164,0,0.0002668758307241326,0,0
8.881784197001252e-16,0.26922789695302746,0.0003375174145918521,0.7702322400265333,0,0.00020735177136313874,0,0
0.0629986087493441,0.4733283658611689,0.0006182766508845679,1.4262834406633995,0,0.001894957481110231,4.706986869087041,0
0.006726983915894845,0.27508223157491746,0.0011627118775046393,1.2541959889302832,0,0.0006979029387083627,5.334933153103406,0
0.003034322092805769,0.25338650786855893,0.0004009917034581668,1.073296218794792,0,0.00025731036505275925,0,0
0.0033912452306289684,0.2533396816457918,0.00039706915779726186,1.0767029403131745,0,0.00025190005538696395,0,0
0.006489185685391322,0.2853342856870602,0.0011118812767344007,1.2628978493039849,0,0.0006734801584011817,5.334933153103406,0
0.06947984364756166,0.46966117589585255,0.0006447857547072747,1.3742355477410533,0,0.0017960983496216397,4.706986869087041,0
-1.1102230246251565e-16,0.2682562001128785,0.00034948160281436815,0.7605544800872026,0,0.00021336082488706483,0,0
2.220446049250313e-16,0.27499633836315857,0.0003402458295065947,0.7669911887743273,0,0.00020986900519460582,0,0
0.059856475083399766,0.495034299725553,0.0005966512488169302,1.43521753962334,0,0.0018976076658223642,4.706986869087041,0
0.0058199030115514555,0.30402831541492203,0.0011469953064116272,1.29795999910626,0,0.0007255383982477168,5.334933153103406,0
-6.106226635438361e-16,0.25089211051001137,0.0004070707037014053,1.0909840756381055,0,0.0002638669991651455,0,0
-1.1102230246251565e-16,0.2677310384483681,0.0003341721444435501,0.7700583820216177,0,0.0002043066430361404,0,0
0.05223113547129211,0.4555346348713608,0.0006245316122029218,1.4319761682488537,0,0.0020723456480363413,4.706986869087041,0
0.00660530875743158,0.2766845216221926,0.0011607743271170093,1.2872812919682997,0,0.0006909286172227585,5.334933153103406,0
0.00323078796759841,0.24513472232530528,0.00041994044543020487,1.0822448398709448,0,0.0002664402201157656,0,0
-3.3306690738754696e-16,0.2796001608778452,0.00034349261856527727,0.7585941259121954,0,0.00021196966025641487,0,0
0.05393050619963164,0.4788236102688217,0.0005587532298992953,1.4843235995823645,0,0.0015264046645253166,4.706986869087041,0
0.006490095260538391,0.2747855422748589,0.0011506201724129546,1.2962375949137075,0,0.0006980467520400195,5.334933153103406,0
0.003177974779632546,0.256697107076922,0.0004072469147660856,1.1030371628946622,0,0.00026633520964425224,0,0
0.006982027852092655,0.2935924161261728,0.0011555286522929521,1.261348951125669,0,0.0007205610555707299,5.334933153103406,0
0.0519002754219783,0.472503721665539,0.0006587499040962028,1.411074484549328,0,0.001964302128252406,4.706986869087041,0
0.00323362966639398,0.25909548362645657,0.0004147518859014214,1.0835542313371795,0,0.0002667624328326843,0,0
0.0,0.27552757941196065,0.0003295255227964613,0.7785871949321785,0,0.00020476671192821335,0,0
0.003149542537871714,0.24956589036825197,0.0004048373508034452,1.0929109374605206,0,0.0002611211863321572,0,0
0.05751957678871944,0.75536351434716,0.0006482242488591416,1.4606138897009628,0,0.0018281536730621786,4.706986869087041,0
0.0,0.270091502826857,0.0003328708884712793,0.745042798575255,0,0.0002021501404788138,0,0
-4.440892098500626e-16,0.3076040437476826,0.0011905675286838717,1.354210536570802,0,0.0007537873250236658,0,0
0.0032882614016775773,0.2576738488939607,0.0004162609943476788,1.0662431492613138,0,0.0002719822618241373,0,0
0.007499438150817037,0.29474855669444083,0.0011677995339873521,1.2971382600027836,0,0.0007251107561014202,5.334933153103406,0
0.045376329862331456,0.4646612528750431,0.0003550693928858092,1.4572928147171655,0,0.0009754509110859202,4.842356985188674,0
8.881784197001252e-16,0.27309641822915365,0.00034144239397730164,0.7458857847274815,0,0.0002077577618522816,0,0
0.003044246157498008,0.2363905430209881,0.00040931354511976683,1.0920184437972245,0,0.00026031807128080455,0,0
0.04727360713723927,0.45529241729806924,0.0006290450693134273,1.3898181159752072,0,0.0010549350328720455,4.571616752985407,0
-6.661338147750939e-16,0.2716471100316484,0.0003339487741576845,0.7536132348745243,0,0.0002057982312816989,0,0
0.006848136272185168,0.28732524714603175,0.001148515174210226,1.2538706917371936,0,0.0007135949352952996,5.334933153103406,0
0.0,0.2797597210159692,0.0003304212631052448,0.7628857345097251,0,0.00020396683618224286,0,0
0.060847284764237126,0.47464458295360556,0.0005885347648434511,1.4352000821895161,0,0.0019334897295651176,4.706986869087041,0
0.006722617273995396,0.2875919574887471,0.0011254300197266593,1.2817054080485581,0,0.0006971024190593232,5.334933153103406,0
0.0029074575527312276,0.24431883176999267,0.0004154822751669475,1.045768515058248,0,0.0002604679590865365,0,0
4.996003610813204e-16,0.27522779689686655,0.0003407200406336555,0.7681258702144537,0,0.00021135553560266626,0,0
0.06349391654971215,0.4705750439920893,0.0006160340119381262,1.3891509039920904,0,0.0019144192434369185,4.706986869087041,0
0.005255250918006153,0.2985469548659226,0.0011019008474997523,1.1770368445813473,0,0.0007058073110302087,5.334933153103406,0
0.0033796586301899773,0.23429776930535728,0.00040871285354184185,1.1013391238314583,0,0.00025635059020678093,0,0
0.0,0.25828821357305315,0.0004025114379412462,1.0743191190334318,0,0.0002587232791955441,0,0
0.00602158296870739,0.28752929180804765,0.0011499863874003756,1.2895864787561462,0,0.0007221755915688505,5.334933153103406,0
0.06157584162481244,0.47438762613896523,0.0005963027588410295,1.3763645502765292,0,0.00182867052086743,4.706986869087041,0
0.0,0.26836689293225724,0.00033842811902754427,0.761111810514076,0,0.00020657101142330882,0,0
-3.3306690738754696e-16,0.27848111733598707,0.00034000547922583913,0.7314712737996655,0,0.0002089006933607905,0,0
0.06579214957880697,0.4720508188143208,0.0006088940705276968,1.4067143373959714,0,0.0017723892753483583,4.706986869087041,0
0.007672870819538775,0.3100861049530774,0.001154653012848639,1.3174680613869354,0,0.0007444258282317153,5.334933153103406,0
0.0029636586534663896,0.2569841934404287,0.00039911428596185804,1.0629184215590977,0,0.0002542616158664085,0,0
0.003047387570176488,0.2607247302839776,0.0004070736234711315,1.0756071551252986,0,0.0002615636448492385,0,0
0.006365229158727864,0.2794221968835159,0.0011714986381824665,1.1936692921044103,0,0.0007013920933226555,5.334933153103406,0
0.05409359031791807,0.4808186307867511,0.0005766539798637914,1.375595612365693,0,0.001526522041109077,4.706986869087041,0
-5.551115123125783e-16,0.27057848319292704,0.00033377678179702364,0.7503313564245764,0,0.00020451414524635538,0,0
0.0064885835011097084,0.28283029031867163,0.0011155395629249317,1.2748717875972089,0,0.0006859150956539122,5.334933153103406,0
0.04881102258696319,0.48319156250029394,0.000622825972869257,1.4195933862800425,0,0.0019448045017766533,4.706986869087041,0
0.0033410100042705233,0.24754731621938075,0.00042067850083780527,1.0904474676913465,0,0.00026885798712840544,0,0
-2.220446049250313e-16,0.27035645981942846,0.00034225763133462374,0.7712508471523137,0,0.00021040703913209323,0,0
0.06621515301174319,0.4737266099530615,0.0006089936319032211,1.3984698457570066,0,0.001772538208001039,4.706986869087041,0
0.006714253216609692,0.2900349819529196,0.0010941435891493048,1.2910722323474022,0,0.0006743630877795155,5.334933153103406,0
-1.1102230246251565e-16,0.27920548916168547,0.00034190375720784667,0.7757978858091135,0,0.0002115907872406136,0,0
0.0033305867344247675,0.23586189960723652,0.0004443665841465363,1.053007097024916,0,0.0002805451777566226,0,0
-2.220446049250313e-16,0.2737298357896532,0.00033014954320656254,0.7484577425070262,0,0.00020266365712765254,0,0
0.05122812021862502,0.45898122293322513,0.000622092578789338,1.4655278760623605,0,0.0021781613654610365,4.706986869087041,0
-7.771561172376096e-16,0.28951338680475774,0.0012029569993860577,1.313664367145237,0,0.000738585655523437,0,0
0.0029604699391044993,0.2434109981382086,0.00040596353204730494,1.0934559650140256,0,0.0002601699704611956,0,0
1.1102230246251565e-16,0.2717088988333346,0.00033789814962948176,0.7573732083683575,0,0.000205337718116236,0,0
0.047591197240425064,0.4666326617209888,0.0006471737511995381,1.4559538333917763,0,0.0010779323972755614,4.571616752985407,0
0.007461835827481111,0.29277402301935374,0.0010898110780976015,1.266884206217784,0,0.0006777791226104315,5.334933153103406,0
0.003132268815251256,0.25175794259691875,0.00041426708631112693,1.1051524469285383,0,0.00027297047188363583,0,0
0.007524849551998732,0.30232453848246094,0.0012277253291408314,1.2693050144265587,0,0.0007852280568920705,5.334933153103406,0
0.04680103996383769,0.4698766435405687,0.00038548018840849025,1.4583068238185501,0,0.001041543732574985,4.842356985188674,0
0.004824580937032471,0.242434049423838,0.00041444504278129835,1.0258554525930905,0,0.00025384819372973943,0,0
-5.551115123125783e-16,0.2812534797113807,0.00032459151389076127,0.7596140388768561,0,0.00020250812496829703,0,0
0.0032556244789474637,0.24988525888023916,0.00040443751407966025,1.0811352485958323,0,0.0002558273904252233,0,0
-3.3306690738754696e-16,0.27416066512279436,0.0003408361628548771,0.7455097764344805,0,0.00020996480339552107,0,0
0.006846377177779028,0.28996640164621,0.001129035295005982,1.2769629730132472,0,0.0007065305545349807,5.334933153103406,0
0.06620713609367433,0.4807514429210858,0.0006305761064907804,1.4445212551167783,0,0.001914950477783413,4.706986869087041,0
1.1102230246251565e-16,0.2749341586125974,0.0003331785693892404,0.7540678319075438,0,0.0002049142731788835,0,0
0.06288204006292111,0.4509843591684887,0.0006031580450280185,1.4138181359166273,0,0.0018634081745717835,4.706986869087041,0
0.0057365340544001525,0.29285214153929423,0.001119289672098994,1.2787300930245729,0,0.0006934876722463793,5.334933153103406,0
0.0029280168948243764,0.2561265812639163,0.00040352804495015254,1.0645911120141627,0,0.00026388054043469155,0,0
0.006370147889613216,0.283803036266641,0.001204313857427799,1.2967099457543485,0,0.0007412472743922595,5.334933153103406,0
0.06548664706451554,0.49048528753919607,0.000620341693967952,1.4303178433582953,0,0.0019041636043043012,4.706986869087041,0
0.0028363020896648924,0.2489511306470682,0.0003955889024662139,1.0653514502857149,0,0.00024800508619996864,0,0
2.220446049250313e-16,0.27276479199165776,0.0003403727708293375,0.7397138534932349,0,0.00020555253937315092,0,0
-4.440892098500626e-16,0.274448954988717,0.0003481076863678608,0.7443659387544496,0,0.0002124517614991581,0,0
0.04943825398160103,0.474516604932099,0.0006194312759017692,1.4548832632665882,0,0.002080451598568858,4.706986869087041,0
0.006722617273995396,0.29184513340839485,0.0011089990366416947,1.283461939564457,0,0.000683642909842563,5.334933153103406,0
0.003099196456686857,0.2571545809848912,0.0004075869788822932,1.103244322591367,0,0.0002609458798583193,0,0
0.0,0.2735192884328741,0.00032037863064331314,0.7477533764312712,0,0.00019863469091394422,0,0
0.054983322798234285,0.47926600540256603,0.0003703936310853367,1.514289913600153,0,0.0009254496457340488,4.842356985188674,0
0.005444308537505917,0.29333467449657286,0.00124904047063182,1.1698641522706545,0,0.0019112248022414198,4.9532749530444065,0
0.0032941486866413378,0.240771886001847,0.00041468790823499606,1.073506740661231,0,0.0002633398687995126,0,0
0.00309816778872855,0.24718615826673918,0.00041718321590323985,1.096522191684354,0,0.00026829296336317737,0,0
8.881784197001252e-16,0.27722873711362306,0.0003410169830468458,0.7743856928042674,0,0.0002116764724686982,0,0
0.0063751010410818265,0.27685265269727366,0.0011560545825182729,1.2806528151905237,0,0.0007019390422732078,5.334933153103406,0
0.04899384803045552,0.47048230452408946,0.000522918873496688,1.4331828212079643,0,0.0015180863871833321,4.706986869087041,0
-2.7755575615628914e-16,0.27243257506779284,0.0003127068472465954,0.8104181215667479,0,0.00019525736119546327,0,0
0.06284749872437363,0.49018234801258126,0.000622476593525378,1.4177584689076035,0,0.0019040259452379454,4.706986869087041,0
0.008772420287723577,0.3100593235156303,0.0012012561155388408,1.324904232800714,0,0.0007341910965464399,5.334933153103406,0
3.3306690738754696e-16,0.2548524429483397,0.0004364996662711506,1.0199362267290397,0,0.0002817371841875904,0,0
-2.220446049250313e-16,0.27871079641388935,0.00033724460169076443,0.7550766795882684,0,0.0002078146764843623,0,0
0.037833604462042016,0.45613918465506353,0.0003971452271953756,1.4351238603123038,0,0.0011080302613684248,4.842356985188674,0
0.00649009526053828,0.3003525833821288,0.0010840962917286058,1.2832641891884666,0,0.0007009158182286917,5.334933153103406,0
0.0031521451503169866,0.2509905191183544,0.000396590250138812,1.0921114475571452,0,0.0002569874435578097,0,0
0.0,0.271461195098388,0.0003394851477919218,0.757778878191141,0,0.00020801181137791367,0,0
0.06166532809681187,0.4337324327099573,0.0005800734718017847,1.407824385137023,0,0.0019394073036294035,4.706986869087041,0
-7.771561172376096e-16,0.29238687710643624,0.001100386470214965,1.2878332719949945,0,0.0006767444823940319,0,0
0.0031984773433139622,0.25515545430531783,0.0004107801694942778,1.085552354356496,0,0.00026689053742975347,0,0
-2.220446049250313e-16,0.26833918246946215,0.00034012263198308587,0.7438616017333829,0,0.00020669671290710051,0,0
0.04532137054652237,0.4659380420080891,0.0006011945779900573,1.428383599535814,0,0.000983432064675104,4.571616752985407,0
0.006852426786529309,0.2937821314080578,0.0011422903645147953,1.2896512465771155,0,0.0007225734006236002,5.334933153103406,0
0.0033569472110211857,0.2437558965257999,0.0004232996097125559,1.078328317264702,0,0.00027139197665308165,0,0
0.05153787567859894,0.48071976873491745,0.0004226041186718541,1.4371534469039986,0,0.0010225564362703282,4.842356985188674,0
0.009043062894893511,0.31063635839244164,0.0011970762335295837,1.3563784565998833,0,0.001853021367843157,4.9532749530444065,0
-5.551115123125783e-17,0.27083604721956644,0.0003107437349174715,0.8353777090866783,0,0.00019535083018621996,0,0
0.0035718997090608724,0.24232798347633386,0.00045536117613915913,1.022424662378567,0,0.00028675250145830216,0,0
3.3306690738754696e-16,0.2788309105568096,0.0003458461480150015,0.7845826358466146,0,0.00021724807867820717,0,0
0.06502859862506699,0.48282494279140165,0.0006313021875193541,1.357300410053248,0,0.0018475877824721482,4.706986869087041,0
0.006725334190154142,0.28026084289851755,0.0011618832956027127,1.2766736305127027,0,0.0006807940620320276,5.334933153103406,0
0.0030860514167374946,0.2560644216957443,0.0003972134682706221,1.0782948874225615,0,0.00025565791961132476,0,0
