0,0,0,0,0,0,0,0,0,0,0,0,0,0,0,0,0,0,0,0,0,0
0,0,0,0,0,0,0,0,0,0,0,0,0,0,0,0,0,0,0,0,0,0
6.37582350694812,42.9674839810634,1.61386813609659e-05,0.570743563345386,0.922012061403509,0.223021582733813,0.463595152398234,0.179856115107914,0.0647482014388489,0.287769784172662,0.22830081258734,0.134944504045279,0.189174032409267,0.204500845386367,6.31818181818182,19.8571428571429,0.318181818181818,0.447788502295425,4.30853045064952,0.149723699301428,0.53361581083884,0.429976817681919
0,0,0,0,0,0,0,0,0,0,0,0,0,0,0,0,0,0,0,0,0,0
0,0,0,0,0,0,0,0,0,0,0,0,0,0,0,0,0,0,0,0,0,0
0,0,0,0,0,0,0,0,0,0,0,0,0,0,0,0,0,0,0,0,0,0
1.58181108053385,2.9571961448407,0.0166745251100461,0.402481447124304,0.742305313733885,0.209150326797386,0.482209991678559,0.156862745098039,0.183006535947712,0.261437908496732,0.0881284975863984,0.161663369296632,0.161661750947465,0.16632375560947,8.05263157894737,51.0,0.157894736842105,0.367922308929033,5.78216426430712,0.15436876504988,0.588684882864937,0.353556566310975
0,0,0,0,0,0,0,0,0,0,0,0,0,0,0,0,0,0,0,0,0,0
0,0,0,0,0,0,0,0,0,0,0,0,0,0,0,0,0,0,0,0,0,0
0,0,0,0,0,0,0,0,0,0,0,0,0,0,0,0,0,0,0,0,0,0
0,0,0,0,0,0,0,0,0,0,0,0,0,0,0,0,0,0,0,0,0,0
7.08623786127027,60.0430151551972,2.30086079078846e-05,0.586871601481778,0.96078431372549,0.217105263157895,0.424738580156295,0.164473684210526,0.0921052631578947,0.302631578947368,0.250562673130194,0.155353499037041,0.17667533259054,0.24801588435277,6.90909090909091,21.7142857142857,0.318181818181818,0.387872828619011,5.37324991191231,0.155629139072848,0.544318934039418,0.414694016518122
0,0,0,0,0,0,0,0,0,0,0,0,0,0,0,0,0,0,0,0,0,0
0,0,0,0,0,0,0,0,0,0,0,0,0,0,0,0,0,0,0,0,0,0
1.29729555434528,4.06336067652188,0.0141308194298927,0.393092268998796,0.675907090492103,0.222222222222222,0.497717684238301,0.150326797385621,0.143790849673203,0.254901960784314,0.0762954419240463,0.168604005730161,0.176402968506111,0.273242873162293,8.05263157894737,51.0,0.157894736842105,0.386040877448269,5.41191685027301,0.152906776745786,0.603258360266473,0.435452979546632
0,0,0,0,0,0,0,0,0,0,0,0,0,0,0,0,0,0,0,0,0,0
0,0,0,0,0,0,0,0,0,0,0,0,0,0,0,0,0,0,0,0,0,0
0,0,0,0,0,0,0,0,0,0,0,0,0,0,0,0,0,0,0,0,0,0
1.3301641790877,3.07944506667405,0.0310525297355002,0.379761904761905,0.89520358868185,0.217687074829932,0.480715236319808,0.170068027210884,0.156462585034014,0.272108843537415,0.074737377944375,0.181402787078073,0.184170117322291,0.185817805383023,7.73684210526316,49.0,0.157894736842105,0.381101366136766,5.53514492753623,0.158605908116671,0.595713791911511,0.375492694208459
0,0,0,0,0,0,0,0,0,0,0,0,0,0,0,0,0,0,0,0,0,0
0,0,0,0,0,0,0,0,0,0,0,0,0,0,0,0,0,0,0,0,0,0
0,0,0,0,0,0,0,0,0,0,0,0,0,0,0,0,0,0,0,0,0,0
5.56561972221752,4.30787153206074,0.0100147206325443,0.531895975890641,0.916885040446622,0.198581560283688,0.421779466970158,0.148936170212766,0.141843971631206,0.269503546099291,0.116644031990343,0.173364103155465,0.179942228685937,0.150847692386742,7.42105263157895,47.0,0.157894736842105,0.409368849332821,4.94846155392771,0.155116514690983,0.604858498282349,0.370483829781143
0,0,0,0,0,0,0,0,0,0,0,0,0,0,0,0,0,0,0,0,0,0
0,0,0,0,0,0,0,0,0,0,0,0,0,0,0,0,0,0,0,0,0,0
0,0,0,0,0,0,0,0,0,0,0,0,0,0,0,0,0,0,0,0,0,0
1.39022795901829,5.35485888276738,0.0182126606429133,0.382260832260832,0.931972789115646,0.2,0.452393073745252,0.154838709677419,0.129032258064516,0.232258064516129,0.0801664932362123,0.16687840364483,0.189446589446589,0.0915180486609058,8.1578947368421,51.6666666666667,0.157894736842105,0.350260351439704,6.29003493289208,0.160871386677838,0.603393691363268,0.381336280675199
0,0,0,0,0,0,0,0,0,0,0,0,0,0,0,0,0,0,0,0,0,0
1.32888216896943,3.17384581819323,0.0188803046527726,0.369455287351627,0.889443189973569,0.244897959183673,0.570842311231181,0.197278911564626,0.204081632653061,0.306122448979592,0.0681197649127678,0.178240042080231,0.191593683690517,0.239990003131315,7.73684210526316,49.0,0.157894736842105,0.414972532820739,4.86480888282075,0.155530705432858,0.597305069036812,0.42734113032973
0,0,0,0,0,0,0,0,0,0,0,0,0,0,0,0,0,0,0,0,0,0
0,0,0,0,0,0,0,0,0,0,0,0,0,0,0,0,0,0,0,0,0,0
25082.8559291685,36.6747855687978,1.94058369028646e-20,0.992452830188679,0.992452830188679,0.0150943396226415,0.19043714369496,0.0113207547169811,0.0,0.0188679245283019,0.792709149163403,0.00738070710009473,0.00754716981132075,0.0113207547169811,12.0454545454545,33.125,0.363636363636364,0.0640534770585784,65.7538022813688,0.195654659805603,0.528333135526472,0.404244950906876
0,0,0,0,0,0,0,0,0,0,0,0,0,0,0,0,0,0,0,0,0,0
0,0,0,0,0,0,0,0,0,0,0,0,0,0,0,0,0,0,0,0,0,0
0,0,0,0,0,0,0,0,0,0,0,0,0,0,0,0,0,0,0,0,0,0
8.72068877941576,20.8223434428703,1.54845382655456e-06,0.593693658212116,0.9375,0.198630136986301,0.450067807977046,0.143835616438356,0.0616438356164384,0.273972602739726,0.234471758303622,0.164183874428978,0.184447697316599,0.146103555112115,6.63636363636364,20.8571428571429,0.318181818181818,0.382990610901298,5.49403542859143,0.154369390647142,0.548103164261304,0.470127845487389
0,0,0,0,0,0,0,0,0,0,0,0,0,0,0,0,0,0,0,0,0,0
824.721288617338,53.8481490732591,1.11331940880377e-12,0.96551724137931,1.0,0.0394088669950739,0.0694143414390831,0.0147783251231527,0.0,0.0492610837438424,0.839404013686331,0.00985859800875185,0.0147783251231527,0.0147783251231527,9.22727272727273,40.6,0.227272727272727,0.139777791627609,24.8850502512563,0.191971906550261,0.56266318537859,0.496341567899165
0,0,0,0,0,0,0,0,0,0,0,0,0,0,0,0,0,0,0,0,0,0
8.04683268404411,17.6290951224765,8.38908374558025e-05,0.582228773405244,0.941176470588235,0.223684210526316,0.441920623182341,0.157894736842105,0.0592105263157895,0.296052631578947,0.234548130193906,0.109775562580142,0.196344097079391,0.183745448451331,6.90909090909091,21.7142857142857,0.318181818181818,0.389290097706569,5.3731127260539,0.154409201812478,0.556246872756543,0.430553807435397
1.17951471840754,3.67937208595029,0.0532183639188215,0.374545304232804,0.743840939153439,0.257352941176471,0.592668424552008,0.191176470588235,0.191176470588235,0.338235294117647,0.0679606401384083,0.181908100264442,0.195353835978836,0.166459986772487,7.15789473684211,45.3333333333333,0.157894736842105,0.438513741016637,4.46494708994709,0.149237472766885,0.597425225050818,0.458640444266351
0,0,0,0,0,0,0,0,0,0,0,0,0,0,0,0,0,0,0,0,0,0
0,0,0,0,0,0,0,0,0,0,0,0,0,0,0,0,0,0,0,0,0,0
0,0,0,0,0,0,0,0,0,0,0,0,0,0,0,0,0,0,0,0,0,0
0,0,0,0,0,0,0,0,0,0,0,0,0,0,0,0,0,0,0,0,0,0
0,0,0,0,0,0,0,0,0,0,0,0,0,0,0,0,0,0,0,0,0,0
0,0,0,0,0,0,0,0,0,0,0,0,0,0,0,0,0,0,0,0,0,0
1.35169839628898,3.26463141083656,0.0257303680208437,0.36504433312944,0.728545685992494,0.245033112582781,0.536597144961957,0.185430463576159,0.19205298013245,0.291390728476821,0.0737686943555107,0.184732478789682,0.190370701008999,0.125819019436041,7.94736842105263,50.3333333333333,0.157894736842105,0.407084529380882,5.01050328709903,0.152141280353201,0.587712280862152,0.368583050199381
0,0,0,0,0,0,0,0,0,0,0,0,0,0,0,0,0,0,0,0,0,0
0,0,0,0,0,0,0,0,0,0,0,0,0,0,0,0,0,0,0,0,0,0
0,0,0,0,0,0,0,0,0,0,0,0,0,0,0,0,0,0,0,0,0,0
2.00701000542208,4.00407649779075,0.0214329971882569,0.502460158045264,0.932659243829457,0.22,0.455700810228287,0.153333333333333,0.12,0.286666666666667,0.0916444444444444,0.181829727612623,0.183360817669328,0.206525153333664,7.89473684210526,50.0,0.157894736842105,0.375554805639593,5.65852055745673,0.158657718120805,0.596443406022845,0.365931769757145
9.59928343275532,15.0542748687421,0.000227177738346966,0.569008790730904,0.990867579908676,0.194805194805195,0.42647928447729,0.136363636363636,0.0454545454545455,0.253246753246753,0.255818856468207,0.158800403421582,0.189677880284534,0.276268132823906,7.0,22.0,0.318181818181818,0.351931115847242,6.24605348988911,0.165520753756048,0.561820489707316,0.451289928709978
0,0,0,0,0,0,0,0,0,0,0,0,0,0,0,0,0,0,0,0,0,0
0,0,0,0,0,0,0,0,0,0,0,0,0,0,0,0,0,0,0,0,0,0
0,0,0,0,0,0,0,0,0,0,0,0,0,0,0,0,0,0,0,0,0,0
605.864790461294,36.2348609887132,4.07267244810717e-06,0.944444444444444,1.0,0.0353535353535354,0.0270401514220392,0.0202020202020202,0.0151515151515152,0.0454545454545455,0.81695745332109,0.0200545057001949,0.0202020202020202,0.0151515151515151,10.4210526315789,49.5,0.210526315789474,0.142573330259899,24.2603092783505,0.191919191919192,0.676678557105769,0.388350896259826
0,0,0,0,0,0,0,0,0,0,0,0,0,0,0,0,0,0,0,0,0,0
7.68284673480479,18.0411852118476,0.000117734618934859,0.580758922273946,0.92156862745098,0.219178082191781,0.440723617959378,0.164383561643836,0.089041095890411,0.287671232876712,0.234377932069807,0.142645397567334,0.178392580053604,0.180896459303146,6.63636363636364,20.8571428571429,0.318181818181818,0.399280455736836,5.14141627874171,0.153046764289088,0.554965152488755,0.44958636730722
0,0,0,0,0,0,0,0,0,0,0,0,0,0,0,0,0,0,0,0,0,0
0,0,0,0,0,0,0,0,0,0,0,0,0,0,0,0,0,0,0,0,0,0
0,0,0,0,0,0,0,0,0,0,0,0,0,0,0,0,0,0,0,0,0,0
1.4053882330915,3.73980139571789,0.0200382508505181,0.360159817351598,0.816273465246068,0.215686274509804,0.490872261268858,0.163398692810458,0.117647058823529,0.281045751633987,0.0805245845614934,0.178268620856961,0.182584982242517,0.187278031456114,8.05263157894737,51.0,0.157894736842105,0.370183126054475,5.78196347031963,0.156174750601995,0.584638078179328,0.363246546410356
0,0,0,0,0,0,0,0,0,0,0,0,0,0,0,0,0,0,0,0,0,0
0,0,0,0,0,0,0,0,0,0,0,0,0,0,0,0,0,0,0,0,0,0
0,0,0,0,0,0,0,0,0,0,0,0,0,0,0,0,0,0,0,0,0,0
1.37341898959326,4.48793936655227,0.018923443655523,0.384848258567153,0.94647201946472,0.232876712328767,0.486072992683789,0.178082191780822,0.143835616438356,0.301369863013699,0.0728560705573278,0.164987827765622,0.198066595727469,0.134429779528441,7.68421052631579,48.6666666666667,0.157894736842105,0.400755968759499,5.14126649284489,0.149456778460085,0.592908628365487,0.3813544403701
0,0,0,0,0,0,0,0,0,0,0,0,0,0,0,0,0,0,0,0,0,0
5.91453141647887,4.13855724781568,0.0104010490966157,0.421296296296296,0.963901401401401,0.181818181818182,0.455341944676478,0.149350649350649,0.175324675324675,0.266233766233766,0.0772052622701973,0.158285442301042,0.161411411411411,0.140452952952953,8.10526315789474,51.3333333333333,0.157894736842105,0.36618382952753,5.82332332332332,0.160512689924455,0.595712339854314,0.418865809787182
0,0,0,0,0,0,0,0,0,0,0,0,0,0,0,0,0,0,0,0,0,0
0,0,0,0,0,0,0,0,0,0,0,0,0,0,0,0,0,0,0,0,0,0
0,0,0,0,0,0,0,0,0,0,0,0,0,0,0,0,0,0,0,0,0,0
0,0,0,0,0,0,0,0,0,0,0,0,0,0,0,0,0,0,0,0,0,0
0,0,0,0,0,0,0,0,0,0,0,0,0,0,0,0,0,0,0,0,0,0
0,0,0,0,0,0,0,0,0,0,0,0,0,0,0,0,0,0,0,0,0,0
1.65430957033602,3.72099829814319,0.016321036990133,0.379899930986888,0.9040027605245,0.238095238095238,0.529573790972827,0.183673469387755,0.142857142857143,0.306122448979592,0.08436299689944,0.178292049235142,0.184170117322291,0.186620082815735,7.73684210526316,49.0,0.157894736842105,0.381101366136766,5.53514492753623,0.158885471997018,0.601721367913702,0.377971012643578
0,0,0,0,0,0,0,0,0,0,0,0,0,0,0,0,0,0,0,0,0,0
0,0,0,0,0,0,0,0,0,0,0,0,0,0,0,0,0,0,0,0,0,0
1.13674560496091,3.32982082616117,0.0152689212622485,0.405540887991579,0.762017336485422,0.243243243243243,0.528666265013829,0.189189189189189,0.121621621621622,0.310810810810811,0.0694850255661067,0.169390231623185,0.172665987932334,0.168538938068368,7.78947368421053,49.3333333333333,0.157894736842105,0.410897478886198,4.90143972206404,0.153888582460011,0.607361524717093,0.375240666579737
24851.5307708491,38.4729740205889,2.88555855319212e-20,0.992452830188679,0.992452830188679,0.0150943396226415,0.196028611710032,0.0113207547169811,0.0188679245283019,0.0188679245283019,0.7774866500534,0.00737472657486078,0.00754716981132075,0.0,12.0454545454545,33.125,0.363636363636364,0.0640534770585784,65.7538022813688,0.194368210405946,0.530093036245256,0.424726577325185
2106.23608265136,374.47683749169,4.75498056217267e-16,0.974747474747475,1.0,0.0303030303030303,0.0530054101207976,0.00505050505050505,0.0,0.0303030303030303,0.873023160901949,0.0108131076151549,0.0101010101010101,0.0202020202020202,9.0,39.6,0.227272727272727,0.142573330259899,24.2603092783505,0.191098805312003,0.560873695514497,0.492310178866625
0,0,0,0,0,0,0,0,0,0,0,0,0,0,0,0,0,0,0,0,0,0
1.04956468494338,2.92760771756267,0.0182787465841615,0.346807805247703,0.750248650184712,0.253424657534247,0.567564302472198,0.191780821917808,0.136986301369863,0.301369863013699,0.0712610245824733,0.184552349006399,0.191910580657384,0.22159467651795,7.68421052631579,48.6666666666667,0.157894736842105,0.416997483535396,4.82840769157905,0.147756258856873,0.588084355705236,0.421095016545238
0,0,0,0,0,0,0,0,0,0,0,0,0,0,0,0,0,0,0,0,0,0
1.4985367034076,3.02993231051321,0.0222508769587491,0.382517119100024,0.804597701149425,0.218543046357616,0.488510423094753,0.152317880794702,0.198675496688742,0.278145695364238,0.0726283934915135,0.162126292527274,0.162172902910247,0.212904540637483,7.94736842105263,50.3333333333333,0.157894736842105,0.371454477629909,5.69986753077362,0.155496688741722,0.598117112906457,0.475472113139566
0,0,0,0,0,0,0,0,0,0,0,0,0,0,0,0,0,0,0,0,0,0
0,0,0,0,0,0,0,0,0,0,0,0,0,0,0,0,0,0,0,0,0,0
0,0,0,0,0,0,0,0,0,0,0,0,0,0,0,0,0,0,0,0,0,0
0,0,0,0,0,0,0,0,0,0,0,0,0,0,0,0,0,0,0,0,0,0
0,0,0,0,0,0,0,0,0,0,0,0,0,0,0,0,0,0,0,0,0,0
1.3237507741638,5.95011459772214,0.0152689212622485,0.414978655373573,0.891252955082742,0.222972972972973,0.5044839589258,0.168918918918919,0.162162162162162,0.304054054054054,0.0735025566106647,0.163404225860963,0.183896499821419,0.165529278704696,7.78947368421053,49.3333333333333,0.157894736842105,0.379232541523208,5.57626239433985,0.158393086964516,0.600776778413737,0.364137333007274
0,0,0,0,0,0,0,0,0,0,0,0,0,0,0,0,0,0,0,0,0,0
28248.4531857382,48.1702348515413,0.0,1.0,1.0,0.016260162601626,0.185518535215486,0.00813008130081301,0.0,0.016260162601626,0.805968669442792,0.00740150043678063,0.00813008130081305,0.0203252032520326,11.1818181818182,30.75,0.363636363636364,0.0681246258053202,61.0040983606557,0.192400862784138,0.542330693048422,0.406068814527046
0,0,0,0,0,0,0,0,0,0,0,0,0,0,0,0,0,0,0,0,0,0
1.0370990702281,3.48390946517899,0.0496962642023928,0.36039886039886,0.846845746845747,0.240875912408759,0.587849775988168,0.175182481751825,0.124087591240876,0.313868613138686,0.0686237945548511,0.173413056406132,0.176353276353276,0.234717134717135,7.21052631578947,45.6666666666667,0.157894736842105,0.434014501734583,4.5015059015059,0.152962644911979,0.58571083172147,0.37838649184681
0,0,0,0,0,0,0,0,0,0,0,0,0,0,0,0,0,0,0,0,0,0
0,0,0,0,0,0,0,0,0,0,0,0,0,0,0,0,0,0,0,0,0,0
0,0,0,0,0,0,0,0,0,0,0,0,0,0,0,0,0,0,0,0,0,0
0,0,0,0,0,0,0,0,0,0,0,0,0,0,0,0,0,0,0,0,0,0
1.43326040016085,3.37573361823186,0.0241327751592828,0.36584849767245,0.891512876655198,0.238095238095238,0.516194585876194,0.183673469387755,0.183673469387755,0.306122448979592,0.0690453051969087,0.183630510964116,0.197769150408573,0.195388446276227,7.73684210526316,49.0,0.157894736842105,0.398793503256191,5.1798867811122,0.15674214891436,0.603153375096783,0.392798506981467
0,0,0,0,0,0,0,0,0,0,0,0,0,0,0,0,0,0,0,0,0,0
0,0,0,0,0,0,0,0,0,0,0,0,0,0,0,0,0,0,0,0,0,0
0,0,0,0,0,0,0,0,0,0,0,0,0,0,0,0,0,0,0,0,0,0
1.90764946964738,4.0251789778728,0.0235719125037922,0.491891493439481,0.919400774663933,0.24113475177305,0.476513969610215,0.177304964539007,0.177304964539007,0.312056737588652,0.0867159599617725,0.187550409931399,0.199621156277503,0.197076916891158,7.42105263157895,47.0,0.157894736842105,0.410896685512316,4.94829989412033,0.156534954407295,0.601178625467866,0.356022477704112
0,0,0,0,0,0,0,0,0,0,0,0,0,0,0,0,0,0,0,0,0,0
0,0,0,0,0,0,0,0,0,0,0,0,0,0,0,0,0,0,0,0,0,0
6.81623323515674,3.75184069307147,0.0437208877011446,0.406238960897802,0.750289394309937,0.217105263157895,0.55883226490011,0.177631578947368,0.125,0.282894736842105,0.0715460526315789,0.165297443876904,0.171465449308443,0.238580473356702,8.0,50.6666666666667,0.157894736842105,0.403146671735463,5.04715632727371,0.152317880794702,0.598379473328832,0.380391925482918
0,0,0,0,0,0,0,0,0,0,0,0,0,0,0,0,0,0,0,0,0,0
0,0,0,0,0,0,0,0,0,0,0,0,0,0,0,0,0,0,0,0,0,0
0,0,0,0,0,0,0,0,0,0,0,0,0,0,0,0,0,0,0,0,0,0
0,0,0,0,0,0,0,0,0,0,0,0,0,0,0,0,0,0,0,0,0,0
1.34936730479948,3.4496927829421,0.0270210078894611,0.3552188251187,0.931442080378251,0.228187919463087,0.530479251941314,0.187919463087248,0.181208053691275,0.295302013422819,0.0710328363587226,0.182632998998033,0.197186959890339,0.209651945884737,7.84210526315789,49.6666666666667,0.157894736842105,0.394931371783156,5.25715279019409,0.157264647197533,0.598873340188671,0.412659446497695
0,0,0,0,0,0,0,0,0,0,0,0,0,0,0,0,0,0,0,0,0,0
0,0,0,0,0,0,0,0,0,0,0,0,0,0,0,0,0,0,0,0,0,0
0,0,0,0,0,0,0,0,0,0,0,0,0,0,0,0,0,0,0,0,0,0
1.61241934076601,3.35399595345647,0.0176918029648144,0.404724644161264,0.8505291005291,0.2,0.448214989063116,0.146666666666667,0.106666666666667,0.246666666666667,0.0939111111111111,0.170042049390989,0.175460168417915,0.161506073477904,7.89473684210526,50.0,0.157894736842105,0.340357504244596,6.54152693941426,0.160268456375839,0.598544220900522,0.443770873588377
0,0,0,0,0,0,0,0,0,0,0,0,0,0,0,0,0,0,0,0,0,0
7.8437402869846,17.1740281318306,5.71051690279123e-05,0.600576692297435,0.9375,0.208860759493671,0.428060828333228,0.158227848101266,0.0632911392405063,0.272151898734177,0.243751001442077,0.12022524220311,0.181360838259478,0.167179652428997,7.18181818181818,22.5714285714286,0.318181818181818,0.361596454868535,5.9878402003052,0.159155043134725,0.557932850559579,0.471998544982911
0,0,0,0,0,0,0,0,0,0,0,0,0,0,0,0,0,0,0,0,0,0
0,0,0,0,0,0,0,0,0,0,0,0,0,0,0,0,0,0,0,0,0,0
0,0,0,0,0,0,0,0,0,0,0,0,0,0,0,0,0,0,0,0,0,0
0,0,0,0,0,0,0,0,0,0,0,0,0,0,0,0,0,0,0,0,0,0
1.5972746091371,4.26754791413054,0.015396597159035,0.49292750672061,0.904943332529539,0.228758169934641,0.480578519530392,0.176470588235294,0.196078431372549,0.287581699346405,0.0779614678115255,0.178380914838658,0.189784672543293,0.203641186399807,8.05263157894737,51.0,0.157894736842105,0.403262889662376,5.08340165581545,0.149724802201582,0.602549749822934,0.368020037004865
0,0,0,0,0,0,0,0,0,0,0,0,0,0,0,0,0,0,0,0,0,0
0,0,0,0,0,0,0,0,0,0,0,0,0,0,0,0,0,0,0,0,0,0
0,0,0,0,0,0,0,0,0,0,0,0,0,0,0,0,0,0,0,0,0,0
1.57303817430582,3.39415575482561,0.0166721350053671,0.388062883026912,0.736903810285105,0.232876712328767,0.538058841216767,0.178082191780822,0.143835616438356,0.294520547945205,0.0825201726402702,0.172177595091711,0.173292477129408,0.212940758504308,7.68421052631579,48.6666666666667,0.157894736842105,0.414897475723022,4.82863486988187,0.150212564950402,0.58935549419059,0.347098644470357
0,0,0,0,0,0,0,0,0,0,0,0,0,0,0,0,0,0,0,0,0,0
0,0,0,0,0,0,0,0,0,0,0,0,0,0,0,0,0,0,0,0,0,0
0,0,0,0,0,0,0,0,0,0,0,0,0,0,0,0,0,0,0,0,0,0
0,0,0,0,0,0,0,0,0,0,0,0,0,0,0,0,0,0,0,0,0,0
11.4369169003039,20.6745575969517,6.38564143960557e-06,0.645057676486548,0.992700729927007,0.198630136986301,0.431283872481521,0.143835616438356,0.0616438356164384,0.26027397260274,0.256474010133233,0.0780426382007428,0.142781030649933,0.233413634056259,6.63636363636364,20.8571428571429,0.318181818181818,0.382990610901298,5.49403542859143,0.157392536608408,0.539093391075127,0.461562685164463
1.39972724674328,3.62259395449228,0.107328134669824,0.360574039914069,0.768436914061017,0.270676691729323,0.595483948519837,0.225563909774436,0.135338345864662,0.338345864661654,0.0738877268358867,0.17670449288537,0.182680118117708,0.297681674295734,7.0,44.3333333333333,0.157894736842105,0.426736232013521,4.64025718688559,0.147755753018911,0.588881408780073,0.396301094578096
0,0,0,0,0,0,0,0,0,0,0,0,0,0,0,0,0,0,0,0,0,0
0,0,0,0,0,0,0,0,0,0,0,0,0,0,0,0,0,0,0,0,0,0
0,0,0,0,0,0,0,0,0,0,0,0,0,0,0,0,0,0,0,0,0,0
0,0,0,0,0,0,0,0,0,0,0,0,0,0,0,0,0,0,0,0,0,0
1.12682044289108,3.51331309843885,0.0230084222251566,0.379315231839862,0.888038548752835,0.24025974025974,0.506908726850953,0.181818181818182,0.149350649350649,0.272727272727273,0.0734103558778883,0.171086785532224,0.182333450621628,0.117659707561185,8.10526315789474,51.3333333333333,0.157894736842105,0.368429966022287,5.82312534209086,0.160512689924455,0.598518111964874,0.476270028784665
0,0,0,0,0,0,0,0,0,0,0,0,0,0,0,0,0,0,0,0,0,0
0,0,0,0,0,0,0,0,0,0,0,0,0,0,0,0,0,0,0,0,0,0
0,0,0,0,0,0,0,0,0,0,0,0,0,0,0,0,0,0,0,0,0,0
0,0,0,0,0,0,0,0,0,0,0,0,0,0,0,0,0,0,0,0,0,0
1.05132876922219,2.79848837932357,0.0265239310865724,0.366275277234181,0.895676078650638,0.214285714285714,0.497341770595651,0.162337662337662,0.136363636363636,0.272727272727273,0.0719767245741272,0.128309976695963,0.189677880284534,0.18290622184947,8.10526315789474,51.3333333333333,0.157894736842105,0.351931115847242,6.24605348988911,0.161955691367456,0.596395665527032,0.380930570941989
0,0,0,0,0,0,0,0,0,0,0,0,0,0,0,0,0,0,0,0,0,0
0,0,0,0,0,0,0,0,0,0,0,0,0,0,0,0,0,0,0,0,0,0
0,0,0,0,0,0,0,0,0,0,0,0,0,0,0,0,0,0,0,0,0,0
1.03567524833346,3.18301379895026,0.0362536403609367,0.36984077982338,0.925160904056279,0.217391304347826,0.541192293520017,0.173913043478261,0.173913043478261,0.333333333333333,0.0736714975845411,0.176311070851983,0.180929361248316,0.178146282367909,7.26315789473684,46.0,0.157894736842105,0.415696562475314,4.83280478221823,0.152967311964456,0.584602619569727,0.444123460238632
27971.8249974624,46.0610161284469,0.0,1.0,1.0,0.016,0.187292641127692,0.008,0.0,0.016,0.799424,0.00728138366678141,0.00800000000000001,0.012,11.3636363636364,35.7142857142857,0.318181818181818,0.0672215447583069,62.0040322580645,0.193156626506024,0.531869777551007,0.377808429098717
0,0,0,0,0,0,0,0,0,0,0,0,0,0,0,0,0,0,0,0,0,0
0,0,0,0,0,0,0,0,0,0,0,0,0,0,0,0,0,0,0,0,0,0
0,0,0,0,0,0,0,0,0,0,0,0,0,0,0,0,0,0,0,0,0,0
6.10738889742887,3.50197912860254,0.0150649342548945,0.419086378172416,0.896713615023474,0.202702702702703,0.495893653660212,0.135135135135135,0.175675675675676,0.236486486486486,0.0799397370343316,0.160113306182687,0.162966932026944,0.16246938150643,7.78947368421053,49.3333333333333,0.157894736842105,0.376895345440826,5.57647819282847,0.160139731568303,0.592752659574468,0.378474623432299
0,0,0,0,0,0,0,0,0,0,0,0,0,0,0,0,0,0,0,0,0,0
0,0,0,0,0,0,0,0,0,0,0,0,0,0,0,0,0,0,0,0,0,0
1.49892167900804,5.78859517173927,0.016223461291031,0.398768987004281,0.751958689458689,0.217105263157895,0.493240976911424,0.171052631578947,0.164473684210526,0.269736842105263,0.0711997922437673,0.162562107171338,0.196344097079391,0.189383465118759,8.0,50.6666666666667,0.157894736842105,0.389290097706569,5.3731127260539,0.154060648309516,0.599124977903482,0.387006579196589
0,0,0,0,0,0,0,0,0,0,0,0,0,0,0,0,0,0,0,0,0,0
0,0,0,0,0,0,0,0,0,0,0,0,0,0,0,0,0,0,0,0,0,0
2337.44486884204,253.497275218163,2.78918350926977e-16,0.985074626865672,0.985074626865672,0.0248756218905473,0.0568143674121481,0.00995024875621891,0.00497512437810945,0.0248756218905473,0.849384916214945,0.00554278238264613,0.00497512437810943,0.0248756218905473,9.13636363636364,40.2,0.227272727272727,0.111909908701684,33.0075757575758,0.196169154228856,0.569415416192133,0.482627921555959
0,0,0,0,0,0,0,0,0,0,0,0,0,0,0,0,0,0,0,0,0,0
1.13975131591401,3.00875931420813,0.017950971540973,0.36504433312944,0.838301178726711,0.23841059602649,0.520746959277732,0.178807947019868,0.172185430463576,0.28476821192053,0.0718828121573615,0.182606051132841,0.190370701008999,0.280860982988643,7.94736842105263,50.3333333333333,0.157894736842105,0.407084529380882,5.01050328709903,0.151258278145695,0.604043690448524,0.433774320415268
1.26772593130369,3.35331848288327,0.0179505329335474,0.37416382683327,0.747196360558612,0.251700680272109,0.526788083913211,0.170068027210884,0.156462585034014,0.306122448979592,0.0677495487991115,0.180981436598492,0.186337617212731,0.203987274576624,7.73684210526316,49.0,0.157894736842105,0.430483314575726,4.58351894335924,0.152921442549623,0.600322163375882,0.352822911816576
0,0,0,0,0,0,0,0,0,0,0,0,0,0,0,0,0,0,0,0,0,0
0,0,0,0,0,0,0,0,0,0,0,0,0,0,0,0,0,0,0,0,0,0
5455.86308886503,21.5017520436406,0.0,0.992217898832685,1.0,0.0155642023346304,0.115430832231694,0.00778210116731518,0.0,0.0194552529182879,0.752078002694969,0.0,0.0,0.0,18.3571428571429,64.25,0.285714285714286,0.0657018783806144,63.7539215686275,0.186952821011673,0.59606498586193,0.389051080479595
0,0,0,0,0,0,0,0,0,0,0,0,0,0,0,0,0,0,0,0,0,0
0,0,0,0,0,0,0,0,0,0,0,0,0,0,0,0,0,0,0,0,0,0
0,0,0,0,0,0,0,0,0,0,0,0,0,0,0,0,0,0,0,0,0,0
0.932575177961938,2.72555452719368,0.01746262758755,0.393849206349206,0.756944444444444,0.213333333333333,0.509074469179557,0.146666666666667,0.14,0.26,0.0730222222222222,0.160328196493879,0.162433862433862,0.238756613756614,7.89473684210526,50.0,0.157894736842105,0.373248772171642,5.65873015873016,0.155525727069351,0.609971471267491,0.363109869297271
1.3474931344202,3.08744305271334,0.0230826939930821,0.354635192663362,0.908467119734725,0.206666666666667,0.472745561699201,0.166666666666667,0.14,0.26,0.0777333333333333,0.183905984588775,0.190635499086203,0.197694168116703,7.89473684210526,50.0,0.157894736842105,0.358793824162211,6.07019271808004,0.15821029082774,0.59285227597424,0.433372906299601
0,0,0,0,0,0,0,0,0,0,0,0,0,0,0,0,0,0,0,0,0,0
0,0,0,0,0,0,0,0,0,0,0,0,0,0,0,0,0,0,0,0,0,0
0,0,0,0,0,0,0,0,0,0,0,0,0,0,0,0,0,0,0,0,0,0
0,0,0,0,0,0,0,0,0,0,0,0,0,0,0,0,0,0,0,0,0,0
0,0,0,0,0,0,0,0,0,0,0,0,0,0,0,0,0,0,0,0,0,0
1.16060557285788,5.457197599448,0.0220476781600293,0.393487076413132,0.893719806763285,0.227586206896552,0.49841073339779,0.172413793103448,0.110344827586207,0.268965517241379,0.0749583828775267,0.170056583418641,0.191910857223456,0.174537183962763,7.63157894736842,48.3333333333333,0.157894736842105,0.367799489939431,5.85052364328784,0.156609195402299,0.597920534719644,0.424635441657287
0,0,0,0,0,0,0,0,0,0,0,0,0,0,0,0,0,0,0,0,0,0
0,0,0,0,0,0,0,0,0,0,0,0,0,0,0,0,0,0,0,0,0,0
0,0,0,0,0,0,0,0,0,0,0,0,0,0,0,0,0,0,0,0,0,0
0,0,0,0,0,0,0,0,0,0,0,0,0,0,0,0,0,0,0,0,0,0
2.35427658233602,3.77220728377939,0.0155411139512337,0.436367920082933,0.765740740740741,0.226950354609929,0.471545840002774,0.170212765957447,0.134751773049645,0.297872340425532,0.0895327196821085,0.164674846497711,0.16495853359721,0.123367260390161,7.42105263157895,47.0,0.157894736842105,0.390302314858139,5.28885354820469,0.15612968591692,0.601883677501421,0.429072639478817
0,0,0,0,0,0,0,0,0,0,0,0,0,0,0,0,0,0,0,0,0,0
1.47525935252743,3.59264895360206,0.0270210078894611,0.355562129066186,0.845450191570881,0.241830065359477,0.520391421371593,0.202614379084967,0.124183006535948,0.281045751633987,0.073518732111581,0.181518375483832,0.196070918788972,0.160307264668319,8.05263157894737,51.0,0.157894736842105,0.387448883339177,5.4117816091954,0.15264877880977,0.592816344463972,0.362551909304579
0,0,0,0,0,0,0,0,0,0,0,0,0,0,0,0,0,0,0,0,0,0
0,0,0,0,0,0,0,0,0,0,0,0,0,0,0,0,0,0,0,0,0,0
0,0,0,0,0,0,0,0,0,0,0,0,0,0,0,0,0,0,0,0,0,0
0,0,0,0,0,0,0,0,0,0,0,0,0,0,0,0,0,0,0,0,0,0
0,0,0,0,0,0,0,0,0,0,0,0,0,0,0,0,0,0,0,0,0,0
8.99282291133654,16.923854343109,5.87996809600032e-06,0.589159877771542,0.944444444444444,0.208053691275168,0.444636074190879,0.167785234899329,0.0536912751677852,0.268456375838926,0.240754920949507,0.0854284376125337,0.172454943846341,0.149174277599197,6.77272727272727,21.2857142857143,0.318181818181818,0.410986859795059,4.93763854164895,0.157264647197533,0.547460734719123,0.473990353208185
0,0,0,0,0,0,0,0,0,0,0,0,0,0,0,0,0,0,0,0,0,0
0,0,0,0,0,0,0,0,0,0,0,0,0,0,0,0,0,0,0,0,0,0
0,0,0,0,0,0,0,0,0,0,0,0,0,0,0,0,0,0,0,0,0,0
7.09919210885125,17.5531891834443,1.40087850842624e-05,0.562908496732026,0.931299927378359,0.208333333333333,0.436240830845063,0.145833333333333,0.0694444444444444,0.270833333333333,0.243103780864198,0.0850063714162734,0.198674655047204,0.186437908496732,6.54545454545455,20.5714285714286,0.318181818181818,0.4047454677451,5.0640522875817,0.155885780885781,0.555090133891839,0.478287745976265
2059.96527005016,120.603974100159,5.28749881776065e-15,0.96969696969697,1.0,0.0303030303030303,0.0552188193736983,0.0101010101010101,0.00505050505050505,0.0353535353535354,0.859657177838996,0.0105217142998377,0.0101010101010101,0.0202020202020202,9.0,39.6,0.227272727272727,0.142573330259899,24.2603092783505,0.190534789519561,0.566513156982148,0.49608718175469
0,0,0,0,0,0,0,0,0,0,0,0,0,0,0,0,0,0,0,0,0,0
1.64822943696689,3.99125815471136,0.0156241781606575,0.51161501037662,0.923886639676113,0.214285714285714,0.487847915601997,0.157142857142857,0.171428571428571,0.307142857142857,0.0844387755102041,0.175385477161556,0.180266276551106,0.133358282584289,7.36842105263158,46.6666666666667,0.157894736842105,0.411454406968848,4.909899182345,0.157656731757451,0.59629372125361,0.355738103159026
0,0,0,0,0,0,0,0,0,0,0,0,0,0,0,0,0,0,0,0,0,0
6.9196402612906,4.28063950683265,0.0162551349212985,0.405144332257128,0.873617112561675,0.211538461538462,0.493968852177855,0.153846153846154,0.128205128205128,0.25,0.0801692965154504,0.169038505977909,0.175608001773846,0.166613487355041,8.21052631578947,52.0,0.157894736842105,0.380657601046705,5.52796240312802,0.158064516129032,0.588794783246194,0.352333435547838
0,0,0,0,0,0,0,0,0,0,0,0,0,0,0,0,0,0,0,0,0,0
0,0,0,0,0,0,0,0,0,0,0,0,0,0,0,0,0,0,0,0,0,0
0,0,0,0,0,0,0,0,0,0,0,0,0,0,0,0,0,0,0,0,0,0
1.48141978047268,3.58634898315226,0.0170985151715699,0.374586590726331,0.906567992599445,0.22972972972973,0.497627934982531,0.182432432432432,0.114864864864865,0.297297297297297,0.0719503287070855,0.177708751402244,0.177803776459705,0.151155127484235,7.78947368421053,49.3333333333333,0.157894736842105,0.395396512562219,5.21866100741869,0.156370656370656,0.594917372587141,0.426261212184753
0,0,0,0,0,0,0,0,0,0,0,0,0,0,0,0,0,0,0,0,0,0
0,0,0,0,0,0,0,0,0,0,0,0,0,0,0,0,0,0,0,0,0,0
0,0,0,0,0,0,0,0,0,0,0,0,0,0,0,0,0,0,0,0,0,0
1.3104666697258,3.05237915407278,0.02516538518926,0.370293112585202,0.751273687480584,0.219354838709677,0.50149346359532,0.154838709677419,0.116129032258065,0.270967741935484,0.0713007284079084,0.173183171735756,0.175869378506295,0.193224969391298,8.1578947368421,51.6666666666667,0.157894736842105,0.382433561539314,5.48927324890814,0.158692919983243,0.599401654250015,0.386203177960103
0,0,0,0,0,0,0,0,0,0,0,0,0,0,0,0,0,0,0,0,0,0
0,0,0,0,0,0,0,0,0,0,0,0,0,0,0,0,0,0,0,0,0,0
0,0,0,0,0,0,0,0,0,0,0,0,0,0,0,0,0,0,0,0,0,0
2035.42105317554,117.21471263587,5.40363093974166e-15,0.969230769230769,1.0,0.0307692307692308,0.0556592741138806,0.0102564102564103,0.0,0.0358974358974359,0.845312294543064,0.0106837654470089,0.0102564102564102,0.00512820512820511,8.86363636363636,39.0,0.227272727272727,0.14431028218639,23.8854712041885,0.19106529209622,0.574468085106383,0.523423030007909
0,0,0,0,0,0,0,0,0,0,0,0,0,0,0,0,0,0,0,0,0,0
1.06901143805658,2.96018680689381,0.0170347318819814,0.354891226563618,0.841437669958494,0.248275862068966,0.540273995068483,0.186206896551724,0.179310344827586,0.296551724137931,0.067538644470868,0.177058567408748,0.198368398454272,0.154143409188493,7.63157894736842,48.3333333333333,0.157894736842105,0.402739836375205,5.10265493058537,0.150766283524904,0.596531517263225,0.414160099468128
0,0,0,0,0,0,0,0,0,0,0,0,0,0,0,0,0,0,0,0,0,0
0,0,0,0,0,0,0,0,0,0,0,0,0,0,0,0,0,0,0,0,0,0
0,0,0,0,0,0,0,0,0,0,0,0,0,0,0,0,0,0,0,0,0,0
0,0,0,0,0,0,0,0,0,0,0,0,0,0,0,0,0,0,0,0,0,0
1.42711656059164,3.2862050475742,0.0188803046527726,0.37398528665652,0.897260273972603,0.233766233766234,0.56304198889997,0.188311688311688,0.162337662337662,0.311688311688312,0.0677179962894249,0.176147511315093,0.189497716894977,0.221905124302385,8.10526315789474,51.3333333333333,0.157894736842105,0.40138153075447,5.11986301369863,0.155674390968509,0.597771817619146,0.364677046042385
0,0,0,0,0,0,0,0,0,0,0,0,0,0,0,0,0,0,0,0,0,0
25843.0217804718,39.8230085838597,1.47839178180363e-20,0.992395437262357,0.992395437262357,0.0152091254752852,0.188442912003601,0.0114068441064639,0.0,0.0152091254752852,0.799346528068933,0.00743698416413474,0.00760456273764254,0.0,11.9545454545455,32.875,0.363636363636364,0.064457144787588,65.2538314176245,0.196731779525731,0.524059031522615,0.409259680899653
0,0,0,0,0,0,0,0,0,0,0,0,0,0,0,0,0,0,0,0,0,0
6.72593327249528,16.3757294745564,6.16628326361757e-05,0.595096300581912,0.97841726618705,0.208053691275168,0.441122403330685,0.161073825503356,0.087248322147651,0.275167785234899,0.230845457411828,0.144694250749658,0.162698512518656,0.209094263051098,6.77272727272727,21.2857142857143,0.318181818181818,0.375062288206285,5.61760032533414,0.159078541628877,0.550450352685838,0.409365889742018
0,0,0,0,0,0,0,0,0,0,0,0,0,0,0,0,0,0,0,0,0,0
0,0,0,0,0,0,0,0,0,0,0,0,0,0,0,0,0,0,0,0,0,0
0,0,0,0,0,0,0,0,0,0,0,0,0,0,0,0,0,0,0,0,0,0
11.1146480872663,23.9733192802912,1.7309091857159e-05,0.65414129883308,1.0,0.189542483660131,0.419423065910314,0.130718954248366,0.0718954248366013,0.281045751633987,0.247383484984408,0.0920275520252513,0.182584982242517,0.215055809233891,6.95454545454545,21.8571428571429,0.318181818181818,0.370183126054475,5.78196347031963,0.155916752665979,0.562263992615591,0.483888161350525
0,0,0,0,0,0,0,0,0,0,0,0,0,0,0,0,0,0,0,0,0,0
0,0,0,0,0,0,0,0,0,0,0,0,0,0,0,0,0,0,0,0,0,0
0,0,0,0,0,0,0,0,0,0,0,0,0,0,0,0,0,0,0,0,0,0
1.89949622430014,5.75377129200014,0.0259057970079727,0.40864004448615,0.86290967226219,0.205479452054795,0.423915562340297,0.164383561643836,0.10958904109589,0.253424657534247,0.112872959279415,0.158084098558732,0.191648420394119,0.176707329788343,7.68421052631579,48.6666666666667,0.157894736842105,0.365958651422836,5.8944427067042,0.155030703826169,0.593641690562274,0.413292914062131
0,0,0,0,0,0,0,0,0,0,0,0,0,0,0,0,0,0,0,0,0,0
0,0,0,0,0,0,0,0,0,0,0,0,0,0,0,0,0,0,0,0,0,0
1.26670297532254,3.33505222982802,0.0173149337371798,0.366482276363783,0.861527920520726,0.256756756756757,0.536765774625117,0.189189189189189,0.175675675675676,0.297297297297297,0.0689828341855369,0.177018949121187,0.197475968804788,0.212339036333958,7.78947368421053,49.3333333333333,0.157894736842105,0.396852086219711,5.21851560768192,0.155451369737084,0.599957877986568,0.377218032015507
0,0,0,0,0,0,0,0,0,0,0,0,0,0,0,0,0,0,0,0,0,0
0,0,0,0,0,0,0,0,0,0,0,0,0,0,0,0,0,0,0,0,0,0
0,0,0,0,0,0,0,0,0,0,0,0,0,0,0,0,0,0,0,0,0,0
6.66531481193515,3.8437560630354,0.0147874919814973,0.392995934005786,0.925138791148643,0.220779220779221,0.489792311891665,0.168831168831169,0.181818181818182,0.266233766233766,0.0799038623713948,0.171859185785287,0.182333450621628,0.191735084838533,8.10526315789474,51.3333333333333,0.157894736842105,0.368429966022287,5.82312534209086,0.163483575248281,0.595056247413371,0.356328243285855
0,0,0,0,0,0,0,0,0,0,0,0,0,0,0,0,0,0,0,0,0,0
0,0,0,0,0,0,0,0,0,0,0,0,0,0,0,0,0,0,0,0,0,0
0,0,0,0,0,0,0,0,0,0,0,0,0,0,0,0,0,0,0,0,0,0
1.14561792229493,3.40181896120665,0.0220476781600293,0.40042671744957,0.764141627874171,0.232876712328767,0.502430485282925,0.157534246575342,0.143835616438356,0.301369863013699,0.0708857196472134,0.174928883837574,0.178392580053604,0.158943433488503,7.68421052631579,48.6666666666667,0.157894736842105,0.399280455736836,5.14141627874171,0.150401511572981,0.605124886760709,0.356043154457482
0,0,0,0,0,0,0,0,0,0,0,0,0,0,0,0,0,0,0,0,0,0
1.6460072516611,3.59645117385052,0.0174512212264403,0.405555555555556,0.900462962962963,0.218543046357616,0.484532254095037,0.165562913907285,0.145695364238411,0.264900662251656,0.0806104995394939,0.17063982116424,0.171759259259259,0.0791666666666667,7.94736842105263,50.3333333333333,0.157894736842105,0.405054058251037,5.01071428571429,0.152671081677704,0.599766547651744,0.378541870528314
0,0,0,0,0,0,0,0,0,0,0,0,0,0,0,0,0,0,0,0,0,0
0,0,0,0,0,0,0,0,0,0,0,0,0,0,0,0,0,0,0,0,0,0
0,0,0,0,0,0,0,0,0,0,0,0,0,0,0,0,0,0,0,0,0,0
0,0,0,0,0,0,0,0,0,0,0,0,0,0,0,0,0,0,0,0,0,0
915.474825721848,54.521516862957,8.82386989914311e-13,0.965346534653465,1.0,0.0396039603960396,0.0719957385405386,0.0148514851485149,0.0,0.0495049504950495,0.820262719341241,0.0122764523673323,0.0148514851485149,0.0247524752475248,9.18181818181818,40.4,0.227272727272727,0.167350844596632,19.7126903553299,0.193192453573716,0.557801908109465,0.469018845939102
26529.1702399977,40.6847130990117,2.03659407999595e-20,0.992307692307692,0.992307692307692,0.0153846153846154,0.186464896969249,0.0115384615384615,0.00384615384615385,0.0153846153846154,0.802988165680473,0.00749098957687095,0.00769230769230766,0.0,11.8181818181818,32.5,0.363636363636364,0.06507307495461,64.5038759689922,0.197237897237897,0.522140496448914,0.428694012661563
1.42915731714918,3.09116813226548,0.0258888528198558,0.38280843518555,0.750135709039819,0.215686274509804,0.498652707477521,0.163398692810458,0.143790849673203,0.274509803921569,0.0756546627365543,0.173715877058306,0.176402968506111,0.166119134692866,8.05263157894737,51.0,0.157894736842105,0.386040877448269,5.41191685027301,0.154024767801858,0.594187228337262,0.361675861018214
1.18694829274067,3.09095746194064,0.018923443655523,0.351204002304137,0.845554784486082,0.242857142857143,0.57948917940125,0.192857142857143,0.135714285714286,0.335714285714286,0.0669897959183673,0.173545975033493,0.199946251922004,0.205016033709343,7.36842105263158,46.6666666666667,0.157894736842105,0.412993156263911,4.9097349788863,0.154265159301131,0.592148309705562,0.4285326338969
0,0,0,0,0,0,0,0,0,0,0,0,0,0,0,0,0,0,0,0,0,0
0,0,0,0,0,0,0,0,0,0,0,0,0,0,0,0,0,0,0,0,0,0
0,0,0,0,0,0,0,0,0,0,0,0,0,0,0,0,0,0,0,0,0,0
0,0,0,0,0,0,0,0,0,0,0,0,0,0,0,0,0,0,0,0,0,0
0,0,0,0,0,0,0,0,0,0,0,0,0,0,0,0,0,0,0,0,0,0
0,0,0,0,0,0,0,0,0,0,0,0,0,0,0,0,0,0,0,0,0,0
13.2262845853181,15.0933358509107,6.73832891417934e-05,0.634391367285169,0.991051454138702,0.221518987341772,0.44017987688295,0.151898734177215,0.069620253164557,0.272151898734177,0.238703733376062,0.0856420672772102,0.155544150546124,0.155559064789227,7.18181818181818,22.5714285714286,0.318181818181818,0.378523081167981,5.60523577663728,0.156978150447472,0.553405165940832,0.453965885250859
0,0,0,0,0,0,0,0,0,0,0,0,0,0,0,0,0,0,0,0,0,0
0,0,0,0,0,0,0,0,0,0,0,0,0,0,0,0,0,0,0,0,0,0
1.83442330486962,4.69181306918522,0.0113559182387612,0.514084507042254,0.911112812138532,0.222972972972973,0.455884345905609,0.148648648648649,0.128378378378378,0.27027027027027,0.0887052593133674,0.162948307863178,0.162966932026944,0.154006770089134,7.78947368421053,49.3333333333333,0.157894736842105,0.376895345440826,5.57647819282847,0.159955874241589,0.596940479636598,0.359523639092005
0,0,0,0,0,0,0,0,0,0,0,0,0,0,0,0,0,0,0,0,0,0
0,0,0,0,0,0,0,0,0,0,0,0,0,0,0,0,0,0,0,0,0,0
0,0,0,0,0,0,0,0,0,0,0,0,0,0,0,0,0,0,0,0,0,0
6.9710684313929,4.56986588743661,0.0154165939520813,0.389488229614091,0.943279059700996,0.208053691275168,0.51319106089777,0.174496644295302,0.0939597315436242,0.25503355704698,0.08332957974866,0.179492222302175,0.190883361635534,0.210758166017381,7.84210526315789,49.6666666666667,0.157894736842105,0.360555917009553,6.02624446442247,0.162071467440595,0.591664899257688,0.340028657924154
0,0,0,0,0,0,0,0,0,0,0,0,0,0,0,0,0,0,0,0,0,0
0,0,0,0,0,0,0,0,0,0,0,0,0,0,0,0,0,0,0,0,0,0
0,0,0,0,0,0,0,0,0,0,0,0,0,0,0,0,0,0,0,0,0,0
0,0,0,0,0,0,0,0,0,0,0,0,0,0,0,0,0,0,0,0,0,0
8.17125793000316,16.4170304427818,0.000113246274791883,0.573577376155942,1.0,0.212903225806452,0.427051401611539,0.161290322580645,0.0645161290322581,0.270967741935484,0.24678459937565,0.116679360870033,0.195535748545994,0.211470889725753,7.04545454545455,22.1428571428571,0.318181818181818,0.383823399612274,5.48914177543163,0.159865940511102,0.562067848911408,0.461703139526897
5.59427133836621,26.5753373122835,1.11201637284384e-05,0.56980056980057,0.925925925925926,0.248175182481752,0.489983168565434,0.197080291970803,0.0437956204379562,0.306569343065693,0.210346848526826,0.140586185298394,0.176353276353276,0.205698005698006,6.22727272727273,19.5714285714286,0.318181818181818,0.434014501734583,4.5015059015059,0.151459854014599,0.52297838756678,0.422447952416283
0,0,0,0,0,0,0,0,0,0,0,0,0,0,0,0,0,0,0,0,0,0
0,0,0,0,0,0,0,0,0,0,0,0,0,0,0,0,0,0,0,0,0,0
0,0,0,0,0,0,0,0,0,0,0,0,0,0,0,0,0,0,0,0,0,0
0.900281538251624,3.96115881271103,0.0150172551927181,0.415535956580733,0.922885572139303,0.214285714285714,0.471532388615596,0.157142857142857,0.121428571428571,0.242857142857143,0.0795408163265306,0.169753575817734,0.177909155521096,0.17029570760914,7.36842105263158,46.6666666666667,0.157894736842105,0.35806424879736,6.0702547866727,0.16207605344296,0.598922938838313,0.42052851645292
0,0,0,0,0,0,0,0,0,0,0,0,0,0,0,0,0,0,0,0,0,0
0,0,0,0,0,0,0,0,0,0,0,0,0,0,0,0,0,0,0,0,0,0
0,0,0,0,0,0,0,0,0,0,0,0,0,0,0,0,0,0,0,0,0,0
0,0,0,0,0,0,0,0,0,0,0,0,0,0,0,0,0,0,0,0,0,0
0,0,0,0,0,0,0,0,0,0,0,0,0,0,0,0,0,0,0,0,0,0
0,0,0,0,0,0,0,0,0,0,0,0,0,0,0,0,0,0,0,0,0,0
1.28923535400009,3.57431186695433,0.0174276978478432,0.371853368886399,0.8361602688652,0.26530612244898,0.557605262080985,0.217687074829932,0.156462585034014,0.319727891156463,0.0637697255773058,0.177850897782767,0.191593683690517,0.223729532189334,7.73684210526316,49.0,0.157894736842105,0.414972532820739,4.86480888282075,0.15422607399124,0.596175750672515,0.373436265638943
0,0,0,0,0,0,0,0,0,0,0,0,0,0,0,0,0,0,0,0,0,0
0,0,0,0,0,0,0,0,0,0,0,0,0,0,0,0,0,0,0,0,0,0
1.4309466008383,3.79744126296489,0.0170347318819814,0.398171436406731,0.724453977395154,0.213333333333333,0.524065654767601,0.173333333333333,0.153333333333333,0.286666666666667,0.0682222222222222,0.170737816839987,0.177231591937474,0.219538304832423,7.89473684210526,50.0,0.157894736842105,0.391594855638906,5.29593935476288,0.155257270693512,0.599796472184532,0.405182080499059
0,0,0,0,0,0,0,0,0,0,0,0,0,0,0,0,0,0,0,0,0,0
0,0,0,0,0,0,0,0,0,0,0,0,0,0,0,0,0,0,0,0,0,0
0,0,0,0,0,0,0,0,0,0,0,0,0,0,0,0,0,0,0,0,0,0
1.12371924046771,3.28642806204586,0.0179505329335474,0.387196000108693,0.804532485530284,0.243421052631579,0.518747536049026,0.171052631578947,0.217105263157895,0.309210526315789,0.065356648199446,0.169003181013122,0.171465449308443,0.132061628760088,8.0,50.6666666666667,0.157894736842105,0.403146671735463,5.04715632727371,0.149878006273963,0.587521906764809,0.455309651927897
0,0,0,0,0,0,0,0,0,0,0,0,0,0,0,0,0,0,0,0,0,0
0,0,0,0,0,0,0,0,0,0,0,0,0,0,0,0,0,0,0,0,0,0
0,0,0,0,0,0,0,0,0,0,0,0,0,0,0,0,0,0,0,0,0,0
26223.3007583544,45.2784744198605,6.87139842246756e-21,0.992248062015504,0.992248062015504,0.0155038759689922,0.187762515594598,0.00775193798449612,0.0,0.0155038759689922,0.805134907757947,0.00735024437847382,0.00775193798449614,0.0155038759689923,11.7272727272727,32.25,0.363636363636364,0.065490821314727,64.00390625,0.195185956022079,0.526556293718584,0.405671803643797
1.50032193128321,3.21774528547481,0.02516538518926,0.374434470179151,0.804195804195804,0.23841059602649,0.50317619303493,0.165562913907285,0.152317880794702,0.28476821192053,0.0724091048638218,0.184719010276305,0.190370701008999,0.181275383403043,7.94736842105263,50.3333333333333,0.157894736842105,0.407084529380882,5.01050328709903,0.153995584988962,0.59593980945597,0.376030176168012
7.89871665913074,16.4849237818234,0.00010902932166718,0.560816731038188,1.0,0.220779220779221,0.443122334493355,0.168831168831169,0.0909090909090909,0.272727272727273,0.235157699443414,0.139850058344717,0.19580149490122,0.11281965785842,7.0,22.0,0.318181818181818,0.385626751772323,5.45045801031797,0.159324335794924,0.571479059904577,0.483696046428876
0,0,0,0,0,0,0,0,0,0,0,0,0,0,0,0,0,0,0,0,0,0
0,0,0,0,0,0,0,0,0,0,0,0,0,0,0,0,0,0,0,0,0,0
0,0,0,0,0,0,0,0,0,0,0,0,0,0,0,0,0,0,0,0,0,0
0,0,0,0,0,0,0,0,0,0,0,0,0,0,0,0,0,0,0,0,0,0
0,0,0,0,0,0,0,0,0,0,0,0,0,0,0,0,0,0,0,0,0,0
0,0,0,0,0,0,0,0,0,0,0,0,0,0,0,0,0,0,0,0,0,0
7.36339649232534,21.4495557828369,3.25554445982157e-05,0.554616347717406,0.931151407931594,0.232394366197183,0.47044906709017,0.183098591549296,0.0563380281690141,0.309859154929577,0.222971632612577,0.0903723734926069,0.17969308697556,0.152952618596535,6.45454545454545,20.2857142857143,0.318181818181818,0.408823509651428,4.98687456129349,0.155129357706523,0.548677679439031,0.417943984513284
0,0,0,0,0,0,0,0,0,0,0,0,0,0,0,0,0,0,0,0,0,0
0,0,0,0,0,0,0,0,0,0,0,0,0,0,0,0,0,0,0,0,0,0
1.60303931998191,4.30916384038347,0.0130527152906807,0.534533216271583,0.944327731092437,0.204225352112676,0.452632924334061,0.154929577464789,0.154929577464789,0.26056338028169,0.0946736758579647,0.164225829042893,0.177390359128726,0.153580835319202,7.47368421052632,47.3333333333333,0.157894736842105,0.354361767030076,6.16445085496885,0.16062331435421,0.605840334020826,0.349810105193384
0,0,0,0,0,0,0,0,0,0,0,0,0,0,0,0,0,0,0,0,0,0
0,0,0,0,0,0,0,0,0,0,0,0,0,0,0,0,0,0,0,0,0,0
0,0,0,0,0,0,0,0,0,0,0,0,0,0,0,0,0,0,0,0,0,0
7.92735332759995,15.7000551003693,0.000113509689862456,0.55940575463902,0.990740740740741,0.202614379084967,0.435701750006788,0.156862745098039,0.0718954248366013,0.287581699346405,0.239865009184502,0.118885270396778,0.196070918788972,0.217961648260837,6.95454545454545,21.8571428571429,0.318181818181818,0.387448883339177,5.4117816091954,0.155572755417957,0.555282145389331,0.454354450175173
0,0,0,0,0,0,0,0,0,0,0,0,0,0,0,0,0,0,0,0,0,0
0,0,0,0,0,0,0,0,0,0,0,0,0,0,0,0,0,0,0,0,0,0
0,0,0,0,0,0,0,0,0,0,0,0,0,0,0,0,0,0,0,0,0,0
15.0182541360843,20.4441232240956,2.35969392827255e-05,0.613542913786223,0.952380952380952,0.167832167832168,0.375247042551361,0.125874125874126,0.041958041958042,0.258741258741259,0.339038583793829,0.136897463115602,0.177136677866605,0.141647034591074,6.5,20.4285714285714,0.318181818181818,0.352541972051585,6.21156039598862,0.161922584457796,0.554866171271914,0.50830267329406
0,0,0,0,0,0,0,0,0,0,0,0,0,0,0,0,0,0,0,0,0,0
0,0,0,0,0,0,0,0,0,0,0,0,0,0,0,0,0,0,0,0,0,0
2316.27567349989,254.251852561045,2.80024265498418e-16,0.984771573604061,0.984771573604061,0.0253807106598985,0.0568805196691437,0.0101522842639594,0.0050761421319797,0.0253807106598985,0.846478909531294,0.00565562485429298,0.00507614213197971,0.00507614213197971,8.95454545454546,39.4,0.227272727272727,0.113737205819492,32.3410652920962,0.19051072205532,0.574696773371285,0.533581431805248
0,0,0,0,0,0,0,0,0,0,0,0,0,0,0,0,0,0,0,0,0,0
1.1928314087739,2.84792693409558,0.015586200995062,0.359692333125571,0.800995024875622,0.26241134751773,0.581124524180535,0.212765957446809,0.177304964539007,0.354609929078014,0.0665962476736583,0.179843316925,0.179942228685937,0.13367044436551,7.42105263157895,47.0,0.157894736842105,0.409368849332821,4.94846155392771,0.153799392097264,0.589976844194509,0.397259320938906
0,0,0,0,0,0,0,0,0,0,0,0,0,0,0,0,0,0,0,0,0,0
0,0,0,0,0,0,0,0,0,0,0,0,0,0,0,0,0,0,0,0,0,0
0,0,0,0,0,0,0,0,0,0,0,0,0,0,0,0,0,0,0,0,0,0
1.47155551770435,3.75692845666452,0.0238031232008421,0.37037037037037,0.890029994783516,0.198675496688742,0.461476815977017,0.145695364238411,0.165562913907285,0.264900662251656,0.0829349589930266,0.179805673363434,0.183098591549296,0.250391236306729,7.94736842105263,50.3333333333333,0.157894736842105,0.373745239353039,5.69966092853417,0.157262693156733,0.603225177189674,0.37360596927255
0,0,0,0,0,0,0,0,0,0,0,0,0,0,0,0,0,0,0,0,0,0
0,0,0,0,0,0,0,0,0,0,0,0,0,0,0,0,0,0,0,0,0,0
1.03373083469567,2.88459689078456,0.0161693369880756,0.401594988905214,0.762202753441802,0.243243243243243,0.53386605409119,0.195945945945946,0.155405405405405,0.317567567567568,0.0680697589481373,0.17406387917934,0.177803776459705,0.175878060135556,7.78947368421053,49.3333333333333,0.157894736842105,0.395396512562219,5.21866100741869,0.1569222283508,0.596260103201059,0.361939766701362
0,0,0,0,0,0,0,0,0,0,0,0,0,0,0,0,0,0,0,0,0,0
0,0,0,0,0,0,0,0,0,0,0,0,0,0,0,0,0,0,0,0,0,0
0,0,0,0,0,0,0,0,0,0,0,0,0,0,0,0,0,0,0,0,0,0
1.18981533141569,3.3592589580912,0.0172498194726955,0.368316523999209,0.71304347826087,0.267123287671233,0.584222462252832,0.205479452054795,0.178082191780822,0.328767123287671,0.0656783636704823,0.181314909373653,0.186674011921914,0.224069836426816,7.68421052631579,48.6666666666667,0.157894736842105,0.432565795875698,4.54910868152668,0.148134152102031,0.595444771840408,0.402316181020348
0,0,0,0,0,0,0,0,0,0,0,0,0,0,0,0,0,0,0,0,0,0
0,0,0,0,0,0,0,0,0,0,0,0,0,0,0,0,0,0,0,0,0,0
1.0801659193034,3.41413495421601,0.0483347162321976,0.347337962962963,0.847395833333333,0.268115942028986,0.61358847479779,0.217391304347826,0.173913043478261,0.355072463768116,0.0686830497794581,0.180876046386075,0.194622507122507,0.133938746438746,7.26315789473684,46.0,0.157894736842105,0.434016680869665,4.53755341880342,0.149370570189358,0.594830780632411,0.431837524821434
0,0,0,0,0,0,0,0,0,0,0,0,0,0,0,0,0,0,0,0,0,0
0,0,0,0,0,0,0,0,0,0,0,0,0,0,0,0,0,0,0,0,0,0
1.28663074797699,3.55163613716512,0.02516538518926,0.343301034477505,0.825951825951826,0.25,0.519100544344989,0.190789473684211,0.164473684210526,0.296052631578947,0.0709400969529086,0.181166268943489,0.196344097079391,0.262128258451788,8.0,50.6666666666667,0.157894736842105,0.389290097706569,5.3731127260539,0.154757755315441,0.594786471830833,0.364695481166481
0,0,0,0,0,0,0,0,0,0,0,0,0,0,0,0,0,0,0,0,0,0
0,0,0,0,0,0,0,0,0,0,0,0,0,0,0,0,0,0,0,0,0,0
0,0,0,0,0,0,0,0,0,0,0,0,0,0,0,0,0,0,0,0,0,0
0,0,0,0,0,0,0,0,0,0,0,0,0,0,0,0,0,0,0,0,0,0
0,0,0,0,0,0,0,0,0,0,0,0,0,0,0,0,0,0,0,0,0,0
1.66754725634233,3.90352918674752,0.0166721350053671,0.399611264747286,0.749726670525436,0.215686274509804,0.485734269741758,0.163398692810458,0.137254901960784,0.287581699346405,0.081763424323978,0.170060642124558,0.1711757097634,0.210431539005724,8.05263157894737,51.0,0.157894736842105,0.401258960638804,5.0836066628079,0.15187478500172,0.593768723786699,0.383404235701311
26551.3054296394,41.5660335343251,9.65240415291195e-21,0.9921875,0.9921875,0.015625,0.18798224697482,0.01171875,0.0078125,0.01171875,0.806671142578125,0.00759643280032581,0.0078125,0.01171875,11.6363636363636,32.0,0.363636363636364,0.0659144123432417,63.503937007874,0.196537990196078,0.526782487097596,0.415537553868913
14.0772455889792,37.2895922986886,1.26110973212164e-05,0.635215181080484,1.0,0.186206896551724,0.428589778991172,0.144827586206897,0.0413793103448276,0.268965517241379,0.256741973840666,0.128329016062347,0.178693441950049,0.171554418868997,6.59090909090909,20.7142857142857,0.318181818181818,0.401254147400661,5.10280698430741,0.156130268199234,0.556655449387144,0.447697032146815
0,0,0,0,0,0,0,0,0,0,0,0,0,0,0,0,0,0,0,0,0,0
0,0,0,0,0,0,0,0,0,0,0,0,0,0,0,0,0,0,0,0,0,0
0,0,0,0,0,0,0,0,0,0,0,0,0,0,0,0,0,0,0,0,0,0
0,0,0,0,0,0,0,0,0,0,0,0,0,0,0,0,0,0,0,0,0,0
0,0,0,0,0,0,0,0,0,0,0,0,0,0,0,0,0,0,0,0,0,0
5.18531088752211,3.50194145035173,0.00931523655232569,0.540993788819876,1.0,0.191780821917808,0.418212343072734,0.123287671232877,0.143835616438356,0.226027397260274,0.132998686432727,0.163023245066534,0.17639751552795,0.169185645272602,7.68421052631579,48.6666666666667,0.157894736842105,0.347204043655944,6.35293305728088,0.157109116674539,0.59407522145312,0.343387486015107
0,0,0,0,0,0,0,0,0,0,0,0,0,0,0,0,0,0,0,0,0,0
1.32063423050482,3.56297643652129,0.0158320234082036,0.386780929866036,0.967543341213554,0.193333333333333,0.471816253535931,0.16,0.12,0.306666666666667,0.0696444444444444,0.16827692393581,0.168351063829787,0.126024428684003,7.89473684210526,50.0,0.157894736842105,0.357163436218319,6.07033096926714,0.158120805369128,0.595441030723489,0.401757506735323
0,0,0,0,0,0,0,0,0,0,0,0,0,0,0,0,0,0,0,0,0,0
0,0,0,0,0,0,0,0,0,0,0,0,0,0,0,0,0,0,0,0,0,0
0,0,0,0,0,0,0,0,0,0,0,0,0,0,0,0,0,0,0,0,0,0
303.983763382081,37.1502458538518,4.79898780836603e-06,0.940886699507389,1.0,0.0394088669950739,0.0298660142276263,0.0295566502463054,0.00985221674876847,0.0492610837438424,0.815889732825354,0.0196819750905025,0.0197044334975369,0.0147783251231527,10.6842105263158,50.75,0.210526315789474,0.139777791627609,24.8850502512563,0.191874359849778,0.676371933382737,0.328962028849617
0,0,0,0,0,0,0,0,0,0,0,0,0,0,0,0,0,0,0,0,0,0
0,0,0,0,0,0,0,0,0,0,0,0,0,0,0,0,0,0,0,0,0,0
8.13669509480934,16.9264641457464,0.000107036403405195,0.561797604948019,0.912620081589683,0.20253164556962,0.424716728701345,0.158227848101266,0.0949367088607595,0.291139240506329,0.247316135234738,0.126370863960819,0.194759836820634,0.286087643110936,7.18181818181818,22.5714285714286,0.318181818181818,0.378523081167981,5.60523577663728,0.157461904377973,0.555635958808795,0.439161827765335
0,0,0,0,0,0,0,0,0,0,0,0,0,0,0,0,0,0,0,0,0,0
0,0,0,0,0,0,0,0,0,0,0,0,0,0,0,0,0,0,0,0,0,0
10.0406051941667,23.702036771703,1.83962004561225e-05,0.624143835616438,0.993055555555556,0.215686274509804,0.448180550971739,0.150326797385621,0.0980392156862745,0.281045751633987,0.226152334572173,0.097141813694535,0.182584982242517,0.217434043632674,6.95454545454545,21.8571428571429,0.318181818181818,0.370183126054475,5.78196347031963,0.15436876504988,0.541663091049515,0.476627079772121
0,0,0,0,0,0,0,0,0,0,0,0,0,0,0,0,0,0,0,0,0,0
0,0,0,0,0,0,0,0,0,0,0,0,0,0,0,0,0,0,0,0,0,0
0,0,0,0,0,0,0,0,0,0,0,0,0,0,0,0,0,0,0,0,0,0
7.29474486785671,18.348490071131,8.39431493153259e-05,0.572981363502176,0.912178956089478,0.197368421052632,0.42437908074044,0.157894736842105,0.0592105263157895,0.256578947368421,0.239568905817175,0.15416026263126,0.17667533259054,0.199750497576398,6.90909090909091,21.7142857142857,0.318181818181818,0.387872828619011,5.37324991191231,0.155803415824329,0.554908485856905,0.427937140429557
0,0,0,0,0,0,0,0,0,0,0,0,0,0,0,0,0,0,0,0,0,0
26457.3228236425,36.2499093178018,3.32171687142247e-20,0.992063492063492,0.992063492063492,0.0158730158730159,0.1919296876614,0.0119047619047619,0.00793650793650794,0.0158730158730159,0.789934492315445,0.00771690264605644,0.00793650793650791,0.00396825396825395,11.4545454545455,36.0,0.318181818181818,0.0667796410970523,62.504,0.193827863150572,0.52220547681652,0.39546204415495
0,0,0,0,0,0,0,0,0,0,0,0,0,0,0,0,0,0,0,0,0,0
0,0,0,0,0,0,0,0,0,0,0,0,0,0,0,0,0,0,0,0,0,0
1.07534520861359,3.01094038577616,0.0133069507013169,0.387920774491518,0.763851141309175,0.23972602739726,0.560455906589885,0.171232876712329,0.171232876712329,0.294520547945205,0.0650215800337774,0.168931408487637,0.173292477129408,0.203206323829825,7.68421052631579,48.6666666666667,0.157894736842105,0.414897475723022,4.82863486988187,0.147850732168162,0.583564074303073,0.36198335312825
0,0,0,0,0,0,0,0,0,0,0,0,0,0,0,0,0,0,0,0,0,0
0,0,0,0,0,0,0,0,0,0,0,0,0,0,0,0,0,0,0,0,0,0
0,0,0,0,0,0,0,0,0,0,0,0,0,0,0,0,0,0,0,0,0,0
1.3556929522952,5.17223664072987,0.0254789680372069,0.385491095614557,0.740555381781531,0.224489795918367,0.491652217635545,0.170068027210884,0.204081632653061,0.272108843537415,0.0759405803137582,0.181090321775823,0.197769150408573,0.268988900950851,7.73684210526316,49.0,0.157894736842105,0.398793503256191,5.1798867811122,0.159444599757711,0.601261244970842,0.379565485873269
7.87308864680764,16.5187507221144,0.000107161988335867,0.564935745082804,0.912244618126971,0.197368421052632,0.442416859365189,0.157894736842105,0.0986842105263158,0.276315789473684,0.236106301939058,0.127874261384843,0.196344097079391,0.18843982814571,6.90909090909091,21.7142857142857,0.318181818181818,0.389290097706569,5.3731127260539,0.154844893691182,0.555210355987055,0.453654204166952
0,0,0,0,0,0,0,0,0,0,0,0,0,0,0,0,0,0,0,0,0,0
0,0,0,0,0,0,0,0,0,0,0,0,0,0,0,0,0,0,0,0,0,0
0,0,0,0,0,0,0,0,0,0,0,0,0,0,0,0,0,0,0,0,0,0
0,0,0,0,0,0,0,0,0,0,0,0,0,0,0,0,0,0,0,0,0,0
0,0,0,0,0,0,0,0,0,0,0,0,0,0,0,0,0,0,0,0,0,0
0,0,0,0,0,0,0,0,0,0,0,0,0,0,0,0,0,0,0,0,0,0
1.06651105491883,3.23799794575619,0.0274316426193069,0.353310502283105,0.920059614408929,0.235294117647059,0.507376313285365,0.183006535947712,0.0980392156862745,0.281045751633987,0.0744585415865693,0.176775802138172,0.182584982242517,0.247336377473364,8.05263157894737,51.0,0.157894736842105,0.370183126054475,5.78196347031963,0.154282765737874,0.58837018128326,0.384567510408174
0,0,0,0,0,0,0,0,0,0,0,0,0,0,0,0,0,0,0,0,0,0
2026.59057434596,136.488209271457,5.9547928012364e-15,0.97029702970297,1.0,0.0297029702970297,0.0545681051102835,0.0099009900990099,0.0,0.0297029702970297,0.849647093422214,0.0103135359513205,0.00990099009900991,0.0,9.18181818181818,40.4,0.227272727272727,0.140327270990593,24.760101010101,0.193093936259298,0.565246869772393,0.477672516084544
1.39392651461867,3.85814291102522,0.0168666439911176,0.370572271054015,0.785528885883855,0.215686274509804,0.51175457891207,0.169934640522876,0.130718954248366,0.281045751633987,0.068477935836644,0.162061930667929,0.196070918788972,0.171769589061678,8.05263157894737,51.0,0.157894736842105,0.387448883339177,5.4117816091954,0.151960784313725,0.602009582113388,0.429133659606585
0,0,0,0,0,0,0,0,0,0,0,0,0,0,0,0,0,0,0,0,0,0
5.95103734961207,4.19932746507029,0.0154345541394184,0.39903159572186,0.855995832184119,0.212903225806452,0.478689512065694,0.161290322580645,0.154838709677419,0.251612903225806,0.082372528616025,0.159139222248391,0.167166191658239,0.209373499637359,8.1578947368421,51.6666666666667,0.157894736842105,0.348682556655292,6.29016375021707,0.163803937997486,0.600300735130319,0.36909472529198
0,0,0,0,0,0,0,0,0,0,0,0,0,0,0,0,0,0,0,0,0,0
0,0,0,0,0,0,0,0,0,0,0,0,0,0,0,0,0,0,0,0,0,0
0,0,0,0,0,0,0,0,0,0,0,0,0,0,0,0,0,0,0,0,0,0
0,0,0,0,0,0,0,0,0,0,0,0,0,0,0,0,0,0,0,0,0,0
0,0,0,0,0,0,0,0,0,0,0,0,0,0,0,0,0,0,0,0,0,0
0,0,0,0,0,0,0,0,0,0,0,0,0,0,0,0,0,0,0,0,0,0
1.43664456787423,2.54399465495835,0.0245490774546368,0.366652458084683,0.851911054276783,0.227586206896552,0.53659968197174,0.193103448275862,0.124137931034483,0.289655172413793,0.084756242568371,0.183069571803379,0.184729326513214,0.124786871270247,7.63157894736842,48.3333333333333,0.157894736842105,0.384900622178034,5.4529340721796,0.152394636015326,0.593254742758998,0.412567297626528
0,0,0,0,0,0,0,0,0,0,0,0,0,0,0,0,0,0,0,0,0,0
0,0,0,0,0,0,0,0,0,0,0,0,0,0,0,0,0,0,0,0,0,0
0,0,0,0,0,0,0,0,0,0,0,0,0,0,0,0,0,0,0,0,0,0
2.34430205993345,5.44789012092563,0.00777780242061397,0.537037037037037,0.950505050505051,0.177304964539007,0.425196392720044,0.141843971631206,0.0709219858156028,0.269503546099291,0.0949650419998994,0.169054282415453,0.170707070707071,0.150897867564534,7.42105263157895,47.0,0.157894736842105,0.373637362147314,5.67508417508417,0.158763931104357,0.608631267188492,0.388657610153564
0,0,0,0,0,0,0,0,0,0,0,0,0,0,0,0,0,0,0,0,0,0
0,0,0,0,0,0,0,0,0,0,0,0,0,0,0,0,0,0,0,0,0,0
0,0,0,0,0,0,0,0,0,0,0,0,0,0,0,0,0,0,0,0,0,0
8.32799813120393,19.0522450930726,8.75586879106091e-07,0.626667183237668,0.96078431372549,0.187919463087248,0.440714630963606,0.161073825503356,0.0536912751677852,0.302013422818792,0.243007071753525,0.151963697971164,0.177515651107945,0.180015060031511,6.77272727272727,21.2857142857143,0.318181818181818,0.393485567076385,5.257296068696,0.158443678577907,0.545388938701424,0.485456504788186
