8.836649362907032,2
367,98,2793
8.875737938195874,2
363,92,2774
8.288293239758172,5
375,98,1706
9.255936819172113,10
267,34,1057
8.884168482207697,5
359,96,2780
8.85982905982906,5
357,96,2792
9.22962962962963,8
265,34,1051
8.9191873545757,5
360,90,2779
8.88473520249221,2
364,91,2764
9.296318162301418,10
257,33,1074
8.339449541284404,5
370,96,1714
8.837681076329169,7
358,94,2783
8.898841405508072,2
363,93,2786
9.218978102189782,11
260,35,1075
8.867283950617283,2
373,100,2767
9.22463768115942,11
265,35,1080
8.806184258600464,2
365,94,2766
9.214059028879719,7
261,38,1075
8.873798670465337,2
361,96,2784
8.88821142048136,2
370,92,2794
9.762432012432011,9
37,6,1388
9.259177758694717,11
258,33,1072
9.188289760348583,10
261,36,1058
8.19668216664572,5
377,94,1714
9.770299145299145,9
35,5,1397
9.237333619579218,10
264,35,1064
9.740914015561902,9
37,7,1384
8.292590286425904,3
374,94,1728
8.189539227895393,5
369,98,1726
8.235699460356994,11
379,93,1727
9.754407564266721,7
35,7,1383
9.227450980392158,11
266,34,1059
9.264270152505446,11
260,36,1063
9.18672176899957,11
267,35,1063
9.280807213396306,11
266,30,1067
8.194520779605124,6
377,96,1698
8.902247448687078,2
369,91,2774
8.218238701221834,6
374,97,1701
8.250324661723429,10
371,96,1722
8.83480531813865,2
373,94,2777
9.258264234383638,11
263,31,1054
9.204379562043794,10
258,38,1074
9.172749391727493,11
262,37,1079
9.220141753940549,11
267,36,1069
9.224130528123657,11
260,34,1072
9.747611543386192,7
36,6,1384
9.76056338028169,5
35,6,1379
8.271417200787566,5
376,95,1710
9.237852092918866,11
269,34,1035
9.20706311721769,11
261,34,1067
9.76908302964641,7
34,6,1389
9.201051953628166,7
267,35,1062
8.841746106654082,5
361,97,2797
9.246932006633498,10
254,33,1054
9.301332910187242,11
265,33,1076
9.277832244008716,10
263,34,1060
8.884445591101937,2
365,90,2781
8.28732084724982,5
370,97,1705
9.243943721569872,10
272,36,1068
9.74242424242424,7
37,7,1392
9.224455337690632,11
253,32,1069
8.171023417535922,11
378,92,1717
9.239695148132245,11
267,37,1064
8.242660863628606,5
374,95,1699
9.254847494553376,10
263,34,1058
8.27160571404633,5
374,91,1716
8.244585480289892,5
380,95,1707
9.218978102189782,11
267,34,1069
9.247002398081536,11
265,34,1082
9.754801536491678,7
37,5,1385
9.761794543484683,7
36,5,1386
9.286764705882353,10
264,33,1063
8.230884184308843,7
379,92,1722
8.315322912381735,5
371,96,1735
9.275708061002177,11
265,33,1055
8.861651722510617,2
369,98,2792
9.184789609274366,11
265,36,1061
9.264705882352942,11
257,32,1071
9.262344353799914,11
261,33,1075
8.233166922683052,10
371,97,1694
8.248847926267281,6
382,92,1696
8.937094017094017,2
362,90,2794
8.900928792569658,2
367,94,2769
8.854250277108894,2
374,94,2770
9.227504952559691,6
269,36,1080
8.19647124082608,9
367,98,1703
9.21768999570631,7
269,32,1067
9.268115942028984,11
266,32,1082
8.230907796070547,5
370,97,1715
9.228579325594252,10
256,35,1057
9.192571919278661,10
259,33,1070
8.88618468830027,2
373,89,2770
8.252377361652215,8
380,95,1711
9.197984749455339,10
266,36,1057
8.841821613968854,5
378,94,2783
9.730555555555554,7
36,7,1404
9.25566448801743,10
259,32,1066
8.881703168596873,2
369,98,2770
9.282570806100217,11
262,32,1058
9.199562089458867,11
275,34,1077
7.480541557889624,3
448,126,1244
7.630350312670754,6
447,129,1239
8.985693106004447,5
390,68,2391
7.698669261188877,3
434,126,1226
9.972826086956522,2
10,0,1830
9.364925918543618,2
201,38,1493
7.5875388814828915,7
443,129,1206
9.369589490968801,11
204,35,1506
9.353033021061723,9
200,37,1494
7.545794966236955,11
450,128,1231
9.030597472702736,9
383,67,2407
7.60914671577655,3
443,132,1228
7.501272501551831,7
446,128,1223
7.641375076734192,5
448,125,1229
7.675598526703499,5
446,125,1236
9.027596675459115,6
384,66,2388
9.302857142857142,11
202,37,1511
7.662103090279885,5
441,131,1246
7.519337016574585,5
442,125,1239
9.96195652173913,3
10,0,1830
7.553135396396962,9
444,124,1218
9.951583841906421,7
9,0,1849
7.585635359116021,9
450,132,1228
9.365241397021059,11
198,39,1527
8.998544269148459,9
397,66,2373
7.606021104903785,5
446,128,1222
9.355358447943658,11
191,35,1512
9.363019223013847,11
199,37,1491
9.35531475748194,11
201,34,1471
9.956224103765088,2
11,0,1816
7.609962756052141,5
434,130,1235
9.349512987012988,10
197,37,1519
9.374999999999998,7
196,34,1530
7.501129872575481,9
443,131,1207
9.33983579638752,10
199,38,1505
9.96195652173913,2
9,0,1830
9.955892174124218,3
10,0,1806
7.544943820224719,3
450,128,1202
7.567970204841713,7
448,127,1222
9.34140588665205,11
195,39,1497
9.961808030411023,2
9,0,1824
7.618420253779369,5
441,125,1248
9.359411334795029,10
196,34,1503
9.402594417077175,11
196,35,1510
9.95054945054945,2
11,0,1808
9.972826086956523,2
9,0,1829
7.593001841620626,5
440,127,1236
9.357677138582892,9
202,33,1478
9.972222222222221,2
11,0,1787
9.372732708790114,8
194,40,1504
9.961538461538462,2
10,0,1810
9.364729064039407,2
200,36,1511
9.385905363624143,2
190,34,1502
9.384176126590988,11
192,36,1477
9.369318181818182,9
199,35,1526
9.018390381548278,5
382,68,2402
9.950789647510959,2
10,0,1817
9.01920698619419,3
382,61,2371
9.35479370141519,5
202,40,1493
9.96700261064902,2
10,0,1806
9.361703541292936,11
193,34,1512
9.357773122579827,11
199,38,1538
9.012926098291953,5
384,65,2418
9.365357783535979,2
202,37,1494
9.939770611901759,2
11,0,1813
8.9763528539659,5
397,66,2380
9.956521739130435,2
9,0,1834
9.058916693063033,5
392,63,2414
9.317011695120314,11
189,37,1501
9.956639247943597,3
10,0,1836
9.00520181572813,5
385,67,2403
9.404220997445893,11
196,36,1497
9.961778332145402,6
8,0,1823
7.655555555555555,5
446,125,1229
9.355616883116884,10
197,36,1521
9.337305194805193,10
204,33,1514
7.62891344383057,5
444,128,1233
9.365714285714285,6
194,34,1522
9.961808030411024,2
9,0,1822
7.627041466820472,7
450,129,1233
8.986812814556718,3
396,68,2408
9.329031198686373,11
192,38,1514
9.973060156931126,2
10,0,1845
9.354651162790699,11
200,36,1484
9.018062814556718,3
395,65,2412
9.34758602978942,2
198,38,1527
9.369068423175158,11
199,35,1494
8.989770200148259,3
393,68,2380
7.460804174340086,5
444,134,1226
7.57318924169753,7
448,127,1238
8.961267605633804,6
388,66,2386
9.368261863153649,2
196,36,1493
9.36886699507389,9
196,37,1510
9.317591459268325,10
199,38,1478
9.385582922824304,9
192,35,1515
9.358011829546982,10
204,36,1489
9.962423092404117,2
10,0,1854
7.570653208912589,5
438,130,1206
9.95057947516964,7
9,0,1812
9.356623376623377,9
193,35,1528
[9.369318181818182],11
199,36,1525
[9.315292207792208],2
201,38,1514
[7.520854835771962],9
448,130,1233
[9.344703589192095],11
189,36,1499
[9.335543315653474],2
196,38,1482
[9.01647650595019],6
390,64,2403
[9.374285714285714],10
206,34,1518
[9.007422402159243],7
393,69,2389
[9.967450058754407],2
10,0,1833
[9.96718309013391],5
6,0,1819
[9.335467980295565],11
194,37,1515
[9.02144798616259],6
393,67,2381
[7.65982636148382],3
441,129,1242
[9.956609870740307],2
11,0,1831
[9.967391304347826],3
10,0,1831
[9.956194079144899],2
10,0,1817
[9.368668831168831],11
195,37,1526
[7.471011793916822],9
462,130,1207
[9.378409090909091],5
195,36,1523
[9.946120313862249],2
11,0,1844
[9.008994316777859],3
391,66,2389
[9.394294143493818],9
198,37,1548
[7.661038227355471],5
443,128,1216
[9.374269005847953],2
197,32,1481
[9.005118223760093],5
381,66,2438
[9.961417036002672],2
11,0,1802
[9.950184162062616],3
11,0,1796
[9.32346417529238],8
205,37,1487
[7.5580724370779615],5
453,127,1222
[9.036729209177325],6
383,70,2381
[9.956462342599192],3
8,0,1828
[7.747191011235955],5
439,126,1215
[9.018365844681636],3
393,66,2393
[8.965497916717428],5
393,68,2400
[9.967062991653156],2
10,0,1814
[9.343000465085376],11
191,37,1507
[7.670871700429711],3
440,127,1236
[7.545934202358783],3
448,124,1221
[7.578744459959931],7
447,129,1237
[7.589416511483551],5
446,129,1221
[9.951351351351352],2
10,0,1840
[9.967302209550962],2
10,0,1823
[9.972796388690902],2
9,0,1829
[9.393464696223317],11
194,36,1518
[9.009630720157036],5
393,65,2399
[7.522625698324022],6
447,132,1217
[9.006404122193596],6
390,68,2400
[9.95024554941682],2
11,0,1794
[8.950251645373596],11
404,71,2402
[7.598182466143976],7
448,126,1262
[9.956698002350178],2
11,0,1837
[9.382399840542156],11
206,32,1494
[9.325139398884808],9
197,35,1487
[9.967183090133908],2
11,0,1816
[9.305254515599344],9
201,39,1502
[9.369034816507595],10
196,36,1495
[7.486315987696943],5
448,128,1210
[9.339901477832512],5
195,37,1510
[7.547268777157045],5
443,127,1228
[9.387222902216783],11
194,36,1484
[7.559407443385345],5
452,127,1236
[9.33858717569566],11
198,38,1487
[9.38528735632184],10
191,37,1513
[9.342601820477045],10
198,36,1500
[7.610865561694291],5
439,130,1239
[9.364161849710984],9
195,34,1501
[7.520825574177529],7
439,130,1230
[9.961628535399027],3
10,0,1815
[9.381412151067325],11
198,35,1513
[9.956194079144899],2
11,0,1817
[9.052962826647038],5
387,68,2396
[7.576058931860037],7
448,124,1235
[9.02310603212791],9
388,65,2372
[7.6974637681159415],5
444,130,1263
[9.338863636363635],11
189,37,1529
[9.053674395779659],5
390,66,2397
[9.015888312330121],3
391,66,2388
[7.584192756292204],9
445,126,1238
[8.956029934977304],5
385,71,2399
[9.333333333333332],10
197,39,1504
[9.381247947454845],11
201,36,1509
[9.96236559139785],3
10,0,1849
[9.961688584639404],2
9,0,1818
[9.38735632183908],10
191,34,1521
[7.4811183291846275],5
451,131,1236
[8.976931425254286],5
381,67,2367
[9.003179747082187],6
399,69,2401
[7.545561762880198],11
442,126,1229
[9.000572338625393],3
385,70,2377
[9.951116333725029],2
11,0,1830
[8.999585780073586],11
392,67,2410
[9.955801104972375],2
11,0,1799
[9.961568486158649],2
10,0,1811
[8.98382105699179],6
389,68,2407
[7.488643339472069],5
447,127,1230
[9.376087967576906],7
202,35,1494
[7.6064591048898365],9
445,127,1212
[7.549118071684137],5
446,131,1210
[7.552302888368462],5
444,125,1253
[9.945265117396264],9
10,0,1817
