8.237031243394073,10
375,92,1711
9.250547388176416,11
271,34,1083
9.733674775928296,7
39,5,1382
8.232993700587665,7
368,94,1717
9.211239703889062,11
261,37,1084
9.24124616523855,11
260,35,1076
9.739087004295275,9
38,7,1373
8.257326691573267,6
379,101,1712
9.222305710605411,11
265,36,1062
8.84593542260209,2
376,97,2768
9.235669815371406,11
264,33,1064
8.221513780337311,10
379,94,1731
8.275060246057583,5
373,97,1704
8.86687306501548,5
365,94,2771
9.291058394160585,10
260,30,1078
8.890607787274455,5
364,94,2787
9.240958605664488,11
265,36,1056
8.903728547949395,5
373,93,2772
8.309090909090909,5
384,96,1720
9.241267855280991,11
262,33,1089
9.237543636940652,11
265,34,1078
9.742424242424242,7
40,6,1390
9.756750194250195,11
36,6,1396
8.854938271604938,5
368,98,2774
9.254669386002575,10
264,33,1072
8.85215574548908,2
362,92,2787
9.244525547445255,11
265,35,1063
9.78094096493857,7
32,7,1376
9.273883641047659,11
270,34,1059
9.740273810696346,5
35,7,1383
9.248097174434365,11
263,34,1086
8.878893857738028,2
358,96,2784
8.814138744690894,2
363,98,2794
8.310235488098762,7
366,95,1711
8.252118469765527,5
370,103,1730
9.737643678160918,9
38,6,1404
9.275225418634607,9
263,35,1068
8.942576687116565,2
373,91,2789
8.885104919160646,5
365,94,2779
9.238126361655775,11
259,35,1058
8.820759734093066,2
364,96,2788
8.824074074074074,2
362,93,2785
9.769230769230768,7
35,5,1390
8.850902184235519,2
367,98,2781
9.735625485625484,7
37,7,1393
8.293577981651376,5
372,98,1710
9.28594097112028,11
262,32,1079
9.755097015660397,7
36,5,1388
8.93490325625295,2
359,90,2809
8.891285118166259,2
363,93,2773
8.263698066639241,11
385,93,1728
8.863945257196791,2
362,98,2797
9.2388364104766,11
260,33,1073
8.859705603038936,5
366,98,2781
8.851258581235697,2
369,93,2759
9.741501554001553,7
38,6,1387
9.20855119825708,11
261,34,1057
8.868015194681862,2
370,91,2781
9.757519157088122,7
35,6,1402
9.241457738284142,11
259,33,1079
8.876234072675791,2
370,95,2792
8.890639950469973,5
371,98,2794
8.877680311890838,5
371,93,2770
8.923143399810067,2
363,95,2783
9.750718390804597,11
36,6,1402
8.864548907882241,5
365,99,2777
8.852950731949699,7
362,93,2779
8.845201238390093,5
371,89,2770
8.88235294117647,2
367,94,2769
8.383401892225422,5
376,97,1729
8.204047322540474,10
379,99,1716
9.750431034482757,11
38,5,1399
8.88030806864656,2
362,95,2776
9.746823598936274,7
34,7,1381
8.904974044360547,2
369,97,2785
9.149151996565049,11
263,35,1066
8.928100301905658,2
358,90,2780
9.744540229885056,7
35,7,1406
9.755584693084693,9
35,7,1390
9.750143678160919,11
36,7,1398
9.770347707847709,7
36,5,1396
9.245479302832244,11
256,35,1061
8.27089355284655,11
372,95,1719
8.212287256122874,6
371,94,1728
9.779787234042555,7
30,7,1370
8.873970469597193,2
369,95,2804
9.756701631701631,7
35,7,1396
9.749125874125873,7
37,6,1392
8.87037037037037,2
364,93,2792
8.89239316239316,2
369,96,2776
8.825859449192782,2
369,93,2783
9.248862794879932,11
262,36,1073
9.201266638042078,11
265,35,1065
8.292424242424243,5
372,92,1732
9.20399332707747,11
264,37,1081
8.311144463704393,5
377,93,1709
9.725202277494756,11
36,7,1376
9.296732026143792,11
255,32,1064
9.734945609945608,9
38,6,1389
8.839334174215496,2
355,94,2782
9.360023119815041,8
195,40,1484
8.994687116256923,5
384,68,2373
9.38072249589491,8
194,35,1515
9.951175088131611,3
10,0,1833
9.077332559039878,4
385,67,2420
9.956073980664145,2
10,0,1812
9.961897125207887,2
11,0,1824
7.633767846058349,9
434,125,1233
8.98444979074255,3
384,65,2377
9.35175697865353,9
191,36,1516
7.575108628181253,5
447,127,1224
9.967272511285342,2
9,0,1827
9.967567567567567,2
11,0,1839
9.376785595641485,10
193,38,1503
9.322792207792208,10
195,38,1524
7.488888888888889,10
449,132,1223
7.515457373198756,11
442,125,1208
8.996145292809489,3
387,62,2400
9.956073980664144,2
9,0,1813
7.666813131630155,5
441,128,1214
9.978494623655912,2
10,0,1850
8.95199609051951,3
381,66,2377
9.38150289017341,9
187,33,1510
7.4971761817065685,7
445,129,1228
7.593226445685462,11
441,129,1254
9.354285714285714,11
196,37,1517
9.945325166636643,2
10,0,1818
7.587569060773481,10
442,126,1235
9.9783196239718,3
9,0,1834
9.403051948051948,9
203,34,1522
9.353265563749916,11
202,36,1494
7.5096378146101905,5
444,123,1236
7.5696132596685075,9
445,129,1232
9.00815418828762,4
391,65,2387
9.024647887323944,6
389,66,2385
9.354062852966582,8
198,37,1499
9.002036559931296,5
381,68,2407
9.956492040864813,3
11,0,1825
9.418510397980201,11
189,35,1513
7.551319828115409,11
441,127,1237
9.335740883410375,9
190,36,1535
9.333333333333332,2
197,37,1476
7.526243093922652,3
447,133,1223
9.950699573650393,5
9,0,1815
9.335172413793105,11
191,35,1518
7.63585021485574,5
438,126,1238
9.95087906866239,2
11,0,1822
7.529050279329608,5
451,127,1219
9.021285731812046,8
385,66,2400
7.553817504655493,7
441,127,1227
9.046362409520304,3
382,67,2403
7.515270018621974,5
439,128,1232
8.969218500797448,3
392,70,2390
7.556022848534303,3
445,124,1215
7.528729281767957,3
440,128,1237
9.972527472527473,3
7,0,1812
9.35057471264368,9
198,38,1504
9.967391304347828,2
10,0,1831
7.553897021058039,3
436,126,1204
8.973026973026974,6
395,66,2402
7.564148253741981,5
448,133,1254
8.958486830564116,4
397,69,2357
7.575860603484913,7
448,129,1234
7.587912087912088,5
441,127,1252
7.49573357888275,5
440,131,1238
7.66365126586121,5
435,129,1251
9.01180797522261,3
384,70,2420
7.465181235320257,2
447,131,1197
7.55179965720815,3
450,126,1201
9.035394265232975,6
380,71,2348
9.951116333725029,2
10,0,1831
9.951057258256117,2
10,0,1829
7.477063935443824,8
452,125,1215
9.96195652173913,2
10,0,1830
7.533898305084746,5
442,128,1202
7.626043562864854,5
437,130,1215
9.341837751644409,11
197,35,1500
7.58566571549997,3
445,129,1240
7.592848373235114,10
441,131,1235
9.96141703600267,2
11,0,1803
9.961264579496625,2
9,0,1798
7.618480966547265,3
454,128,1236
9.02114789005033,5
376,68,2427
7.585029724373987,5
441,126,1255
9.96700261064902,3
7,0,1810
9.016896431593093,9
390,63,2385
7.69769631535999,5
435,125,1225
9.956073980664145,2
10,0,1813
9.972914218566393,2
9,0,1836
9.956462342599194,2
11,0,1826
7.613842848373236,7
451,127,1228
9.955739717618172,2
11,0,1794
7.599600076175967,5
442,129,1208
7.579066912216083,9
449,126,1230
7.61851107902831,3
452,123,1214
7.501258440761203,5
431,128,1242
7.558659217877095,6
446,129,1215
9.363359360121882,11
211,34,1530
9.36258233633553,9
191,34,1500
7.669367710251688,6
443,128,1231
[7.588050900062073],5
436,128,1227
[7.599083237204784],3
446,128,1238
[9.332033875520903],9
193,34,1495
[7.560432933409509],4
448,128,1199
[7.609100843907473],11
450,128,1233
[7.521978021978022],5
448,132,1240
[9.967567567567569],2
10,0,1840
[9.944689993861264],3
11,0,1796
[8.966987892265875],5
390,66,2390
[9.004760152128574],3
393,68,2392
[7.5418994413407825],6
443,122,1229
[9.967712874164487],2
10,0,1846
[9.333694581280788],11
190,39,1512
[8.990136179609864],4
386,65,2401
[7.58158379373849],9
441,129,1237
[9.027702122438965],3
388,66,2405
[9.02867132867133],4
389,65,2398
[9.396186299913627],2
191,35,1513
[7.691406953702036],2
451,124,1253
[9.034965034965035],3
385,66,2409
[7.584683855125844],7
446,127,1228
[7.567949631741506],9
435,126,1277
[9.370340841140123],11
196,34,1501
[7.6484346224677715],5
445,135,1223
[9.339024062373976],5
200,37,1487
[8.959808612440192],8
387,66,2402
[8.970187707029812],3
392,66,2397
[9.956580493537016],2
10,0,1831
[9.345029239766081],11
189,38,1483
[9.967183090133908],2
10,0,1818
[9.003234957447868],6
384,65,2390
[9.333333333333334],11
200,35,1505
[9.945054945054945],9
10,0,1810
[9.961538461538462],3
11,0,1809
[7.611559711007225],6
440,127,1246
[7.523449969306323],6
450,130,1225
[9.375420083344537],2
201,39,1489
[9.359581123351013],8
198,37,1483
[8.97698203354402],6
390,66,2379
[9.378246753246755],11
205,35,1513
[9.014314953339344],9
382,68,2411
[9.020793180133431],5
378,66,2405
[9.355611196712891],2
197,38,1534
[7.538888888888889],5
445,128,1227
[9.961477748770568],2
10,0,1808
[9.323262535287],2
203,35,1491
[9.96141703600267],3
8,0,1805
[9.01478585570007],3
387,65,2370
[7.586717720168224],5
442,125,1219
[9.950061387354204],2
11,0,1794
[7.5348541278708865],3
442,126,1225
[9.972677595628413],2
10,0,1820
[8.997326267905535],6
385,68,2419
[7.523265807243708],6
443,126,1232
[9.048190406085142],7
386,65,2407
[7.688764787125443],6
451,129,1246
[9.366121852368611],11
197,36,1502
[9.95123384253819],2
10,0,1834
[9.331143274296961],10
197,36,1546
[7.615377532228361],10
441,125,1237
[8.996100552737186],3
384,66,2369
[9.02540650406504],4
388,66,2419
[8.948579194465038],4
398,67,2379
[9.978290246768507],2
8,0,1833
[9.961538461538462],2
11,0,1809
[7.591868404717566],7
441,127,1230
[9.38442667025138],11
202,35,1485
[7.515704531346989],7
449,125,1221
[9.961538461538462],2
9,0,1810
[7.496958410924892],5
446,131,1221
[9.379807361541108],10
195,34,1480
[9.956462342599192],2
11,0,1827
[9.94535519125683],2
11,0,1819
[9.337153677496511],11
199,36,1500
[7.6079189686924495],5
443,132,1231
[9.961417036002672],3
10,0,1803
[9.966850828729282],2
8,0,1802
[9.395987363892997],9
192,36,1494
[9.312906403940886],11
198,36,1512
[7.621468926553672],5
447,126,1197
[8.988779513169758],4
388,71,2409
[8.983805668016196],7
393,64,2397
[7.5347759361571525],5
441,131,1233
[7.7117964908020165],5
451,131,1232
[9.944994232287051],5
10,0,1808
[9.95693112467306],2
11,0,1848
[9.977930908870135],2
10,0,1802
[9.027625401532],5
389,65,2395
[9.956043956043956],5
8,0,1810
[7.666052793124616],5
445,126,1233
[7.574769797421731],5
445,125,1232
[7.651356930362455],5
447,132,1235
[7.518525190656339],11
440,132,1254
[9.961808030411024],2
9,0,1824
[9.968169537318474],3
10,0,1873
[7.54224468018329],9
444,127,1211
[9.955831461356324],3
9,0,1803
[9.950699573650393],2
11,0,1815
[9.329927760577917],9
197,37,1467
[9.02987244066862],5
390,67,2367
