9.74888306138306,5
35,7,1392
8.222572189574262,10
371,97,1709
9.24986180210061,11
255,33,1058
9.770299145299145,7
36,5,1395
8.262672811059907,6
382,92,1696
9.710868045150335,9
36,7,1375
8.307114289177068,7
361,97,1763
9.775386585245741,9
35,6,1384
9.759329239489846,7
36,6,1412
8.266055045871559,5
376,93,1711
8.893688673758467,2
371,95,2797
9.735382672882672,11
36,7,1393
9.75095785440613,7
36,7,1402
9.741792929292927,11
37,6,1389
8.26863139374136,9
373,94,1722
9.746725105880035,5
35,7,1379
8.277355749273559,5
372,94,1728
9.729741379310346,5
35,5,1403
9.749562937062937,7
38,5,1394
9.765957446808512,7
35,7,1368
8.304147465437788,5
369,94,1707
8.283536972054286,5
381,96,1702
8.835232668566002,5
364,93,2788
9.749999999999998,7
35,5,1400
8.376146788990827,7
369,98,1713
9.728826728826728,9
37,7,1394
8.86627730294397,5
363,94,2789
9.242727557084766,11
272,33,1081
8.844207468562475,2
366,91,2779
8.875821462488128,2
375,95,2777
8.20788709007887,8
382,91,1720
9.757758620689653,7
34,7,1404
8.24389426500775,5
379,90,1712
8.85986786219915,5
369,95,2790
9.762090022653403,9
35,5,1389
9.224613568054961,11
261,34,1072
9.735916860916861,9
35,7,1397
9.23169815371404,10
256,35,1076
9.768295085196495,7
36,6,1382
8.32044426162073,5
376,96,1737
8.229965229776717,5
379,96,1706
9.719541022357925,5
39,7,1380
8.295762928827445,6
362,95,1708
9.761302078203485,9
34,6,1385
8.860334980674192,2
367,94,2768
8.849126305792971,2
364,96,2781
8.927898390477473,2
370,96,2761
9.27885327409288,10
263,35,1075
8.300041511000416,5
375,99,1720
8.211365254911817,6
381,96,1709
8.860958223445323,2
360,96,2775
9.73328080370334,9
38,7,1379
8.130427429924323,6
388,95,1694
8.242797841427977,8
381,94,1716
8.315130759651307,5
369,98,1729
8.207866334578664,9
369,97,1727
8.26007815713698,5
379,100,1728
9.746478873239436,9
35,6,1379
8.222364703325363,9
363,94,1692
8.902986366171183,2
369,94,2764
9.729069541569542,9
36,6,1397
9.782724317935585,7
35,6,1386
9.747069831576873,7
36,7,1380
9.720376845376846,11
37,7,1387
8.851851851851851,6
363,95,2782
9.234858387799564,11
263,34,1062
9.727272727272727,7
35,7,1388
9.729358237547892,7
36,7,1398
8.216064757160648,11
375,97,1720
9.182461873638344,11
268,34,1056
8.872127255460589,2
363,91,2791
8.885099715099715,5
364,96,2787
9.753668866344922,7
34,7,1380
8.869565217391305,2
369,95,2756
9.748640248640248,7
37,7,1388
8.291823447342832,5
369,91,1718
8.231818181818182,5
382,100,1718
8.272862469104771,6
374,94,1715
8.165954505466884,11
382,95,1704
9.239587805925291,6
263,35,1070
9.261807642765136,11
252,36,1080
9.732394366197184,9
38,6,1376
9.75095785440613,10
36,7,1402
9.740618536393185,7
37,7,1382
8.297737556561085,7
381,98,1724
9.761302078203487,7
37,6,1381
8.288397675383978,5
376,91,1724
8.948725299086496,2
367,96,2771
9.217755991285403,11
270,33,1052
9.752432687765708,9
37,5,1412
8.210875882108759,6
376,98,1717
9.758477011494252,7
34,7,1408
8.8985754985755,5
359,94,2788
8.837834757834758,5
364,96,2784
9.768344331724615,7
35,6,1383
8.873724343538585,2
363,96,2773
8.274865089248651,11
374,99,1718
8.240292060880295,9
379,97,1729
8.845335015097657,5
361,99,2779
8.23064727518708,7
378,95,1703
9.95111633372503,5
10,0,1831
9.967567567567569,2
10,0,1838
7.5705178799101445,5
450,128,1233
9.29625938475849,11
201,37,1496
7.51685393258427,9
448,129,1203
7.614261429178556,5
444,130,1241
9.023825297509509,5
396,67,2395
9.967123040893533,3
10,0,1814
7.593406593406593,11
446,128,1246
9.961718609259592,2
11,0,1816
9.951321974148064,2
11,0,1838
9.371073031415749,11
189,35,1493
9.027422485442692,6
384,68,2386
9.945325166636641,9
10,0,1819
8.983098591549297,7
391,68,2383
9.97255749714766,2
10,0,1811
9.012231628021102,5
386,68,2401
9.358226600985223,8
203,37,1505
9.36896551724138,5
201,36,1506
9.001815257912819,5
395,67,2403
8.993522267206478,5
386,69,2397
9.341543513957307,8
206,38,1502
9.001340123291342,5
393,66,2405
8.97868973132131,6
387,63,2409
9.376486612185237,9
192,36,1505
9.962103407755583,2
10,0,1836
9.071562583757705,5
391,68,2406
9.002048828364618,8
390,67,2399
7.588397790055248,3
439,129,1244
9.00628860884606,4
383,68,2397
9.95087906866239,2
9,0,1822
9.961778332145403,2
11,0,1821
9.95598324327606,2
11,0,1806
9.967683812845104,2
8,0,1848
9.961688584639402,2
10,0,1817
9.015418828762048,3
384,66,2394
9.37142857142857,11
203,34,1513
9.376054747192878,11
195,35,1501
8.997870692992644,6
393,68,2413
8.981781376518219,4
396,64,2398
7.50552451893234,7
452,127,1217
8.956239189523105,6
391,68,2386
8.989888160619866,5
388,64,2409
7.512246777163904,11
446,129,1234
7.569832402234637,8
445,129,1216
8.963491475166792,5
393,66,2387
9.003916481344206,3
384,68,2389
9.957389919217203,2
9,0,1867
7.545887047268263,7
444,128,1229
9.027143588119198,6
396,63,2409
9.306396103896104,11
197,40,1522
9.945325166636641,2
11,0,1817
7.589451176051319,9
448,127,1263
9.951467596628888,2
11,0,1842
9.033055158759993,4
391,68,2364
7.608133824432167,7
451,128,1223
9.049353085938453,3
389,65,2407
7.578003963249865,6
446,135,1244
9.951842907250876,2
10,0,1856
7.626567349472378,5
443,132,1224
9.961508105154515,2
9,0,1809
9.951027559990496,7
9,0,1828
9.961897125207889,2
11,0,1826
9.961748633879782,2
11,0,1820
9.404532019704433,11
201,35,1511
9.961837728676645,2
11,0,1822
7.701644131276583,7
446,125,1204
9.978201473033975,2
7,0,1828
9.025026432141486,5
391,67,2424
9.393004926108373,11
198,35,1513
7.509807572936066,5
446,125,1224
8.996491228070175,9
394,66,2390
9.368538587848933,2
194,37,1511
9.010452961672474,5
388,70,2412
8.954703832752614,4
391,67,2412
9.96724281301972,2
11,0,1823
8.971151470224859,7
390,67,2391
9.95054945054945,2
10,0,1809
9.038097845020653,6
388,61,2389
9.006597479614529,4
386,64,2399
9.338681815161783,9
192,37,1510
9.020101309612057,8
383,64,2400
7.53072625698324,5
452,130,1208
8.954704944178628,6
388,69,2394
9.351001642036124,2
199,38,1504
9.972527472527473,2
10,0,1809
8.99298245614035,3
396,70,2384
9.354134565998972,11
191,37,1537
9.354551874678993,11
201,34,1531
8.988423523597726,6
384,69,2394
9.95057947516964,5
9,0,1812
7.6065097355419935,3
445,128,1278
9.962249346120315,2
11,0,1846
9.956756756756757,2
10,0,1841
9.961808030411024,2
9,0,1828
8.978763341921237,3
397,67,2395
9.021629247945038,5
387,63,2402
9.038952275794381,6
381,66,2404
8.961538461538462,6
395,66,2399
8.997460434302539,3
394,67,2392
[9.96192682347351],3
10,0,1828
[9.956043956043956],3
10,0,1810
[9.956668625146886],2
11,0,1835
[9.967450058754407],3
11,0,1832
[9.037793427230046],3
384,65,2399
[9.972375690607736],2
10,0,1803
[7.5562432552529675],5
446,126,1200
[9.404923260912897],11
194,36,1501
[9.348045977011495],10
204,38,1506
[7.619367710251688],6
442,127,1233
[8.970249262932189],5
394,71,2400
[7.572222222222222],6
441,126,1233
[9.955922530508166],2
10,0,1807
[9.349768875192602],11
204,38,1527
[9.400405288685137],11
201,34,1499
[9.356129856163465],11
208,33,1483
[9.96132596685083],2
11,0,1800
[9.950849370396767],7
9,0,1822
[9.961508105154515],6
8,0,1809
[9.406976744186048],11
199,34,1487
[9.962249346120315],2
11,0,1846
[9.950276243093924],3
9,0,1801
[8.988584586145564],4
392,69,2406
[9.030993396847055],4
390,64,2415
[7.453004622496147],5
449,128,1186
[9.355611196712893],11
196,39,1534
[9.34474025974026],11
200,35,1520
[9.067091445140226],8
385,67,2410
[9.962220284800932],2
10,0,1843
[9.381083743842364],10
201,34,1510
[7.408839779005524],4
450,130,1230
[9.018766987892265],6
391,69,2383
[9.357110389610389],9
193,36,1529
[7.53739913097455],11
439,127,1233
[8.972899030793767],7
391,69,2393
[9.956373247802327],2
9,0,1822
[9.006335128286349],8
390,64,2414
[9.972943595769683],2
11,0,1837
[9.950609499789827],2
11,0,1812
[9.961748633879782],3
9,0,1821
[7.594172538564082],5
446,125,1208
[7.531692064841237],9
446,127,1238
[8.9879933310108],5
403,65,2367
[8.943288707510076],5
390,67,2382
[7.605555555555556],3
446,131,1223
[9.956756756756757],2
11,0,1839
[9.362068965517242],9
194,36,1510
[7.580465982105326],8
443,130,1254
[9.978494623655914],2
8,0,1850
[9.380454545454544],11
200,37,1522
[9.001356193699298],8
392,68,2374
[9.0393377810724],2
383,64,2395
[9.945857814336076],3
10,0,1836
[9.003854707190511],7
391,68,2382
[9.961688584639404],2
11,0,1815
[9.977900552486188],3
6,0,1802
[9.961867426942268],2
9,0,1829
[7.554547737116314],5
445,128,1210
[9.944720687538368],2
11,0,1797
[8.985260686928589],4
396,69,2383
[9.945887191539367],3
11,0,1836
[9.950819672131146],2
10,0,1820
[7.644148201525251],5
441,127,1253
[9.01048951048951],5
393,66,2401
[9.336479198767334],11
203,38,1522
[9.956284153005464],3
10,0,1820
[8.992234081707764],4
391,65,2402
[9.042813417608123],5
386,69,2376
[7.509712435726527],2
451,126,1194
[9.388944256195602],11
199,34,1502
[7.505493482309125],5
448,128,1220
[9.36688592120125],11
200,36,1501
[9.35136288998358],7
200,38,1504
[9.027992882740646],8
386,65,2378
[9.972527472527473],2
10,0,1813
[9.354102465331279],9
204,35,1526
[7.551381215469613],9
442,131,1228
[9.950276243093922],11
9,0,1801
[9.967450058754407],3
9,0,1837
[9.95117508813161],2
10,0,1834
[7.606773313019742],6
441,123,1212
[9.35008065600215],11
190,37,1496
[9.385385878489327],11
204,37,1500
[9.956073980664144],2
10,0,1812
[9.333727422003284],11
197,36,1508
[7.563353773298524],11
443,128,1247
[9.399080459770115],11
199,34,1514
[9.972736992159659],2
10,0,1827
[7.5855442899641785],5
451,126,1237
[8.958809483199726],4
394,67,2401
[9.950092081031308],2
10,0,1792
[9.380492610837438],11
196,36,1511
[9.006581894192006],4
397,65,2377
[7.584175506873391],5
441,125,1218
[8.974420130738748],5
382,67,2369
[9.956902063353676],2
9,0,1848
[9.36334975369458],11
192,35,1517
[9.4170197740113],11
202,34,1531
[9.010946380034593],5
390,68,2383
[9.397799671592775],11
196,36,1512
