0,0
205,1498,117
0,1
287,512,2151
0,2
132,276,943
0,3
287,994,804
1,0
294,514,2151
1,1
205,1490,120
1,2
294,976,808
1,3
136,276,942
2,0
132,288,929
2,1
291,522,2154
2,2
203,1478,121
2,3
295,971,822
3,0
296,501,2156
3,1
295,975,839
3,2
203,1481,129
3,3
135,275,921
4,0
197,1489,110
4,1
286,508,2176
4,2
132,284,935
4,3
300,972,817
5,0
214,1492,127
5,1
304,510,2144
5,2
290,987,803
5,3
130,275,930
6,0
207,1507,131
6,1
283,976,820
6,2
296,511,2174
6,3
133,261,907
7,0
293,979,838
7,1
203,1475,116
7,2
289,494,2167
7,3
134,291,927
8,0
203,1487,111
8,1
299,520,2156
8,2
300,977,831
8,3
133,276,914
9,0
306,984,823
9,1
205,1472,120
9,2
300,503,2150
9,3
134,287,923
10,0
303,973,835
10,1
131,285,919
10,2
297,505,2161
10,3
202,1475,120
11,0
129,282,911
11,1
293,526,2164
11,2
287,979,815
11,3
210,1485,125
12,0
208,1480,115
12,1
131,288,941
12,2
291,519,2144
12,3
297,983,809
13,0
135,283,920
13,1
303,517,2164
13,2
291,991,806
13,3
204,1466,126
14,0
198,1481,112
14,1
294,500,2135
14,2
300,983,832
14,3
135,288,948
15,0
204,1495,121
15,1
134,262,921
15,2
297,502,2153
15,3
302,983,832
16,0
138,276,928
16,1
202,1482,119
16,2
299,513,2190
16,3
279,971,809
17,0
134,273,923
17,1
200,1490,126
17,2
292,967,824
17,3
290,515,2172
18,0
198,1520,129
18,1
298,508,2146
18,2
130,263,923
18,3
302,975,815
19,0
290,983,834
19,1
134,281,919
19,2
212,1493,114
19,3
287,503,2157
20,0
299,509,2149
20,1
296,979,832
20,2
130,282,934
20,3
204,1476,116
21,0
138,281,946
21,1
291,984,824
21,2
293,508,2156
21,3
194,1474,117
22,0
207,1511,123
22,1
292,504,2162
22,2
305,979,823
22,3
132,259,909
23,0
298,519,2162
23,1
132,291,912
23,2
201,1480,130
23,3
287,980,814
24,0
128,292,928
24,1
201,1482,116
24,2
289,993,819
24,3
303,501,2154
25,0
134,272,920
25,1
294,519,2149
25,2
218,1481,130
25,3
299,971,819
26,0
299,988,815
26,1
137,282,950
26,2
286,497,2162
26,3
204,1478,108
27,0
291,969,827
27,1
204,1513,125
27,2
298,515,2149
27,3
137,269,909
28,0
283,505,2173
28,1
205,1485,123
28,2
131,287,934
28,3
290,975,816
29,0
204,1489,128
29,1
294,521,2158
29,2
299,974,825
29,3
134,270,911
30,0
285,516,2187
30,1
126,271,911
30,2
281,984,809
30,3
196,1517,123
31,0
295,971,819
31,1
136,274,920
31,2
206,1501,130
31,3
292,510,2152
32,0
133,276,924
32,1
208,1497,123
32,2
298,517,2132
32,3
290,975,833
33,0
203,1477,115
33,1
294,501,2153
33,2
292,979,824
33,3
135,281,952
34,0
129,263,915
34,1
291,987,826
34,2
289,514,2157
34,3
210,1493,132
35,0
297,513,2148
35,1
288,979,830
35,2
135,291,930
35,3
203,1476,116
36,0
300,962,815
36,1
207,1479,117
36,2
295,503,2172
36,3
135,281,940
37,0
305,973,823
37,1
129,280,914
37,2
203,1491,123
37,3
302,513,2150
38,0
291,517,2166
38,1
202,1470,114
38,2
140,288,913
38,3
293,996,817
39,0
307,983,818
39,1
136,285,933
39,2
205,1464,116
39,3
299,496,2165
40,0
207,1483,125
40,1
301,510,2141
40,2
137,270,909
40,3
297,995,831
41,0
128,276,924
41,1
294,512,2155
41,2
204,1485,128
41,3
291,988,821
42,0
303,511,2165
42,1
208,1483,118
42,2
294,975,816
42,3
136,283,914
43,0
207,1483,125
43,1
289,979,834
43,2
289,520,2157
43,3
131,277,915
44,0
196,1482,118
44,1
132,272,916
44,2
294,525,2176
44,3
295,981,819
45,0
133,286,946
45,1
309,953,816
45,2
207,1491,120
45,3
288,500,2157
46,0
208,1483,115
46,1
290,508,2159
46,2
135,285,935
46,3
295,981,812
47,0
132,277,925
47,1
294,980,825
47,2
197,1488,120
47,3
309,510,2149
48,0
208,1485,117
48,1
288,507,2160
48,2
133,282,938
48,3
286,980,823
49,0
138,290,937
49,1
289,503,2169
49,2
294,977,809
49,3
195,1488,118
50,0
204,1471,111
50,1
138,285,941
50,2
290,982,830
50,3
286,511,2157
51,0
286,980,829
51,1
213,1490,130
51,2
291,500,2157
51,3
134,276,920
52,0
201,1479,109
52,1
291,518,2172
52,2
131,273,940
52,3
293,992,807
53,0
305,505,2162
53,1
198,1486,120
53,2
130,286,933
53,3
288,984,809
54,0
135,274,914
54,1
210,1491,124
54,2
298,524,2147
54,3
291,981,817
55,0
129,275,889
55,1
305,956,817
55,2
203,1504,127
55,3
308,518,2175
56,0
204,1481,122
56,1
292,505,2165
56,2
137,281,921
56,3
289,978,831
57,0
303,502,2154
57,1
209,1481,120
57,2
290,979,815
57,3
135,282,936
58,0
200,1498,114
58,1
285,504,2151
58,2
308,972,825
58,3
132,281,937
59,0
302,989,832
59,1
134,286,935
59,2
200,1469,119
59,3
283,515,2143
60,0
135,292,926
60,1
301,488,2157
60,2
203,1499,122
60,3
298,967,818
61,0
297,511,2154
61,1
199,1485,115
61,2
129,292,930
61,3
294,986,814
62,0
292,520,2142
62,1
208,1510,122
62,2
296,973,824
62,3
134,272,913
63,0
301,510,2163
63,1
207,1456,116
63,2
296,979,834
63,3
138,275,931
64,0
205,1474,121
64,1
297,510,2154
64,2
299,981,820
64,3
134,275,936
65,0
291,514,2164
65,1
140,285,930
65,2
286,989,813
65,3
201,1478,115
66,0
299,522,2175
66,1
291,982,807
66,2
129,280,931
66,3
203,1475,112
67,0
135,262,943
67,1
201,1502,129
67,2
290,997,816
67,3
286,513,2132
68,0
285,509,2163
68,1
129,276,920
68,2
211,1496,126
68,3
297,962,833
69,0
301,980,828
69,1
200,1477,120
69,2
287,500,2174
69,3
136,290,914
70,0
138,272,928
70,1
298,508,2145
70,2
287,979,825
70,3
206,1494,126
71,0
288,968,812
71,1
136,286,939
71,2
299,520,2140
71,3
204,1496,118
72,0
141,293,931
72,1
293,963,832
72,2
199,1498,116
72,3
293,501,2146
73,0
299,514,2169
73,1
207,1485,129
73,2
289,980,824
73,3
131,271,908
74,0
198,1495,109
74,1
294,515,2159
74,2
293,976,832
74,3
135,281,919
75,0
126,268,923
75,1
213,1483,132
75,2
302,502,2159
75,3
300,985,813
76,0
283,509,2178
76,1
201,1469,118
76,2
131,290,934
76,3
294,992,807
77,0
200,1490,119
77,1
295,516,2158
77,2
302,985,814
77,3
133,276,918
78,0
299,971,821
78,1
128,271,924
78,2
298,505,2161
78,3
209,1489,131
79,0
132,275,926
79,1
205,1469,114
79,2
286,513,2169
79,3
296,991,831
80,0
210,1484,128
80,1
314,528,2172
80,2
127,280,911
80,3
285,970,797
81,0
283,500,2152
81,1
198,1492,128
81,2
300,992,834
81,3
135,267,925
82,0
300,974,830
82,1
210,1465,117
82,2
300,500,2156
82,3
135,284,935
83,0
210,1491,119
83,1
290,503,2150
83,2
291,983,821
83,3
140,276,932
84,0
128,272,928
84,1
299,990,816
84,2
291,517,2148
84,3
200,1492,125
85,0
297,507,2155
85,1
203,1484,117
85,2
295,977,826
85,3
136,285,924
86,0
296,516,2157
86,1
138,280,939
86,2
201,1479,121
86,3
292,970,817
87,0
205,1511,123
87,1
295,514,2153
87,2
127,276,911
87,3
294,968,829
88,0
286,991,833
88,1
132,290,917
88,2
293,509,2154
88,3
205,1484,113
89,0
289,512,2181
89,1
296,969,810
89,2
199,1482,113
89,3
136,280,940
90,0
285,989,817
90,1
137,284,936
90,2
197,1476,117
90,3
292,506,2170
91,0
203,1500,118
91,1
303,513,2151
91,2
131,280,923
91,3
292,961,831
92,0
140,272,933
92,1
288,500,2163
92,2
210,1495,127
92,3
297,982,799
93,0
131,281,931
93,1
296,990,810
93,2
205,1471,118
93,3
293,506,2174
94,0
289,972,813
94,1
127,269,930
94,2
293,524,2158
94,3
203,1508,120
95,0
300,976,811
95,1
130,272,907
95,2
214,1481,135
95,3
295,523,2162
96,0
296,504,2146
96,1
301,982,834
96,2
133,274,921
96,3
202,1489,124
97,0
196,1499,125
97,1
288,511,2149
97,2
291,990,834
97,3
133,272,918
98,0
132,286,926
98,1
291,980,834
98,2
297,514,2137
98,3
207,1487,116
99,0
295,963,826
99,1
139,286,922
99,2
299,505,2173
99,3
210,1471,118
