0
0.8972809667673716,1.0,0.7673469387755102,0.9271523178807947
0.0024637030865324403
0.0008901324549448632,0.004053044753088045,0.0011869219293130452,0.005748672371678982
0
0.8972809667673716,1.0,0.7673469387755102,0.9271523178807947
0.004445921011270109
0.001874068190552139,0.0002597312000679031,0.014446198134025656,0.00020859551126558212
0
0.8972809667673716,1.0,0.7673469387755102,0.9271523178807947
0.08942902517485671
0.08701072194320937,0.09863780348569413,0.019566143042877796,0.19040216914499802
0
0.8972809667673716,1.0,0.7673469387755102,0.9271523178807947
0.2222144944952993
0.21880351133191636,0.10486278980095305,0.45396009563451567,0.028464589754106723
0
0.8972809667673716,1.0,0.7673469387755102,0.9271523178807947
0.5245997396752656
0.7118855828602945,0.27461177588621555,0.7320925197040876,0.12919561456983417
0
0.8972809667673716,1.0,0.7673469387755102,0.9271523178807947
0.33458908598562254
0.42224837042841407,0.22246155041305624,0.11413081226202432,0.6339988953911545
0
0.8972809667673716,1.0,0.7673469387755102,0.9271523178807947
0.3815773485977389
0.5204844015084478,0.2052925143913061,0.18556434943690206,0.6170933182093999
0
0.8972809667673716,1.0,0.7673469387755102,0.9271523178807947
0.22611317956632304
0.33619559205243826,0.02074621512450669,0.06263864310463949,0.5132429242255815
0
0.8972809667673716,1.0,0.7673469387755102,0.9271523178807947
0.2647394961765888
0.1516515182540266,0.4384592382507285,0.09882097925046472,0.5358281924617914
0
0.8972809667673716,1.0,0.7673469387755102,0.9271523178807947
0.4963622514283525
0.7656891586187815,0.25804385250422823,0.17364706197143506,0.7258241889706137
0
0.8972809667673716,1.0,0.7673469387755102,0.9271523178807947
0.065174346242517
0.04694752314087829,0.010801128457459706,0.17687243477257344,0.005096962327814797
0
0.8972809667673716,1.0,0.7673469387755102,0.9271523178807947
0.25183451080177055
0.106721869891584,0.45959498200180415,0.06756053116638315,0.5757127560522035
0
0.8972809667673716,1.0,0.7673469387755102,0.9271523178807947
0.3025571498830318
0.11247314634112662,0.5779232794823396,0.07290344804390192,0.7043645895490227
0
0.8972809667673716,1.0,0.7673469387755102,0.9271523178807947
0.3001383218479173
0.12584212765379063,0.5668429423923804,0.07761486010407138,0.6680169208844537
0
0.8972809667673716,1.0,0.7673469387755102,0.9271523178807947
0.11879648147314044
0.06453660368803255,0.08707701985555374,0.16015341849915668,0.2158885983930686
0
0.8972809667673716,1.0,0.7673469387755102,0.9271523178807947
0.09397110039480208
0.04493704425293555,0.06902022062959154,0.0787151756603086,0.2581127228663338
0
0.8972809667673716,1.0,0.7673469387755102,0.9271523178807947
0.4942426130671868
0.3852091357638233,0.5985026748721776,0.49276045401397706,0.5952208399288891
0
0.8972809667673716,1.0,0.7673469387755102,0.9271523178807947
0.7791223019439092
0.7336157867652034,0.9411489557611908,0.5899228190343286,0.9541786547964501
0
0.8972809667673716,1.0,0.7673469387755102,0.9271523178807947
0.008929235711368246
0.006598012587036554,0.0024251126583970948,0.02212819387291583,0.002323636848484854
0
0.8972809667673716,1.0,0.7673469387755102,0.9271523178807947
0.5540357268925022
0.6288610147529867,0.41394256802369334,0.6149156288904712,0.48394562958429566
0
0.8972809667673716,1.0,0.7673469387755102,0.9271523178807947
0.6556820396080459
0.6418900730043264,0.6657838422083854,0.694254549896533,0.6126591127757285
0
0.8972809667673716,1.0,0.7673469387755102,0.9271523178807947
0.29923782443640756
0.3453340707807941,0.20661216314956024,0.31491964101499614,0.29826259079542505
