[9.969696969696969],2
1,320,0
[9.41812865497076],3
8,177,4
[9.96875],2
2,316,0
[9.5],3
7,189,3
[9.96551724137931],2
1,289,0
[9.76923076923077],3
3,254,3
[9.846153846153847],3
2,255,2
[8.933333333333334],5
8,130,11
[9.447368421052632],5
7,185,4
[9.96551724137931],2
1,280,0
[8.78021978021978],6
8,118,12
[9.473684210526315],3
7,179,4
[9.516666666666666],5
7,194,3
[8.929166666666667],6
7,141,10
[9.497368421052633],5
7,186,3
[9.473684210526315],5
7,178,3
[9.814814814814815],3
3,258,2
[8.979166666666668],5
6,138,11
[10.0],2
0,297,0
[9.392105263157895],11
8,183,4
[9.447368421052632],5
7,185,4
[9.029166666666667],5
6,135,12
[9.966666666666667],2
1,291,0
[9.92],2
1,242,1
[9.846153846153847],3
2,255,2
[9.967741935483872],2
1,303,0
[9.851851851851851],3
2,263,2
[9.65],3
6,188,3
[9.923076923076923],2
2,257,1
[9.397368421052633],5
8,185,4
[9.966666666666667],2
1,298,0
[9.96551724137931],2
1,286,0
[9.807692307692308],2
3,254,2
[8.758241758241759],5
7,116,12
[9.400000000000002],5
8,186,4
[9.966666666666667],2
1,292,0
[9.96875],2
2,316,0
[9.96551724137931],2
1,288,0
[9.459523809523809],3
7,191,4
[9.879999999999999],2
2,246,2
[8.8],4
8,129,12
[9.846153846153847],3
2,250,2
[9.025],7
7,136,10
[9.967741935483872],2
1,303,0
[9.851851851851851],3
2,263,2
[9.96551724137931],2
1,286,0
[9.925925925925926],2
0,263,2
[9.967741935483872],2
1,300,0
[9.494736842105263],5
7,185,3
[8.9375],5
7,141,11
[8.995238095238095],5
7,130,11
[9.0],5
7,141,12
[9.536842105263158],3
6,182,4
[9.88888888888889],4
1,260,2
[9.41904761904762],5
8,192,4
[9.846153846153847],6
2,253,2
[9.447368421052632],11
7,185,4
[9.526315789473683],4
6,179,4
[9.88888888888889],3
1,261,2
[9.473809523809525],3
8,196,3
[8.908333333333335],7
7,136,12
[9.96551724137931],2
1,283,0
[8.983516483516485],3
7,120,10
[9.884615384615385],3
2,257,1
[9.846153846153847],2
2,251,2
[9.461904761904762],3
8,191,4
[9.887464387464387],3
1,258,2
[8.703296703296703],4
7,118,12
[9.014285714285714],4
6,126,10
[9.966666666666667],2
1,291,0
[9.504761904761905],3
7,190,4
[9.492105263157896],5
7,184,3
[9.96551724137931],2
1,286,0
[9.041666666666668],6
8,137,11
[9.96],2
0,241,1
[9.851851851851851],3
2,263,2
[10.0],2
0,288,0
[9.96551724137931],2
1,286,0
[9.967741935483872],2
1,306,0
[9.849002849002849],3
2,257,2
[9.966666666666667],2
1,292,0
[9.473684210526317],5
7,180,3
[9.923076923076923],2
1,250,1
[8.908333333333335],7
8,136,11
[9.966666666666667],2
1,293,0
[8.961904761904762],4
6,125,12
[9.4],5
8,187,4
[9.075000000000001],4
6,135,10
[9.552380952380952],4
6,191,4
[9.849002849002849],3
2,257,2
[9.851851851851851],6
2,261,2
[9.884615384615385],3
2,256,1
[9.846153846153847],3
2,253,2
[8.8375],4
8,136,10
[9.48421052631579],5
7,182,3
[10.0],2
0,286,0
[9.120833333333334],5
6,142,11
[9.966666666666667],2
1,291,0
[9.492105263157896],3
7,183,4
[9.88888888888889],2
2,264,2
[9.653846153846155],4
4,251,5
[9.555555555555555],2
6,168,2
[9.975609756097562],2
2,402,0
[9.578947368421053],2
6,182,2
[9.692307692307693],5
5,247,4
[9.549019607843137],2
6,166,2
[9.975],3
1,397,0
[9.62280701754386],2
5,175,2
[9.975],2
2,393,0
[9.615384615384617],8
5,246,5
[9.616959064327487],2
5,174,2
[9.696581196581198],5
5,252,5
[9.736467236467236],5
3,255,4
[9.735042735042736],5
3,254,5
[9.67543859649123],2
5,176,1
[9.61111111111111],3
7,171,1
[9.975],2
2,398,0
[9.975609756097562],3
1,404,0
[9.975],2
2,397,0
[7.666666666666666],4
5,40,10
[7.8999999999999995],4
4,42,11
[7.933333333333334],5
5,43,10
[9.555555555555555],2
7,171,1
[9.975],2
2,399,0
[9.975609756097562],2
2,407,0
[9.975],3
1,399,0
[9.666666666666666],5
5,255,5
[9.974358974358974],2
2,387,0
[7.933333333333333],5
5,40,10
[8.233333333333334],4
4,41,8
[9.656695156695157],6
5,251,5
[9.975],2
1,395,0
[9.703703703703704],4
4,262,4
[9.975609756097562],2
2,405,0
[10.0],2
2,399,0
[9.653846153846155],3
5,247,5
[9.730769230769232],3
5,250,4
[9.653846153846153],5
4,248,5
[9.975],2
2,401,0
[9.975609756097562],2
2,403,0
[9.573099415204679],2
7,177,1
[9.514619883040936],2
7,174,2
[10.0],2
2,402,0
[7.6000000000000005],6
4,32,10
[9.65954415954416],5
4,253,5
[10.0],2
2,408,0
[9.567251461988304],2
6,174,2
[10.0],2
2,401,0
[9.64],5
4,241,5
[8.047619047619047],6
5,46,10
[10.0],2
2,408,0
[9.703703703703702],6
4,259,5
[7.799999999999999],6
5,44,9
[9.975],2
2,393,0
[9.692307692307693],4
4,250,4
[7.7333333333333325],6
5,42,10
[9.975],3
1,399,0
[7.699999999999998],5
5,39,8
[8.233333333333334],4
4,41,10
[9.730769230769232],5
5,252,3
[9.526315789473685],2
7,181,2
[8.166666666666666],5
4,48,11
[9.56140350877193],2
6,173,2
[9.975],3
1,399,0
[7.933333333333333],4
5,42,10
[10.0],2
2,399,0
[9.62962962962963],5
5,258,5
[9.975],3
1,396,0
[9.555555555555555],2
6,171,2
[9.975609756097562],2
2,401,0
[9.653846153846155],5
5,248,4
[9.52046783625731],2
7,176,2
[9.975],2
2,399,0
[9.656695156695157],6
5,251,5
[9.975],2
2,396,0
[9.523391812865498],2
7,177,2
[9.975609756097562],3
1,403,0
[9.549019607843137],2
6,166,2
[9.703703703703702],3
5,258,4
[9.975],2
2,396,0
[9.555555555555555],2
6,171,2
[9.975],3
1,394,0
[9.975],2
2,397,0
[9.576023391812866],2
6,177,2
[9.5],2
7,169,2
[10.0],2
2,396,0
[9.975],2
2,396,0
[9.662393162393162],2
4,254,5
[9.555555555555557],2
6,170,2
[9.698005698005698],4
5,253,4
[9.975609756097562],2
2,404,0
[9.640211640211641],5
4,264,6
[9.576023391812866],2
6,177,2
[9.975],2
2,394,0
[9.653846153846153],5
4,247,5
[9.615384615384617],9
5,246,5
[7.75],5
4,36,9
[9.703703703703702],6
5,256,4
[7.7333333333333325],6
5,42,10
[9.975609756097562],2
2,407,0
[9.923076923076923],3
1,254,1
[9.964285714285715],2
1,274,0
[9.964285714285715],2
1,273,0
[9.5],6
5,168,4
[9.846153846153847],3
2,250,2
[9.966666666666667],2
1,290,0
[9.851851851851851],3
2,260,2
[9.073529411764707],4
8,144,9
[9.514705882352942],8
4,154,4
[9.555555555555555],4
4,166,4
[9.964285714285715],2
1,270,0
[9.923076923076923],3
1,251,1
[9.372549019607844],6
5,162,6
[9.884615384615385],2
2,249,2
[9.964285714285715],2
1,277,0
[10.0],2
0,277,0
[9.884615384615385],2
2,255,2
[9.84],3
2,244,2
[9.4],8
6,137,3
[9.266666666666667],8
7,138,4
[9.962962962962962],2
1,269,0
[9.851851851851851],4
2,259,2
[7.5],6
1,12,5
[10.0],2
0,269,0
[9.966666666666667],2
1,290,0
[10.0],2
0,205,0
[9.96551724137931],2
1,283,0
[9.916666666666668],3
1,237,1
[9.884615384615385],2
2,255,2
[9.964285714285715],2
1,275,0
[9.884615384615385],3
2,253,1
[9.833333333333334],3
2,235,2
[9.814814814814815],3
3,258,2
[9.964285714285715],2
1,271,0
[9.883076923076924],5
2,248,1
[9.851851851851851],4
2,258,2
[10.0],2
0,276,0
[10.0],2
2,285,0
[9.195238095238096],9
7,134,5
[10.0],2
0,215,0
[10.0],2
0,206,0
[9.412280701754385],7
5,173,6
[9.964285714285715],2
1,277,0
[9.966666666666667],2
1,295,0
[9.879999999999999],5
2,247,1
[9.846153846153847],3
2,251,2
[9.450292397660819],4
5,171,5
[9.96551724137931],2
1,287,0
[7.75],5
5,34,9
[9.966666666666667],2
1,292,0
[9.96551724137931],2
2,290,0
[9.966666666666667],2
1,292,0
[9.25],4
7,145,5
[9.966666666666667],2
1,290,0
[9.846153846153847],3
2,248,2
[9.5625],4
6,145,4
[9.154166666666669],4
7,139,7
[9.96551724137931],2
1,282,0
[9.319852941176471],4
7,150,4
[9.961538461538462],2
1,256,0
[9.96],3
1,246,0
[9.96551724137931],2
1,288,0
[9.961538461538462],2
1,258,0
[9.846153846153847],4
2,251,2
[9.964285714285715],2
1,277,0
[9.4375],6
5,148,4
[9.4],8
6,138,3
[10.0],2
0,199,0
[9.4],4
6,137,4
[9.083333333333336],8
7,138,7
[8.0],5
2,21,10
[9.4375],4
6,148,4
[7.666666666666667],5
2,22,9
[9.96551724137931],2
1,287,0
[9.323809523809524],4
7,133,4
[9.879999999999999],5
2,241,1
[9.266666666666667],9
6,136,5
[8.333333333333332],5
1,18,7
[9.552287581699346],3
5,165,4
[9.352941176470589],6
6,156,5
[9.846153846153847],6
2,255,2
[9.555555555555555],5
4,166,5
[9.96551724137931],2
1,287,0
[9.000000000000002],8
7,135,8
[7.666666666666667],3
2,18,8
[9.851851851851851],3
2,259,2
[9.96551724137931],2
1,284,0
[10.0],2
0,207,0
[10.0],2
0,207,0
[9.503676470588236],3
6,151,4
[8.966666666666667],4
7,129,8
[9.96551724137931],2
1,288,0
[9.846153846153847],3
2,250,2
[9.964285714285715],2
1,273,0
[7.0],3
2,20,8
[10.0],2
0,207,0
[9.964285714285715],2
1,270,0
[9.875],5
2,236,1
[7.833333333333333],4
2,17,7
[9.884615384615385],5
2,255,1
