[8.666666666666666],9
8,123,11
[9.057142857142859],5
5,132,11
[9.958333333333332],2
0,237,1
[8.916666666666668],7
7,136,12
[8.866666666666667],4
7,132,11
[8.989010989010989],5
6,120,10
[9.116666666666667],4
7,141,10
[10.0],2
0,290,0
[9.851851851851851],3
2,258,2
[9.851851851851851],4
2,259,2
[9.96875],3
1,315,0
[9.966666666666667],2
1,295,0
[9.846153846153847],3
2,254,2
[9.96551724137931],2
1,288,0
[8.8],4
7,131,11
[9.054166666666667],4
7,139,11
[8.985714285714288],9
7,130,10
[9.966666666666667],2
1,290,0
[9.846153846153847],3
3,253,2
[8.866666666666667],5
7,132,11
[8.861904761904762],7
8,129,12
[9.966666666666667],2
1,293,0
[9.000000000000002],7
7,133,10
[8.866666666666667],5
7,123,11
[10.0],2
0,289,0
[9.884615384615385],3
2,254,2
[8.858333333333334],7
7,137,12
[9.849002849002849],3
2,257,2
[9.966666666666667],2
1,293,0
[9.96551724137931],2
1,281,0
[8.887500000000001],5
8,133,11
[9.000000000000002],5
7,131,12
[9.966666666666667],2
1,299,0
[9.96875],2
1,319,0
[9.88888888888889],4
1,260,2
[9.108333333333334],5
7,139,10
[8.785714285714285],5
7,120,12
[9.846153846153847],4
2,255,2
[8.900000000000002],7
8,135,11
[9.966666666666667],2
1,298,0
[9.50952380952381],3
7,191,4
[9.966666666666667],2
1,296,0
[9.849002849002849],3
2,257,2
[9.052380952380954],5
7,128,10
[9.967741935483872],2
1,302,0
[9.846153846153847],2
2,256,2
[9.96551724137931],2
1,286,0
[9.777777777777779],3
3,264,3
[9.032967032967033],5
6,117,10
[9.431578947368422],3
8,181,3
[9.442105263157895],5
7,183,4
[9.492105263157896],5
7,184,3
[8.895238095238096],4
8,127,10
[9.96551724137931],2
1,286,0
[9.96551724137931],2
1,283,0
[10.0],2
0,289,0
[9.966666666666667],2
1,295,0
[9.071428571428573],5
6,124,9
[9.025000000000002],8
7,135,11
[8.861904761904764],7
7,130,11
[9.431578947368422],5
8,181,3
[9.88888888888889],3
2,259,1
[9.48421052631579],5
6,182,4
[9.964285714285715],2
1,277,0
[9.123809523809525],5
6,129,11
[9.020833333333334],6
7,135,10
[9.96551724137931],2
1,288,0
[9.536842105263158],3
7,182,3
[9.966666666666667],2
1,299,0
[9.846153846153847],3
2,251,2
[9.020833333333334],5
7,133,12
[8.887500000000001],7
7,133,12
[9.88888888888889],3
2,261,1
[9.966666666666667],2
1,296,0
[9.96875],3
1,314,0
[9.057142857142859],5
6,130,10
[8.912500000000001],4
8,137,11
[9.123809523809525],3
6,132,10
[9.846153846153847],3
2,251,2
[9.96551724137931],2
1,285,0
[8.950000000000001],5
7,134,11
[8.861904761904764],4
8,128,12
[9.473684210526315],3
6,179,4
[9.851851851851851],3
2,262,2
[9.029166666666669],4
7,135,12
[9.450000000000001],3
8,188,3
[9.133333333333335],4
6,133,10
[9.846153846153847],6
2,253,2
[9.964285714285715],2
1,278,0
[8.966666666666669],4
7,137,10
[8.895833333333334],4
7,135,11
[9.967741935483872],2
1,302,0
[9.966666666666667],2
1,293,0
[9.96551724137931],2
1,287,0
[9.846153846153847],3
2,252,2
[8.979166666666668],5
8,136,11
[9.96551724137931],2
1,284,0
[9.857142857142858],4
2,269,2
[9.723076923076924],7
4,244,3
[9.96551724137931],2
1,284,0
[7.699999999999999],5
5,41,10
[7.733333333333333],4
5,37,10
[9.698005698005698],5
4,254,4
[7.666666666666667],7
5,37,9
[9.975609756097562],2
2,404,0
[9.73076923076923],5
4,248,4
[9.663817663817664],6
5,254,5
[8.1],9
5,40,10
[8.233333333333333],5
3,43,10
[9.975],2
2,401,0
[9.975],2
2,397,0
[9.975609756097562],2
2,404,0
[9.975],3
1,396,0
[9.975],2
2,400,0
[9.62962962962963],5
5,258,5
[8.0],5
3,44,11
[7.966666666666667],5
5,41,10
[7.466666666666666],9
5,40,9
[8.133333333333333],3
4,43,10
[9.975],2
2,407,0
[9.555555555555557],2
6,170,2
[9.567251461988304],2
6,174,2
[9.692307692307693],4
3,252,5
[7.633333333333333],5
4,41,11
[9.653846153846153],6
4,250,5
[7.533333333333333],9
5,39,8
[9.975],2
2,399,0
[9.703703703703704],4
4,256,4
[9.552287581699346],2
6,167,2
[9.5],2
7,170,2
[9.975],3
1,399,0
[7.799999999999999],4
5,42,11
[10.0],2
2,387,0
[9.662393162393162],5
4,254,5
[9.653846153846153],4
5,249,4
[9.975],2
2,398,0
[9.975609756097562],2
2,404,0
[9.975],2
2,404,0
[9.653846153846153],5
4,248,5
[9.696581196581198],5
4,253,5
[9.662393162393162],4
4,254,5
[8.3],5
4,42,11
[7.799999999999999],9
5,42,11
[9.611111111111112],2
6,173,1
[8.333333333333334],10
5,46,9
[9.692307692307693],2
3,250,6
[7.95],4
4,34,9
[9.666666666666666],6
5,255,5
[9.975],2
2,392,0
[9.486928104575163],2
7,164,2
[8.133333333333333],6
4,41,11
[10.0],2
2,396,0
[9.616959064327487],2
5,174,2
[9.702279202279202],5
3,256,5
[9.975],2
2,402,0
[9.604575163398692],2
6,167,1
[8.133333333333333],4
4,39,10
[9.555555555555555],2
6,172,2
[9.555555555555555],2
6,172,2
[9.975],2
2,397,0
[7.766666666666667],6
4,43,11
[10.0],2
2,397,0
[9.975],2
2,402,0
[8.066666666666666],5
4,41,9
[9.656862745098039],2
5,166,1
[9.692307692307693],5
4,252,4
[8.166666666666668],6
4,39,10
[9.634920634920636],4
5,262,5
[10.0],2
2,402,0
[9.7008547008547],6
4,254,5
[9.61111111111111],2
5,171,2
[9.975609756097562],2
2,402,0
[7.7333333333333325],8
5,41,10
[9.975609756097562],2
2,401,0
[9.62962962962963],6
4,257,6
[10.0],2
2,390,0
[9.666666666666666],4
5,257,4
[8.023809523809524],5
6,50,9
[9.974358974358974],2
2,394,0
[7.533333333333332],9
4,42,10
[7.966666666666667],6
4,41,11
[9.523391812865498],2
7,177,2
[8.1],5
4,44,9
[9.692307692307693],6
4,247,4
[7.738095238095237],5
5,45,11
[7.799999999999999],5
4,40,10
[7.952380952380952],5
6,48,10
[9.975609756097562],2
2,404,0
[8.066666666666666],4
4,41,9
[9.974358974358974],2
2,395,0
[9.621082621082621],6
5,251,6
[9.975],2
2,399,0
[9.974358974358974],3
1,386,0
[9.73076923076923],5
3,251,4
[9.975609756097562],2
2,401,0
[7.999999999999999],4
4,46,9
[9.536842105263158],2
7,183,2
[9.974358974358974],2
2,395,0
[9.703703703703702],6
5,259,5
[7.833333333333333],4
5,44,10
[10.0],2
0,277,0
[9.851851851851851],3
2,258,2
[7.666666666666668],5
2,23,10
[7.6],5
4,27,10
[9.964285714285715],2
1,274,0
[9.214285714285715],9
6,129,5
[9.333333333333332],3
1,16,4
[9.843076923076925],3
2,247,2
[7.65],6
4,31,9
[10.0],2
0,202,0
[8.1],5
4,31,9
[9.252380952380953],8
6,133,5
[9.96551724137931],2
2,287,0
[9.966666666666667],2
1,290,0
[9.846153846153847],4
2,250,2
[8.333333333333334],5
2,18,9
[7.5],9
1,14,4
[9.518382352941178],5
6,153,3
[9.884615384615385],3
2,254,1
[8.0],2
2,22,8
[9.92],3
1,247,1
[9.114285714285716],6
6,131,8
[9.846153846153847],3
2,254,2
[9.884615384615385],5
2,254,1
[7.5],7
2,20,9
[10.0],2
2,285,0
[8.333333333333332],3
1,15,5
[9.962962962962962],2
1,267,0
[9.220833333333335],4
7,137,9
[7.75],3
2,21,9
[7.750000000000001],4
1,22,10
[9.96551724137931],2
1,286,0
[7.666666666666667],7
2,18,10
[9.884615384615385],5
2,253,1
[9.23529411764706],9
7,155,6
[9.96551724137931],2
1,288,0
[7.833333333333334],4
2,21,8
[10.0],2
0,220,0
[8.0],4
2,21,7
[9.964285714285714],2
2,279,0
[9.96551724137931],3
1,288,0
[9.964285714285715],3
1,276,0
[8.166666666666668],7
1,21,9
[8.0],4
2,20,8
[9.964285714285715],2
1,273,0
[9.475],4
6,141,4
[10.0],2
0,206,0
[9.846153846153847],3
2,248,2
[9.961538461538462],2
1,256,0
[9.846153846153847],4
2,249,2
[10.0],2
0,207,0
[9.846153846153847],4
2,249,2
[10.0],2
0,283,0
[9.200000000000001],9
7,137,5
[9.075000000000001],4
7,136,8
[7.166666666666667],2
2,20,9
[7.666666666666666],3
1,15,5
[8.5],3
2,19,6
[9.923076923076923],3
1,250,1
[9.884615384615385],5
2,249,1
[7.666666666666667],4
2,27,10
[9.846153846153847],3
2,255,2
[7.95],3
4,33,9
[8.25],5
2,20,10
[9.807692307692308],6
3,253,2
[10.0],2
0,278,0
[9.807692307692308],3
3,252,2
[9.96551724137931],2
2,283,0
[9.851851851851851],3
2,259,2
[9.96551724137931],2
1,287,0
[9.96551724137931],2
1,284,0
[9.964285714285715],2
1,274,0
[9.964285714285715],2
1,276,0
[9.851851851851851],6
2,258,2
[7.000000000000001],7
2,20,8
[7.5],5
5,33,9
[9.84],3
2,244,2
[9.208333333333334],8
7,139,5
[7.65],4
4,32,10
[9.923076923076923],3
2,253,0
[9.266666666666667],8
6,136,5
[7.833333333333333],6
5,40,10
[9.333333333333334],6
6,136,4
[8.5],3
1,16,5
[9.964285714285715],2
1,272,0
[10.0],2
0,283,0
[9.923076923076923],3
1,252,1
[9.964285714285715],2
2,280,0
[9.470588235294118],4
4,159,5
[8.749999999999998],7
2,20,9
[9.88888888888889],4
1,264,2
[9.333333333333334],4
5,140,5
[9.966666666666667],2
1,296,0
[9.923076923076923],3
2,254,1
[9.370833333333334],3
7,146,4
[9.294117647058824],5
6,157,6
[9.4],8
6,141,3
[9.962962962962962],2
1,261,0
[9.31904761904762],4
6,133,5
[9.96551724137931],2
1,289,0
