[9.84],3
2,239,2
[9.967741935483872],2
1,302,0
[8.891666666666667],7
7,133,12
[9.884615384615385],3
2,257,1
[9.88888888888889],3
1,259,2
[9.967741935483872],2
1,304,0
[9.96551724137931],2
1,283,0
[9.88888888888889],6
2,265,1
[8.980952380952383],4
7,129,10
[8.845833333333335],4
8,137,10
[9.92],2
1,242,1
[8.958333333333334],6
8,134,11
[9.025],5
7,134,11
[9.846153846153847],3
2,254,2
[9.846153846153847],3
2,249,2
[9.966666666666667],2
1,297,0
[9.967741935483872],2
1,301,0
[9.846153846153847],3
2,249,2
[9.023809523809524],5
6,127,10
[9.88888888888889],6
2,266,1
[10.0],2
2,308,0
[9.846153846153847],3
2,254,2
[9.849002849002849],3
2,257,2
[9.96875],2
2,318,0
[8.92857142857143],5
8,131,10
[8.857142857142856],9
7,123,10
[9.96551724137931],2
1,287,0
[8.95416666666667],5
8,133,11
[9.025],4
6,136,11
[9.849002849002849],3
2,257,2
[9.851851851851851],3
2,258,2
[9.851851851851851],3
2,262,2
[9.057142857142859],4
6,131,10
[9.92],2
1,246,1
[9.96551724137931],2
1,281,0
[9.846153846153847],3
2,251,2
[9.961538461538462],2
1,253,0
[8.995238095238095],4
6,132,11
[9.884615384615385],4
2,255,1
[8.820833333333335],7
8,133,11
[9.923076923076923],2
2,256,1
[8.945833333333335],5
6,134,11
[9.966666666666667],2
1,292,0
[9.843076923076925],3
2,247,2
[8.917582417582418],7
6,120,11
[9.55],3
6,188,4
[8.950000000000001],4
8,133,11
[9.208791208791208],3
7,121,9
[9.814814814814815],3
3,264,3
[9.846153846153847],3
2,253,2
[9.851851851851851],3
2,263,2
[9.846153846153847],3
2,254,2
[9.967741935483872],2
1,307,0
[8.929166666666667],5
8,138,11
[9.008333333333335],4
6,134,11
[8.958333333333334],4
7,136,10
[9.061904761904763],5
7,131,11
[9.777777777777779],3
4,262,3
[9.966666666666667],2
1,292,0
[9.966666666666667],2
1,290,0
[9.846153846153847],3
2,253,2
[8.916666666666668],7
7,136,12
[9.967741935483872],2
1,301,0
[8.838235294117647],6
8,143,11
[9.967741935483872],2
1,303,0
[9.884615384615385],2
1,256,2
[8.912500000000001],4
8,138,10
[9.92],2
1,246,1
[9.851851851851851],6
2,264,2
[8.866666666666669],6
8,131,11
[9.88888888888889],3
2,260,1
[9.967741935483872],2
1,304,0
[8.808333333333335],4
8,132,11
[9.846153846153847],4
2,251,2
[8.685714285714285],8
8,125,11
[9.966666666666667],2
1,292,0
[9.851851851851851],5
2,261,2
[9.851851851851851],3
2,262,2
[8.89047619047619],5
7,126,11
[8.975000000000001],5
7,138,10
[9.846153846153847],6
2,256,2
[9.884615384615385],3
1,254,2
[9.96875],2
2,319,0
[10.0],2
0,288,0
[9.884615384615385],3
2,254,1
[9.884615384615385],3
2,254,1
[9.96551724137931],2
1,287,0
[9.96551724137931],2
1,287,0
[8.9375],4
8,142,10
[9.96551724137931],2
1,287,0
[9.96551724137931],2
1,281,0
[8.842857142857143],6
7,127,12
[8.866666666666667],9
8,131,11
[9.923076923076923],2
0,256,2
[8.979166666666668],6
7,138,11
[9.884615384615385],3
2,256,1
[9.846153846153847],6
2,252,2
[8.990476190476192],7
7,130,11
[9.197802197802199],4
5,121,9
[9.0],4
7,133,10
[9.975609756097562],3
1,401,0
[9.703703703703704],6
4,257,5
[7.6],5
5,38,10
[9.656695156695157],4
4,252,5
[7.766666666666667],6
4,42,11
[8.261904761904763],5
5,52,10
[8.1],4
4,45,9
[9.696581196581196],4
5,253,4
[9.666666666666666],6
5,258,5
[8.133333333333333],4
4,46,9
[7.833333333333333],5
5,43,10
[8.266666666666666],6
3,43,10
[7.928571428571428],4
6,47,10
[7.666666666666667],5
5,37,9
[7.766666666666666],5
5,41,10
[9.656695156695157],6
5,252,4
[9.692307692307693],5
4,250,4
[9.64],3
4,241,5
[9.66931216931217],5
5,262,4
[9.692307692307693],6
5,249,4
[9.693732193732194],3
5,252,4
[9.666666666666668],6
4,257,5
[8.166666666666666],6
5,44,10
[9.807692307692308],3
4,251,3
[7.733333333333333],6
5,37,10
[9.62820512820513],6
5,254,6
[7.533333333333332],8
4,39,9
[8.214285714285714],5
5,46,10
[9.703703703703702],5
5,258,4
[9.618233618233619],6
5,250,6
[7.833333333333333],7
5,44,11
[9.666666666666666],9
5,257,4
[8.266666666666666],3
4,42,10
[7.599999999999999],5
5,36,9
[7.999999999999999],4
5,44,10
[7.999999999999999],5
5,45,9
[8.233333333333334],10
3,38,10
[8.033333333333333],4
4,42,9
[8.238095238095237],6
4,49,9
[7.799999999999999],5
5,43,10
[7.866666666666666],6
4,39,11
[9.74074074074074],4
5,257,4
[9.730769230769232],5
5,251,3
[9.62962962962963],6
5,256,5
[10.0],2
2,396,0
[7.7333333333333325],6
5,39,8
[9.623931623931623],4
5,253,5
[7.966666666666666],5
5,44,9
[8.380952380952381],5
4,49,9
[9.666666666666666],4
5,259,4
[9.68],3
5,240,4
[8.066666666666666],5
4,43,10
[9.666666666666666],6
5,259,5
[8.214285714285714],7
5,48,9
[7.833333333333333],7
4,41,10
[9.62962962962963],6
5,257,5
[9.730769230769232],3
5,250,5
[9.975609756097562],2
2,410,0
[9.703703703703702],5
5,258,4
[7.733333333333333],6
5,42,11
[9.975],2
2,395,0
[9.692307692307693],4
4,247,4
[7.699999999999999],4
5,41,10
[9.653846153846153],5
5,249,5
[9.660968660968662],6
5,253,5
[7.933333333333333],5
5,43,10
[9.975],2
2,397,0
[7.666666666666667],5
5,37,9
[8.4],4
4,43,9
[8.133333333333335],5
5,44,9
[8.166666666666666],5
5,42,11
[7.933333333333333],5
5,42,10
[9.692307692307693],5
4,249,4
[7.866666666666666],6
4,42,10
[7.833333333333333],4
4,38,9
[8.266666666666666],5
4,41,9
[7.6],4
5,35,10
[9.975],3
1,395,0
[7.933333333333333],5
4,44,10
[9.703703703703702],5
5,260,4
[9.975],2
2,397,0
[9.662393162393162],5
5,253,5
[9.666666666666666],5
4,258,5
[9.975],2
2,401,0
[9.76923076923077],3
4,250,3
[9.662393162393162],6
5,253,5
[9.73076923076923],7
3,251,4
[7.799999999999999],7
5,39,9
[9.615384615384615],7
5,250,5
[7.666666666666666],7
5,42,11
[8.033333333333333],6
4,40,10
[7.8],5
5,36,9
[7.952380952380952],6
6,49,11
[8.119047619047619],4
5,48,10
[7.699999999999999],3
5,41,9
[10.0],2
2,408,0
[9.975],3
1,392,0
[8.033333333333333],5
3,40,10
[9.656862745098039],2
5,166,1
[9.692307692307693],9
4,246,4
[9.245833333333334],9
7,144,5
[9.4],6
5,141,4
[9.846153846153847],3
2,250,2
[9.916666666666668],3
1,237,1
[7.750000000000001],4
2,23,9
[9.846153846153847],3
2,255,2
[9.96551724137931],2
1,284,0
[8.5],2
0,14,3
[9.964285714285715],2
1,277,0
[7.699999999999999],6
5,37,10
[9.878333333333334],5
2,238,1
[8.5],4
2,21,9
[10.0],2
0,207,0
[8.833333333333332],5
1,16,6
[7.333333333333334],7
2,20,8
[9.4875],3
7,142,3
[9.075],4
7,136,8
[8.083333333333334],5
2,23,9
[8.0],5
2,21,10
[9.884615384615385],3
1,255,2
[9.5],6
4,147,4
[9.96551724137931],2
1,289,0
[9.057142857142859],3
7,132,8
[7.500000000000001],4
2,20,9
[9.466666666666667],5
6,138,3
[9.444444444444445],5
5,166,6
[9.150000000000002],4
7,137,8
[9.522058823529411],4
4,154,5
[9.96551724137931],2
1,288,0
[9.4375],8
6,151,3
[9.314285714285715],8
6,133,4
[9.5],6
5,147,3
[9.964285714285715],2
1,279,0
[7.666666666666667],5
2,22,10
[7.666666666666666],3
1,18,7
[9.000000000000002],8
7,135,8
[9.849002849002849],6
2,257,2
[8.0],4
2,30,8
[9.884615384615385],3
1,257,2
[9.490196078431373],5
4,164,6
[7.466666666666666],5
5,37,9
[10.0],2
0,214,0
[9.851851851851851],4
2,258,2
[9.843076923076925],3
2,247,2
[7.500000000000001],5
2,22,10
[9.96551724137931],2
1,282,0
[7.45],5
4,29,9
[9.333333333333334],8
6,138,4
[9.588235294117649],4
3,159,5
[9.0],5
1,18,8
[8.35],4
3,35,9
[7.833333333333334],5
2,21,10
[7.85],4
2,30,9
[8.5],7
1,16,8
[9.966666666666667],2
1,295,0
[9.884615384615385],6
2,252,1
[9.846153846153847],3
2,252,2
[9.886039886039887],2
2,257,2
[7.583333333333333],4
2,21,9
[7.9],5
4,34,10
[9.964285714285715],2
1,270,0
[7.583333333333334],5
2,22,10
[9.5],6
5,166,5
[9.96551724137931],2
1,282,0
[7.500000000000001],3
1,21,9
[7.666666666666667],9
2,19,9
[7.750000000000001],7
2,22,9
[9.473684210526317],8
5,177,6
[7.666666666666667],3
2,19,8
[8.5],2
1,14,5
[9.433333333333334],4
5,145,4
[7.666666666666668],2
1,20,9
[9.375],8
6,150,4
[9.152380952380954],7
6,129,6
[9.884615384615385],3
1,257,2
[10.0],2
0,265,0
[7.166666666666667],4
2,19,7
[9.846153846153847],3
2,249,2
[9.966666666666667],2
2,295,0
[8.5],4
2,20,9
[9.96551724137931],2
1,286,0
[9.964285714285715],3
1,278,0
[9.846153846153847],3
2,251,2
[9.851851851851851],4
2,260,2
[9.375],4
6,148,4
[7.833333333333333],3
1,15,5
[8.0],4
2,21,7
[9.523391812865498],8
5,174,5
[7.499999999999999],5
5,37,9
[9.879999999999999],5
2,241,1
[7.5],4
1,14,5
[7.833333333333333],3
2,19,8
[8.0],2
1,13,5
[7.833333333333334],4
2,23,10
[10.0],2
0,279,0
[9.966666666666667],2
2,297,0
[7.416666666666668],7
2,22,9
[7.6],5
3,32,9
[9.851851851851851],3
2,260,2
[7.5],3
1,13,5
