[9.904761904761905],3
2,201,0
[9.962962962962962],3
1,260,0
[9.9],3
3,191,0
[9.85],2
3,193,0
[9.95],2
2,196,0
[10.0],2
0,300,0
[9.9],3
2,194,0
[9.894736842105264],4
3,188,0
[9.85],2
3,197,0
[9.958333333333334],2
1,235,0
[9.95],2
2,195,0
[9.9],3
2,196,0
[9.854761904761904],3
3,199,0
[9.947368421052632],2
2,188,0
[9.897368421052633],2
3,192,0
[9.842105263157896],2
3,187,0
[9.85],5
3,195,0
[9.9],2
3,198,0
[9.897368421052633],2
3,190,0
[9.897368421052633],2
3,193,0
[9.962962962962962],3
1,263,0
[9.962962962962962],3
1,260,0
[9.923076923076923],3
2,255,0
[10.0],2
0,300,0
[10.0],2
2,195,0
[9.850000000000001],2
3,197,0
[9.85],3
3,192,0
[9.9],2
3,195,0
[9.962962962962962],3
1,260,0
[9.9],3
3,193,0
[9.533333333333333],4
3,142,4
[9.894736842105264],2
3,186,0
[10.0],2
2,198,0
[9.904761904761905],3
2,201,0
[9.9],2
3,196,0
[9.9],5
2,194,0
[9.9],2
3,195,0
[9.85],2
3,192,0
[9.897368421052633],2
3,190,0
[9.9],2
3,190,0
[9.9],3
3,194,0
[9.847368421052632],3
3,189,0
[10.0],2
2,198,0
[9.897368421052631],2
3,189,0
[9.961538461538462],3
1,259,0
[9.85],4
3,195,0
[9.902380952380952],3
2,199,0
[9.9],3
2,193,0
[9.947368421052632],2
3,188,0
[9.897368421052633],2
3,194,0
[9.9],3
2,195,0
[9.9],2
3,195,0
[9.947368421052632],2
2,183,0
[9.9],2
3,195,0
[9.95],2
3,192,0
[9.897368421052631],3
2,189,0
[9.85],7
3,196,0
[9.9],2
3,195,0
[9.9],2
3,194,0
[9.902380952380952],2
3,199,0
[9.894736842105264],3
2,186,0
[9.854761904761904],3
3,199,0
[9.9],2
2,194,0
[9.85],3
3,193,0
[9.96],2
1,240,0
[9.958333333333334],2
1,235,0
[9.842105263157894],3
3,183,0
[9.961538461538462],3
1,254,0
[10.0],2
0,286,0
[9.95],2
3,190,0
[9.9],2
3,196,0
[9.962962962962962],3
1,261,0
[9.95],2
2,194,0
[10.0],2
0,290,0
[9.904761904761905],3
2,200,0
[9.85],3
3,196,0
[9.85],7
3,191,0
[10.0],2
2,198,0
[9.541666666666666],4
4,144,3
[9.850000000000001],2
3,196,0
[9.894736842105264],2
3,187,0
[9.952380952380953],2
3,199,0
[10.0],2
0,292,0
[10.0],2
2,193,0
[9.9],2
2,192,0
[9.961538461538462],3
1,259,0
[10.0],2
2,194,0
[10.0],2
0,286,0
[9.902380952380952],3
3,198,0
[9.9],4
3,190,0
[10.0],2
2,191,0
[9.844736842105263],5
3,188,0
[10.0],2
0,303,0
[10.0],2
0,315,0
[9.9],5
2,194,0
[9.9],2
3,193,0
[10.0],2
0,324,0
[9.85],2
3,194,0
[10.0],2
0,281,0
[9.961538461538462],3
1,256,0
