[10.0],2
0,291,0
[10.0],2
0,294,0
[9.483333333333334],4
4,144,4
[9.5625],3
3,148,4
[9.428571428571429],4
4,127,4
[9.962962962962962],2
1,262,0
[9.961538461538462],3
1,257,0
[9.616666666666667],3
3,146,3
[9.59047619047619],3
3,136,3
[10.0],2
0,325,0
[9.483333333333334],3
4,144,4
[10.0],2
0,285,0
[10.0],2
0,304,0
[9.494505494505495],4
3,126,4
[9.5625],3
3,149,4
[9.541666666666668],4
3,144,4
[10.0],2
0,284,0
[9.6],4
3,144,3
[10.0],2
0,286,0
[9.958333333333334],2
1,236,0
[9.9],3
2,197,0
[9.533333333333333],4
3,137,4
[10.0],2
0,300,0
[9.961538461538462],2
1,250,0
[10.0],2
0,280,0
[9.96],2
1,248,0
[9.962962962962962],3
1,260,0
[10.0],2
0,247,0
[9.842105263157894],3
3,182,0
[9.571428571428573],4
3,132,3
[9.961538461538462],3
1,253,0
[9.533333333333335],2
3,143,4
[10.0],2
0,304,0
[9.961538461538462],3
1,258,0
[10.0],2
0,241,0
[10.0],2
0,287,0
[9.6],3
3,144,3
[10.0],2
0,290,0
[10.0],2
0,291,0
[9.961538461538462],3
1,255,0
[10.0],2
0,291,0
[9.533333333333335],3
3,141,4
[9.466666666666667],4
4,141,4
[9.961538461538462],2
1,256,0
[10.0],2
0,289,0
[9.519047619047619],4
3,135,4
[9.962962962962962],3
1,263,0
[9.5625],4
4,147,3
[10.0],2
0,294,0
[9.962962962962962],3
1,267,0
[9.457142857142857],4
4,135,4
[10.0],2
0,284,0
[9.5],4
4,146,4
[9.96],2
1,249,0
[10.0],2
0,258,0
[10.0],2
0,323,0
[9.96],2
1,243,0
[9.600000000000001],4
3,141,3
[9.5625],5
4,147,3
[9.961538461538462],3
1,255,0
[10.0],2
0,296,0
[9.533333333333335],3
3,141,4
[9.961538461538462],3
1,258,0
[10.0],2
0,285,0
[10.0],2
0,317,0
[10.0],2
0,331,0
[10.0],2
0,294,0
[10.0],2
0,290,0
[9.962962962962962],3
1,265,0
[9.558333333333334],4
4,146,3
[9.541666666666668],3
3,144,4
[9.5625],4
3,148,4
[9.491666666666667],3
4,145,4
[9.962962962962962],3
1,261,0
[9.961538461538462],3
1,258,0
[9.438095238095238],4
4,133,4
[10.0],2
0,288,0
[10.0],2
0,292,0
[9.962962962962962],3
1,266,0
[9.958333333333334],2
1,237,0
[9.569852941176471],5
3,154,4
[9.483333333333334],3
4,144,4
[9.961538461538462],3
1,253,0
[9.466666666666667],3
4,137,4
[9.428571428571429],3
4,131,4
[10.0],2
0,296,0
[10.0],2
0,296,0
[9.962962962962962],3
1,263,0
[9.541666666666666],3
4,144,3
[9.5625],5
4,148,3
[9.96],2
1,247,0
[10.0],2
0,290,0
[10.0],2
0,251,0
[9.96],2
1,245,0
[9.5],3
4,147,4
[9.558333333333334],3
3,146,4
[9.958333333333334],2
1,231,0
[9.961538461538462],3
1,258,0
[9.962962962962962],3
1,266,0
[10.0],2
0,288,0
