[9.475],4
4,143,4
[9.9],2
3,193,0
[10.0],2
0,286,0
[9.962962962962962],3
1,260,0
[9.96],2
1,247,0
[9.85],3
3,191,0
[10.0],2
0,290,0
[9.962962962962962],3
1,264,0
[10.0],2
0,297,0
[9.533333333333335],4
4,140,3
[9.962962962962962],3
1,263,0
[9.962962962962962],3
1,264,0
[9.96],3
1,247,0
[9.928571428571429],3
2,270,0
[9.962962962962962],3
1,265,0
[10.0],2
0,326,0
[10.0],2
0,270,0
[10.0],2
0,299,0
[9.962962962962962],3
1,263,0
[10.0],2
0,323,0
[9.466666666666667],3
4,141,4
[9.847368421052632],3
3,189,0
[9.9],3
2,198,0
[9.9],2
3,194,0
[9.962962962962962],3
1,267,0
[9.5],4
3,130,4
[10.0],2
0,290,0
[10.0],2
0,316,0
[9.5625],4
4,151,3
[10.0],2
0,305,0
[9.897368421052633],2
3,192,0
[9.962962962962962],3
1,266,0
[9.961538461538462],3
1,251,0
[10.0],2
0,279,0
[10.0],2
0,313,0
[9.962962962962962],3
1,264,0
[10.0],2
0,290,0
[9.962962962962962],3
1,264,0
[9.962962962962962],3
1,260,0
[10.0],2
0,294,0
[9.961538461538462],3
1,255,0
[9.96],2
1,241,0
[9.962962962962962],3
1,265,0
[10.0],2
0,308,0
[9.85],3
3,193,0
[10.0],2
0,321,0
[9.5625],3
4,148,3
[9.962962962962962],3
1,263,0
[9.961538461538462],3
1,256,0
[9.5],4
4,131,3
[9.961538461538462],3
1,258,0
[9.962962962962962],3
1,261,0
[10.0],2
0,295,0
[10.0],2
0,316,0
[9.5],4
4,150,4
[9.958333333333334],2
1,234,0
[9.6],3
3,137,3
[10.0],2
0,292,0
[9.962962962962962],3
1,260,0
[10.0],2
0,286,0
[9.961538461538462],3
1,255,0
[9.962962962962962],3
1,263,0
[10.0],2
0,292,0
[10.0],2
0,267,0
[9.5],3
3,130,4
[9.85],3
3,193,0
[9.962962962962962],3
1,268,0
[9.9],3
2,195,0
[9.95],2
3,197,0
[9.962962962962962],3
1,264,0
[10.0],2
0,295,0
[9.85],3
3,192,0
[9.962962962962962],3
1,261,0
[9.5625],4
3,150,4
[10.0],2
0,288,0
[10.0],2
0,243,0
[9.625],3
3,150,3
[9.961538461538462],2
1,259,0
[10.0],2
0,296,0
[10.0],2
0,314,0
[9.962962962962962],3
1,266,0
[10.0],2
0,298,0
[9.5625],3
3,148,4
[10.0],2
0,296,0
[9.96],2
1,248,0
[9.85],5
3,193,0
[9.961538461538462],3
1,255,0
[9.625],3
3,149,3
[10.0],2
0,285,0
[10.0],2
0,290,0
[10.0],2
0,321,0
[9.533333333333333],4
3,142,4
[9.466666666666667],4
4,141,4
[9.50952380952381],4
3,134,4
[9.962962962962962],3
1,261,0
[9.962962962962962],3
1,263,0
[9.55],3
4,145,3
[10.0],2
0,287,0
[9.85],3
3,195,0
[9.857142857142858],5
3,200,0
