[9.961538461538462],3
1,254,0
[9.533333333333333],4
3,142,4
[10.0],2
0,268,0
[10.0],2
0,288,0
[10.0],2
0,319,0
[9.528571428571428],4
3,136,4
[9.5625],3
4,149,3
[10.0],2
0,292,0
[9.924501424501425],3
2,259,0
[9.947368421052632],2
3,189,0
[10.0],2
0,287,0
[9.483333333333334],4
4,144,4
[9.533333333333335],4
3,139,4
[10.0],2
0,305,0
[10.0],2
0,283,0
[9.958333333333334],2
1,232,0
[9.533333333333335],5
4,141,3
[9.96],3
1,249,0
[9.5625],3
4,150,3
[9.533333333333333],3
4,137,3
[10.0],2
0,288,0
[10.0],2
0,303,0
[9.528571428571428],4
3,136,4
[9.55],3
3,145,4
[9.5],4
4,147,4
[10.0],2
0,314,0
[9.625],4
3,148,3
[9.5],3
4,132,3
[10.0],2
0,296,0
[9.924501424501425],3
2,259,0
[10.0],2
0,302,0
[10.0],2
0,294,0
[9.466666666666667],4
4,136,4
[9.5],4
4,151,4
[9.466666666666667],5
4,139,4
[9.483333333333334],3
4,144,4
[9.962962962962962],3
1,261,0
[9.6],4
3,144,3
[9.5625],3
4,148,3
[9.5625],3
4,150,3
[9.5625],3
3,149,4
[10.0],2
0,318,0
[10.0],2
0,285,0
[9.528571428571428],4
3,136,4
[9.5625],4
3,148,4
[9.958333333333334],2
1,238,0
[10.0],2
0,280,0
[10.0],2
0,287,0
[9.5625],4
4,151,3
[10.0],2
0,297,0
[10.0],2
0,301,0
[9.5625],3
3,149,4
[9.962962962962962],2
1,265,0
[9.5],4
3,129,4
[10.0],2
0,289,0
[9.475],4
4,143,4
[10.0],2
0,314,0
[9.962962962962962],3
1,262,0
[10.0],2
0,288,0
[9.5625],3
4,149,3
[9.5],4
4,152,4
[10.0],2
0,286,0
[9.491666666666667],4
4,145,4
[9.483333333333334],4
4,144,4
[9.904761904761905],2
3,202,0
[9.5],4
3,130,4
[9.608333333333334],3
3,145,3
[9.5625],3
4,151,3
[9.533333333333335],3
4,141,3
[10.0],2
0,289,0
[9.961538461538462],3
1,254,0
[10.0],2
0,288,0
[10.0],2
0,289,0
[9.95],2
3,188,0
[9.475],4
4,143,4
[10.0],2
0,317,0
[9.962962962962962],2
1,261,0
[9.533333333333335],3
4,141,3
[9.894736842105264],3
3,183,0
[9.533333333333333],4
4,142,3
[10.0],2
0,282,0
[10.0],2
0,248,0
[9.9],2
3,196,0
[9.962962962962962],3
1,263,0
[10.0],2
0,318,0
[9.533333333333335],4
3,141,4
[9.55],4
4,145,3
[9.9],3
3,192,0
[9.962962962962962],3
1,262,0
[9.962962962962962],2
1,261,0
[9.42857142857143],4
4,130,4
[9.962962962962962],3
1,269,0
[9.850000000000001],2
3,194,0
[9.9],3
3,195,0
[10.0],2
0,287,0
[10.0],2
0,287,0
[9.9],5
2,190,0
[9.625],4
3,151,3
[9.5625],3
4,147,3
[9.55],5
4,145,3
