0,0
0.9419135787421495,0.18315049839392566,0.3061339702529584,0.367320669852055,0.29810758287579486,0.1655676505595678,0.43964647086338904,0.4337623391228288,0.7830595917790598,0.8036277685024296,0.4077944571128462
0.90371242518601,0.8446603730267425,0.09143180166357084,0.18852568820866222,0.11968618865170594,0.4117601462883558,0.09965755306096308,0.04868482200948049,0.93578902632042,0.7969469007701598,0.4940217255756447
0.9743383195379896,0.11971542121087533,0.471796849887496,0.5546086158024455,0.47162728339198934,0.06827293909287424,0.6834754719731758,0.6756788753237142,0.65492247781345,0.8346013315417128,0.2786781087838898
0.9873200631027285,0.07457501549241952,0.647343811616247,0.7416085808846784,0.6818417677524209,0.03747436374150856,0.8018242440501284,0.7976658237696945,0.5802180586519132,0.8255454234663536,0.2453468471147655
0,1
0.9034572340287459,0.8408201131304179,0.09155235864837735,0.1882953043802763,0.12051572765858498,0.41437034862989847,0.09965101282148553,0.048729303041971594,0.9356558226491278,0.7966221079690716,0.49603730538647006
0.9723820991075255,0.12487513306334255,0.47695496514038066,0.5530504639697557,0.4691358024691359,0.06898460190564781,0.663846515404008,0.6557651991614255,0.6600795997842982,0.8297233311091979,0.2861383989691525
0.9433532943190492,0.18009716332047881,0.2951039718340851,0.3613394678118369,0.2922618023289165,0.16677487188524975,0.44931513684788305,0.44682790933265787,0.7840882177173522,0.8063436562210168,0.40057758013069616
0.9871765556605783,0.07491630414792924,0.6440281030444965,0.738627149915195,0.6799910847529897,0.03779717159163658,0.799964595503629,0.795867026055705,0.5807362542883401,0.824750928527797,0.24587683664948248
0,2
0.9874793250985981,0.07280791315471072,0.6512782299667547,0.7419738439865282,0.6848265694419541,0.03734961140831175,0.8009072711674943,0.7961868320358882,0.5788904878461729,0.8244425235025857,0.24597547595642788
0.9036762025693451,0.8476973531975084,0.09229339192158187,0.18906452937593843,0.12048051223308964,0.40956872360663577,0.0995477714329514,0.04822019062439192,0.9356032323839122,0.7968518475756019,0.49389112007442504
0.9740247527070329,0.12072471993097997,0.4742231465622706,0.5533472775230233,0.4697133988178765,0.0684160777546822,0.6832519558342118,0.6767811883976343,0.6550453900991575,0.8341026606928971,0.2782516928381545
0.9426588014590096,0.17870300519994553,0.305327868852459,0.36470520088864045,0.2997263457789774,0.16657233279377046,0.44250146742320484,0.43964746772591856,0.7829119468500985,0.8036998664603572,0.4026615118809794
0,3
0.9743506948499885,0.12086291091178028,0.4719552791910056,0.5532126596637401,0.4698344085317266,0.06842835734477706,0.6850688658149241,0.678912744885419,0.6556711898461951,0.8336357734582199,0.2765146987804482
0.9032098169375988,0.8449943946065678,0.0920876547340247,0.1882857386721355,0.12070469213326368,0.4144585799988739,0.09792504362339771,0.04778590681555617,0.9359313893797185,0.7965871467623747,0.4959503900518477
0.9875635351071013,0.07246146710940166,0.6484517304189436,0.7445745699983164,0.6859864672364673,0.03706363068072162,0.801050702189178,0.796187106918239,0.579271780821139,0.8239865175673623,0.24644374788979295
0.943142774323577,0.17647139853060428,0.3081332628239027,0.3713321781524137,0.30329932910578083,0.16224525951146515,0.43993284566494784,0.43795496043822274,0.7828464399645279,0.8039813930977671,0.40415429925274493
0,4
0.9732875896415406,0.1258514847025628,0.4385245901639344,0.5247995785636024,0.4436862420733389,0.07662969228436668,0.6834002878042931,0.6809494826536822,0.6655277509365053,0.8384249237128535,0.2812358076769111
0.9041459069964844,0.8459848074108628,0.09316111939062782,0.18937164668943507,0.12069412069412072,0.407787386483616,0.09988359430738625,0.04911377930245825,0.9355055478875776,0.7968964811740975,0.4928368312748504
0.9862069327629603,0.0780351805637621,0.6440721517035822,0.7331491057844438,0.6714447748930508,0.03832189908371182,0.7861346447425155,0.7801265747915063,0.5852419851737147,0.8233234534625165,0.24801153748393198
0.938647418380624,0.1772365220821775,0.31907710989678206,0.3750991098757288,0.30933839822728715,0.16213637516130616,0.41206113176373393,0.40550663871418585,0.7838420796668667,0.7998522683285182,0.42231254260616863
0,5
0.9035778514258708,0.8453197519191012,0.09161737366908895,0.1889676868630073,0.12062736805004853,0.4107704808292927,0.09935614915877816,0.04800622446994729,0.9359728561819739,0.7968312413437926,0.4941313465098519
0.9874603020689845,0.07329572780555696,0.6469508196721314,0.7405132893312216,0.679582146248813,0.03753197268485402,0.7994919454770757,0.794754716981132,0.5809343797018209,0.8239909581855924,0.24614429613744165
0.9404905044295242,0.18783297154239756,0.30792158661011115,0.36632576191324595,0.2989859143705298,0.16608266567396024,0.42899108326617613,0.42451510753397537,0.7844291531201691,0.8030703914228509,0.4127237196762291
0.973536326412969,0.12228866725562998,0.461198030293586,0.5442033303659619,0.459751064313802,0.07098255581529159,0.6794351703959179,0.6727168376497596,0.6581496292112589,0.8350524963021473,0.2810878314668327
0,6
0.9876767391455754,0.07313557945006938,0.6445901639344263,0.7398726472251211,0.6854602613223304,0.03760059086120582,0.8041661325471091,0.8002602472348731,0.5795204675052725,0.8249824661573226,0.2428469011645708
0.9037107446195722,0.8469263936006647,0.09319170291067247,0.18935698924258038,0.12019594162451314,0.4091532942491394,0.10039071390638032,0.04845976126299584,0.9353132615376913,0.7968884040088982,0.4942013558845537
0.9442626483693133,0.18174119069080227,0.31626733921815886,0.37535310508549247,0.30908028343925786,0.1601597193294087,0.4418787532170432,0.4366473149492017,0.7775806082510047,0.8034937797322681,0.39982453903822296
0.9745132863658358,0.120325114826274,0.4708857542254416,0.5520646889423022,0.469610636277303,0.06852969213234135,0.686709316734388,0.6776656428258008,0.6537932249270791,0.8360745352809908,0.2779707960311227
0,7
0.9744282704094709,0.1213386134673875,0.4704732446643984,0.5546200588494905,0.47106380691286354,0.06806497259553008,0.6836922213649436,0.6785617657529368,0.655762768947285,0.8353408645581261,0.27664135522367306
0.9038816519886675,0.8483143833172102,0.09158012187795067,0.18869424544708374,0.11927029728076832,0.41014044166933683,0.1000019463204812,0.04854292205867827,0.9361689443075476,0.7970611923166133,0.4923084862360756
0.9874529270284417,0.07272900413997996,0.6471929036604537,0.7415138697973028,0.6852144557624011,0.03749942263360252,0.800325915363854,0.7958904109589038,0.5803724754217252,0.8250104754234507,0.24425978415555097
0.9427205536318677,0.1771240014261211,0.31182053494391726,0.3731498957371531,0.3040560803718698,0.16134075209864857,0.443357464292702,0.4376365441906653,0.7798576766084295,0.8033264948969095,0.4076859051247927
0,8
0.987460376396329,0.07308157831559858,0.6401280565214991,0.7348733032156398,0.6788876418506051,0.038177619318418385,0.8025108582729401,0.7980306206721299,0.5817700324265791,0.8257937806910993,0.24397814510203605
0.9032119315449766,0.8455034043778024,0.09122950819672149,0.18829090412059163,0.1202564102564102,0.4139626545417391,0.09802973977695129,0.04713207547169801,0.936250256462867,0.796639862963916,0.49625017187272896
0.9725904834722976,0.1239346187476616,0.4742038816657245,0.5518875601155552,0.4720830467956905,0.06929210967555288,0.664715349883918,0.6572543916720884,0.6598520258404535,0.8312331515893795,0.286336591152635
0.944392422081423,0.1877307878835805,0.28750865850842766,0.35341807981657214,0.28646523012720204,0.17035478940877305,0.44918582124718576,0.4473026840287005,0.7860196674507471,0.8080164710779761,0.3951083203350971
0,9
0.9423074717500247,0.1731155520813752,0.3141072822571652,0.3734262625611887,0.3087776421109755,0.16030540651940758,0.43279467920997394,0.42880246438197916,0.7815857569946346,0.8027956929945219,0.407671098993101
0.9740836355111099,0.12246108615453477,0.4436093359266463,0.5291063293790196,0.4489352455454151,0.07508414396129073,0.6923161741541175,0.6905820275023984,0.6620336722700201,0.8384864630129716,0.2762965437621492
0.9034000535076759,0.8455189264696734,0.09214480874316955,0.1888767743500268,0.12081552706552695,0.41168310801318075,0.09847428748451048,0.0479363207547166,0.9358634463479714,0.7965971138345134,0.4942985185714193
0.986214394230301,0.0787271275643433,0.6454577553593946,0.7372704066438217,0.6743721236028928,0.037953053894098115,0.7856791535601945,0.7785079825834543,0.584711656829016,0.8229190009267469,0.24951307059231914
1,0
0.973924845284032,0.12254646144138032,0.47251614505712863,0.552469407867485,0.46886601053267724,0.06847199516365242,0.6809733017911457,0.6729273870783303,0.655957787766879,0.8348184361620392,0.2801389065477154
0.9036537107298375,0.8442522182607005,0.09233585753515883,0.1889872358420131,0.12058368403546071,0.41103531878763866,0.10033400637820078,0.04903744852025699,0.9355114364211664,0.7967077250227479,0.4939418810771067
0.9875033039812685,0.0726637987689758,0.6501513680242188,0.7432668049449187,0.6835820006551716,0.03725204877835177,0.8016786912425682,0.7991059101965681,0.5794909775113362,0.8246702654137172,0.24569871525719617
0.9422143996221425,0.17745809972370977,0.31141069887834344,0.3704207941861427,0.3021442495126706,0.16362249466262976,0.4427704950107611,0.4362711022840119,0.7826716816405008,0.802837557586809,0.40857960493260725
1,1
0.974470908446274,0.11973575374923678,0.4782183730281473,0.559450889929079,0.4704295006181799,0.06696657676432548,0.6831872062846323,0.6764115343538626,0.6535382197412554,0.8338812477672478,0.2782094759451964
0.9039421224401221,0.8482178413086292,0.09301208809405526,0.18908579688168137,0.1203487870154536,0.40882159956569897,0.09853178626412823,0.04764627406136862,0.9357511305090322,0.7968767200633107,0.492866663996766
0.9420870046965034,0.17753168189416532,0.3097713546160483,0.37132688941386394,0.30298770430349387,0.16259266454426655,0.4388818235179026,0.4344339622641509,0.7829291568580894,0.8039321334534765,0.40996911640800604
0.9876306104235536,0.07226292903957879,0.6434397469082545,0.7405563595532538,0.692387664317489,0.03755908751136039,0.8046174916846018,0.8001456471367097,0.5788926563433633,0.8259709552562631,0.2422505521462361
1,2
0.9722370941789056,0.12513601268288888,0.46790058170280274,0.5479902012655595,0.46759259259259267,0.0704375166860582,0.6674061638086101,0.6596774193548386,0.6607434775702564,0.8320394173963133,0.2869710647933999
0.9033651931736442,0.8429488609227548,0.09095925986041214,0.18807969657545975,0.12009534286762025,0.41456121830636106,0.09836578453384376,0.04718849243414913,0.9361587753974437,0.7966292761100907,0.49585363071314614
0.9409160818551218,0.1834160949625145,0.2933977094093869,0.355994062286198,0.29096905124302386,0.1717808499113305,0.4330345775831339,0.4297234427500646,0.7896463482498718,0.8041431691470592,0.4101584046386428
0.9875141336295263,0.07330308618479889,0.6391285591026749,0.7339579176238932,0.6743233618233619,0.038168792988013026,0.7998557033848561,0.7961022840119163,0.5813007526510179,0.8257882572465881,0.24544699067672449
1,3
0.9704972659589284,0.1250645362476946,0.4725289296046287,0.5466532180572384,0.46307817998994477,0.07081727749595804,0.6558331511043078,0.6501248612652608,0.6647756930531774,0.82847504453734,0.29334402142694854
0.9034441624857853,0.8475689832986827,0.09182053494391734,0.1884259698684843,0.11938821412505629,0.4119817910977504,0.10107611035022523,0.04865938430983069,0.9358994017666269,0.7970351679903862,0.49451097488531365
0.9875010026053084,0.07341689007217664,0.6411932276269819,0.7356713628058785,0.6791088692728038,0.038088121244809536,0.7996831007374003,0.7947788431797091,0.5810543734906547,0.8262765940937093,0.24514861492867537
0.9422478901379343,0.18946653185375853,0.2807592752372736,0.3444696360209273,0.27875243664717353,0.17878058280471792,0.43455292506358834,0.43262874166548443,0.7932060866158033,0.804746691835602,0.41021282622945454
1,4
0.9747223034871282,0.11878542918443763,0.4738074694934057,0.5557319304508567,0.4746267377846326,0.067671333616559,0.6857059004388295,0.679486451979004,0.6533613218520264,0.8350971971447555,0.2745703797201473
0.9032602606717156,0.8474240166686151,0.09202185792349699,0.1887021687485253,0.12041785375118724,0.4120621808626305,0.09852254313220854,0.047469762941460936,0.9362109781888224,0.7967665897344449,0.4953220729089303
0.9869749205094692,0.07619656646602097,0.6548687945316574,0.7438436630538225,0.6835694079510334,0.037238498029223854,0.8005963718522994,0.7973464897659843,0.5797947499604902,0.823938152426804,0.2466796648586716
0.9437181488434864,0.1779249138129981,0.3126103404791929,0.37218080004912757,0.30352838045145736,0.16086750346482642,0.44485749690210663,0.4388485728108369,0.7801551008490918,0.8044238089117718,0.3997544237381315
1,5
0.9863315034999248,0.07724463054967542,0.6437493714170774,0.7341342579345607,0.6710013458479718,0.0382838117547943,0.7875795379387416,0.7807732376432457,0.58534218754327,0.8231084793884337,0.24845191769266972
0.9036260625474852,0.8372499689888437,0.09221742881794687,0.18848629214322438,0.12019793072424645,0.41447731416002975,0.0999217374290744,0.05016881827209563,0.9351286633695467,0.7966040751116769,0.4955862480904848
0.9744004053553541,0.12068222545656476,0.4438753254063182,0.5304454805625226,0.4507660516244208,0.07465271001955383,0.6943057261834485,0.6912300591140983,0.6606232421837184,0.8395781988975178,0.27501334626811474
0.9423685426569834,0.1832383916478114,0.31746824449028344,0.37557190930062956,0.30884322937303077,0.15926993301697007,0.435387380290012,0.4308134449581407,0.7785706424411756,0.8029996816405514,0.4047722752133384
1,6
0.9742807084479134,0.12149289255351625,0.4727504553734062,0.5543581846699555,0.47002215891104787,0.06798942474711347,0.6826931020239568,0.6753039832285115,0.6552113254000842,0.8341624758991977,0.27803947919049166
0.9031598272110493,0.8450390558732703,0.09105812220566278,0.188145259882173,0.11955739733517518,0.41439059802066835,0.09774323157222747,0.04707451877263241,0.9363534296597515,0.7966849543227831,0.49608480770042973
0.9430105349727175,0.17805691752071662,0.3033894550287992,0.36755947207122647,0.2976822976822977,0.16379732905481345,0.4419772932784085,0.43878123406425285,0.7819077925894733,0.8048533927330178,0.40282179472891655
0.9872962710392346,0.07486881025230557,0.6480258600785039,0.744003027328883,0.6853557240881185,0.03723685091030497,0.8000287973192315,0.7951634334307732,0.5803964121206534,0.8242322038546652,0.24475084140305103
1,7
0.9874518314437885,0.07334220827719976,0.6473490871210044,0.740369015792918,0.6823790603054818,0.03756057537249091,0.7989954122166826,0.7945226225784059,0.5808544210423767,0.8241463290448356,0.2453987230926406
0.9035906804636705,0.8445731262753746,0.09172171927248979,0.18893831296205943,0.12086292185794673,0.41163181232897517,0.09911409495274537,0.048399511874589185,0.9358350328782867,0.7966305129811951,0.49440311768631007
0.9736354459196588,0.12242059123912524,0.47003278688524597,0.5512463316904963,0.4695156695156696,0.06892934504955556,0.6775762081784387,0.6731471698113208,0.6571364382437443,0.8342203105354161,0.27978979909998236
0.9438856923838337,0.1818285709276809,0.30743169398907105,0.3683776588579904,0.30220322886989553,0.16415159565409895,0.44916976456009916,0.4446540880503144,0.780554985638082,0.805098940389106,0.40076509682858064
1,8
0.9746138085285309,0.12244276202687482,0.46354942871336313,0.5491504185513567,0.46606017439350783,0.06971659220177655,0.6866621606398557,0.6803173241852487,0.6562618516929678,0.8354544507920635,0.2776596404945955
0.9038556696953868,0.850792021948098,0.09249978764970662,0.18954128657964087,0.12128190366532343,0.4069553907557396,0.09967833272338539,0.04821585687750474,0.935596726630256,0.7969571700424395,0.4925532469315069
0.9429765273913168,0.18118193015198059,0.31212279419442407,0.3745057211602162,0.30647649118986703,0.15886682515933326,0.4387327445362631,0.43526018507390934,0.7793259567861732,0.8042770357407394,0.4017315919459446
0.9875114909400827,0.07294712410687393,0.6479766135503839,0.7431213861533971,0.6861016476401095,0.03727793612334329,0.8013232121038811,0.794972951576725,0.5794235001764769,0.8238313357755493,0.2434940229954203
1,9
0.9864510158910419,0.07700682882150581,0.6445617418667208,0.7345656611115305,0.6711474513332101,0.038187147859310475,0.7880695616145107,0.7806881243063262,0.584565572552155,0.8233578498740398,0.24902433014717434
0.9040904986876569,0.8475427513764929,0.09267313482770156,0.18933098009674765,0.12048665620094201,0.407760033613936,0.09974584629390781,0.048864073931459195,0.9355694627050684,0.7970435480947997,0.492848627574464
0.9431676436376476,0.17363160612593992,0.315915300546448,0.3758455523112277,0.31087765115542904,0.15974350896313702,0.4354605534902932,0.4316299790356394,0.7772320817945586,0.8025942560260699,0.40365246063161975
0.9741178337417352,0.12334163246352003,0.44331465725945907,0.5302683026234853,0.4501424501424502,0.07440190185982523,0.6911517889354226,0.6869516758219887,0.6607080712434379,0.8386078150781543,0.2778840261348585
2,0
0.9439256164022093,0.18104046731327134,0.3138739135218397,0.37203322968588187,0.30482418401881495,0.16177405927463012,0.44350190863501404,0.4398379131315689,0.7802481596637986,0.80429282056653,0.3997295498303652
0.9743148253749107,0.12151440787325771,0.4725782414307005,0.5545187203125381,0.4720495553828888,0.06815390352384582,0.6852399459276783,0.6782018296169238,0.6545859057335791,0.8342090679832638,0.2794333400027587
0.9874502572713947,0.07375853651381828,0.6487932604735884,0.742939746975174,0.6843245489078824,0.03721188396171794,0.8009732548533663,0.7960298742138364,0.5793782841494569,0.8242759515293785,0.24382562178450173
0.9037643560953231,0.8476237225344343,0.09209984347969369,0.18923383834952934,0.1205600652836834,0.4090684340266777,0.10003549345239215,0.048923864606049694,0.9358136600111788,0.7969058326371579,0.49288710549874737
2,1
0.9035025034445702,0.8468281099082628,0.09091530054644809,0.18829451844676787,0.12001424501424479,0.4130322882607881,0.09835811648079296,0.04764150943396189,0.936336834051432,0.7966902567312321,0.4939694298014793
0.9739946385042403,0.12186584393820482,0.4682494818164688,0.5488492101217971,0.467411118752115,0.07013070939752362,0.6838012220655472,0.6798236102074748,0.6575833612396395,0.8351013790436969,0.28000578056668074
0.9872550622212204,0.0744345128924423,0.6460855921657741,0.7392529254677812,0.6807988491156807,0.03755124414045567,0.8007042339921724,0.7944205741328849,0.5806012843795683,0.8249619110161178,0.24446564338013776
0.9410850501752449,0.17114139665890066,0.31741803278688524,0.377382934545784,0.3111348528015194,0.15758148564422192,0.4394103676166873,0.4335691823899371,0.7794928731819657,0.8025034548559719,0.40980779662859257
2,2
0.903266741914313,0.845029632862434,0.09209836065573807,0.18852812922735396,0.11994301994302004,0.41301279758863785,0.0984758364312266,0.04730188679245312,0.9359501949117794,0.7965748670710865,0.4954465295566647
0.9720802491133576,0.1239360754699339,0.4774127703004401,0.5538090647835923,0.4695090181471505,0.06864576371657939,0.6612326963968004,0.6552969679171866,0.6610215564521688,0.8303159663321648,0.2865263836854019
0.9424818385020488,0.18427523093625503,0.28588788260919407,0.3500013411925918,0.2836650528958221,0.17493958733613377,0.4387916915797957,0.43478031402559697,0.7921563971522962,0.8051214853317257,0.40670373568006957
0.9874295203268775,0.07336122676139972,0.6415628415300546,0.7382196093731614,0.6785090218423552,0.03778273049283068,0.8008178438661708,0.7963396226415094,0.5811173232116006,0.8248822539071892,0.24596574129130008
2,3
0.9035666767584631,0.8469758948889177,0.09250228842473163,0.18906980060475564,0.12069937958262839,0.4102560295720158,0.09986224595701348,0.047888133320563187,0.9359194336883399,0.7968293373920605,0.4949372833051567
0.9868688009903035,0.07582438252062185,0.6466666666666666,0.7381555970110106,0.6755365622032289,0.03777506726610129,0.7963197026022306,0.7914213836477986,0.5824033989878283,0.8242990288419267,0.24745698433132185
0.9437757575915335,0.1773149355465433,0.3108714408973252,0.3734299064462646,0.3054805817963713,0.1598143247218383,0.44878693015065546,0.44369414101290955,0.7786617497786346,0.8046531145440686,0.40128202718962747
0.9736595433765589,0.12160614009579584,0.46502514532035794,0.5473768833327785,0.46606735451356973,0.06946735383997879,0.6798678890386409,0.6739231752236338,0.6576016410353682,0.8356892213380649,0.28008126356326385
2,4
0.9742566225560996,0.1204458390614846,0.4714827501835087,0.554087626524416,0.4701492537313433,0.06845296418184942,0.6849719802474615,0.6785975781470007,0.6540585822426664,0.8353071331190391,0.2777848515250972
0.9036089855024487,0.840089397687479,0.09255221769160382,0.1886631043412033,0.12032336905433355,0.4133267662116792,0.1003906176287434,0.0489991380135999,0.9352708560287805,0.7967566619585458,0.4942249236350841
0.9413778022578492,0.1791088707176619,0.31854045478582765,0.3774089524698926,0.3092179027662899,0.15711238080798423,0.43316944477755126,0.42695069993913565,0.7786986908811757,0.8028707153291501,0.4090896458617119
0.9876988638508308,0.07154186054822004,0.6482084309133487,0.7430830585101149,0.6908017908017907,0.0373233808696667,0.803040361125863,0.7970350404312667,0.5784944897121772,0.8248153364705317,0.24501908641403664
2,5
0.9400311907408411,0.18580591686649617,0.3090582745004189,0.3660441309507515,0.30085054172645426,0.1673872461532839,0.4201286191083493,0.41837212505164567,0.7855079387424433,0.8013941307312955,0.4150681971151979
0.9037045612060107,0.8454275839045302,0.09268852459016397,0.18884880446303143,0.12031339031339033,0.4105339991825891,0.0988847583643126,0.04788679245282956,0.9357675933524853,0.796914293272663,0.494508792780897
0.9864318428350406,0.07765170026584578,0.645953847760259,0.7367130620323566,0.6728455550111603,0.03803299287563962,0.7867544337366515,0.7806393462324238,0.5847459482134522,0.8229826074215436,0.2464109446108296
0.9730915949937218,0.12516325505314438,0.441042859964448,0.5259616511343728,0.4463666632341332,0.07613036184792299,0.68243233155671,0.6782905205728574,0.664041475709982,0.8368818552805163,0.2805524484519797
2,6
0.9874954747790626,0.0733961896097225,0.6465686828716788,0.7417978542291622,0.68760192553296,0.03747648182141684,0.8014998077169596,0.7966688353936238,0.5795105627325872,0.8249809330799018,0.24548099177365892
0.904061251217714,0.8458980894827052,0.09291298865069375,0.1891991360897845,0.12040324348016651,0.40829626165530936,0.10039081117148058,0.04907595549104937,0.9355578527613844,0.7970523670146498,0.4931985108244284
0.942572414411625,0.17824032691359953,0.30440706834149456,0.36605404387020946,0.29910829910829917,0.16539499123539175,0.43842031574373586,0.43543249203626566,0.7839213771456308,0.8041781374922946,0.4053070934141195
0.9744466456321801,0.12049068077012945,0.4707618868161548,0.5533827028947765,0.47017279584329397,0.06861431048380306,0.6856955660955147,0.6775970505313381,0.6546518236573159,0.834925043966237,0.27562180547949455
2,7
0.9864318015976188,0.07837381492661435,0.6465034239468772,0.7356681077868822,0.6692271628980491,0.03818429057921069,0.7871041362759398,0.7817052782421783,0.5850390278044719,0.8237959391498407,0.2464060053139065
0.9031700399944435,0.8463679275654994,0.0919026328862394,0.1883757090765651,0.11958617514173064,0.413271947532957,0.0983064849235854,0.04676958261863917,0.9362150951451347,0.7965471785937863,0.496201236045784
0.9413575962572153,0.18441361588330818,0.31732515626842794,0.3718629750761413,0.3101313820738281,0.16386294254674935,0.41774758631756304,0.41246097461653314,0.7826239213799278,0.8008026437639595,0.4103569736560275
0.9735734751864107,0.1252719089118342,0.43558770823654347,0.5238268701384446,0.43971533040358957,0.07743158010564288,0.6857908282287073,0.6811244366358566,0.6660340582683649,0.8378391849321121,0.28207198762081254
2,8
0.9440314578594277,0.18039773764085035,0.3072006640381822,0.3710133621429733,0.3003173572793826,0.16266775029650543,0.4466848618888523,0.44308574158108427,0.7796983996717299,0.8046974996705126,0.4014516491796323
0.9738177592070119,0.12185534435763226,0.4733873500408266,0.5526820943235707,0.46781500038205026,0.0685267167683145,0.6791294563375067,0.6734186365936529,0.6560312204723812,0.8342616079699046,0.2789558170655939
0.9874487612252645,0.07377037583138613,0.6457797961896322,0.7395917189203434,0.6827885577885577,0.03771481198169671,0.801517130513413,0.7987378888322283,0.5810299617939665,0.8243297222107637,0.24638966793389866
0.9035687548901177,0.8425430694660782,0.09160832964111643,0.18871190268300386,0.12084392084392076,0.4123775609675273,0.09924645835426521,0.04991330953595091,0.9353644267985697,0.796756582512596,0.4952471693403335
2,9
0.9879468868911666,0.07037991968303722,0.634603601182478,0.7330089652824974,0.6805567231796741,0.03834573966469404,0.8063623621183496,0.8029322610578409,0.579900374688042,0.826884569539407,0.2441837867126906
0.9035597379963091,0.850332594169025,0.09069923051187656,0.18851103865673496,0.1199924414210129,0.41128140359035203,0.09832334420757127,0.04703504043126722,0.9362572018959436,0.7969277863320733,0.4940830718229968
0.9713401140017215,0.12470118151267459,0.47813579549023305,0.5520368008391127,0.4689938981126721,0.06924239167838173,0.6586904812773291,0.6498518036579195,0.6617028819744164,0.8290783109062057,0.28948641981991485
0.9435144272452978,0.1889995746247665,0.27559990496555,0.3429228404130886,0.27635327635327633,0.17926471524634124,0.44375303054792303,0.441564123598578,0.7916454806039763,0.8068638984188441,0.40260305814062936
3,0
0.9036368826918088,0.8461034077994547,0.09252627154266507,0.18910661914904242,0.12066622835853597,0.4103091358762144,0.09917071775807856,0.04866956942428602,0.9357385604410661,0.7966917570478069,0.49488122872991624
0.9426053062821762,0.1794923757550953,0.3121575530861481,0.3721342188766057,0.30187957704736235,0.16045442420194433,0.44953968214365914,0.44490312777003915,0.7800233673815062,0.8047331229415036,0.40523116570296686
0.9874305572858483,0.0735092012323798,0.6468570187818912,0.7399621605367912,0.6823550499047188,0.037644840060168924,0.8007459563258572,0.7951893040109959,0.5810585700038334,0.8244884764872312,0.2457297504119889
0.9734465773237806,0.12321241251329015,0.465005808700142,0.547487511238512,0.46762904636920394,0.06978504347322378,0.6763164827444896,0.6720249591442577,0.6568563226375551,0.834008137868969,0.2821432837101739
3,1
0.9743055584809095,0.12018359900263301,0.4732117639835452,0.5536676257439143,0.4683461911926332,0.06838104816103607,0.6845300252008409,0.6783407533036534,0.6552245807840753,0.8349200248821009,0.27810785001769917
0.9034181621196242,0.8428070976644857,0.0912828519385896,0.18835123499743284,0.11986915690619387,0.4140961068645752,0.09903424401565691,0.04805830088848928,0.9359285204073906,0.7966860849650134,0.49436097966146797
0.9876260585601853,0.07354495208741182,0.6457343593174973,0.7413030465318271,0.6903211427020953,0.037492901523539804,0.8032268669549604,0.7995764343473237,0.5789725923196545,0.825379833872958,0.24208864390806628
0.9443493464367676,0.18167360002512561,0.31267759562841535,0.3739102143986568,0.3069135802469137,0.15909735703824798,0.4451548946716233,0.44062893081761,0.779205649022024,0.804879828959504,0.3987594992795837
3,2
0.9726038285905984,0.12584991217911054,0.4616055165235493,0.5410850085452814,0.4594243205354317,0.07249939586201967,0.6718150705139553,0.66497454327643,0.6638132119897632,0.8312492119652131,0.2863964181441303
0.9040640773915923,0.8526179962743409,0.09283606557377072,0.18936896698319078,0.11995726495726511,0.4058137708184323,0.10102230483271352,0.04784905660377348,0.9359581452605689,0.7972982869164815,0.4919052676926983
0.9404810874089808,0.1807875689766913,0.30336976320582887,0.36526570041157436,0.2984132636910415,0.16733542511040722,0.42619268897149937,0.42555031446540875,0.7865545069074023,0.8018189562745739,0.4139050341502801
0.9873635262450515,0.07358195515053334,0.6374676445211387,0.7321272830941806,0.673105038236617,0.03825214738401629,0.7978502250048912,0.7927507447864945,0.5816712739995267,0.8263406663806226,0.24393956239247552
3,3
0.9876569103627509,0.07194349726047355,0.6444561960162172,0.7395342032887635,0.6860174207844462,0.037639993510519554,0.8054922652596233,0.7992966795157909,0.5794869419037174,0.825134626118532,0.2440417585061972
0.9038275017494266,0.844788005147703,0.09093111523863345,0.18845428147696447,0.12016336154267215,0.41181859569419765,0.09918142362700727,0.04857328748024903,0.9358014072862769,0.7968973301293992,0.4945770199806249
0.9426413889474242,0.17530584839026714,0.312918857614187,0.37178781226012814,0.30251393144474914,0.16279794207821566,0.4396203034766547,0.4347217277797555,0.7821001179406605,0.8033714206814655,0.40631469545988935
0.9750345056526168,0.11996081028819969,0.47118172036204825,0.5560303949047571,0.4700194700194701,0.06763236473566506,0.6879619927947066,0.6814598965542362,0.6534620308214912,0.835841154089251,0.27692006289421817
3,4
0.9864955369702503,0.07589509324044322,0.6481432985911066,0.7365960908954196,0.6736571912290763,0.03803567913490241,0.787557751463829,0.7806377720176019,0.5845506442871563,0.8229798782734141,0.24815693179552314
0.9035821818352823,0.8413716209737638,0.093352005931296,0.18893452056120785,0.12045984910306495,0.41219392661683796,0.0999607703947244,0.04941689579975356,0.9352654223105706,0.7966100271541494,0.49515246771412685
0.9412637009311045,0.17759895079836005,0.30766142522582807,0.36760561899601607,0.3012772060391108,0.16601372847085086,0.42586551349164203,0.4221537671672442,0.7842487836332752,0.802269919043162,0.4120018332052064
0.973382274361423,0.12387685910896978,0.4453982722263792,0.5284669392006606,0.4504734546228323,0.0753467954569254,0.6842308226256767,0.6801691067094652,0.6634817738972332,0.8367469594827429,0.28073975836041976
3,5
0.9738506898237744,0.12146842909396163,0.4732199195793381,0.55425294281406,0.4699887114981456,0.06805841788587486,0.6819106403871782,0.674631541473834,0.6544729059081322,0.8347442763911487,0.2794970649189889
0.9036700915016028,0.8430363509919401,0.09088323854131836,0.18847602236231725,0.12023954881097709,0.41272998803076966,0.10016311357256685,0.049018097805160254,0.935797400618026,0.7967920304875153,0.4939350379230845
0.9419604879461163,0.1761581180582685,0.30776531492666104,0.3685835856182271,0.3024254011096117,0.16453208270369393,0.43895519467814514,0.4361717974180735,0.7831630104960826,0.8034037804382915,0.4062718056634964
0.9874208719804978,0.07328146793242901,0.6491232078597133,0.7427987856676508,0.6870365406950772,0.03739311979305551,0.7987124852661167,0.7954506607060678,0.5804287201234185,0.8244247472327055,0.24595719499485047
3,6
0.9874317249060306,0.07447898402059658,0.649225551158847,0.7441529407892223,0.6864426760978486,0.03720796059515964,0.805050634534034,0.8001040988939492,0.5791587664313123,0.8246581443317257,0.2438156135607431
0.9034764361518809,0.8413589823343213,0.09266434840205312,0.18867501508652706,0.12040634262856459,0.41329516943213673,0.09898238894521422,0.04909472079283356,0.9353389765525615,0.796596080227192,0.4950221484614551
0.9741545128701308,0.12163033680412691,0.478500813415092,0.5599606079115694,0.4741197451121116,0.06668825564680367,0.6828371974233094,0.6753564741466225,0.6532353867068466,0.8342071165077001,0.27864105570319403
0.9445851514134794,0.18482265370716033,0.30773770491803276,0.36705591621128913,0.302716049382716,0.16238973468206122,0.4521685254027261,0.44435220125786157,0.7801702913418163,0.8055297489510731,0.39484566271937155
3,7
0.9740696376562116,0.1226088341436265,0.4729600989792762,0.5532706842967713,0.46919314089125425,0.06851324726099886,0.6823455144841132,0.6746600213599144,0.6555409527643815,0.8346466859644219,0.2769164810859889
0.9030350934417485,0.8467442578129909,0.09074401008827232,0.1880796642217925,0.12047629483526895,0.41493641486744565,0.09732151367839087,0.047218190614417455,0.9364940079753401,0.7966004974775011,0.49635108778523584
0.9426949794986249,0.18382109094997515,0.3066448087431694,0.36893740366183814,0.2993922127255461,0.16402668505841078,0.442453531598513,0.4372578616352201,0.7806004650526629,0.8044932076998416,0.4046455972534803
0.98744191996411,0.0737212423060096,0.6437874505370265,0.7379929333843149,0.680950977502702,0.03784030892492858,0.8015126265863353,0.7979700715679894,0.5808084416962649,0.8250630998744541,0.24631948046659657
3,8
0.9743516229126845,0.12009278084423552,0.4699704792412537,0.553774370575425,0.4698999028500945,0.06775246661945414,0.6830036035266134,0.6780307959227933,0.654680909100916,0.8352397916300196,0.277495234564355
0.9041742565770277,0.8509516297606352,0.09309436847022867,0.18994947598227874,0.12098667020946802,0.4043005260758825,0.1004873162933142,0.048430931664874,0.9356724695486919,0.7971079980938746,0.49185163287009254
0.9434498350468012,0.17525928899788526,0.3093389740877842,0.3724923295845137,0.3042183622828784,0.16179032752466238,0.4462165727305432,0.4436518563603164,0.781223609143979,0.8044506213120483,0.40456354134786393
0.9870342492238376,0.07514281240556003,0.6516365275195763,0.744756805500377,0.6812641348723824,0.03710401833977818,0.7954623845475798,0.7896777540037605,0.5803587166351527,0.8234321106248752,0.24716958996964886
3,9
0.9873582858378286,0.07411328700400716,0.6472064235530278,0.7419550792748499,0.6838091361900885,0.037408710291105304,0.8005841741901221,0.7967013220382492,0.579941393873924,0.824642159216347,0.24512249799590619
0.903289423323254,0.8441637874384299,0.0921770152042809,0.18857628960262673,0.12061762838964896,0.4136911552863558,0.09815667315137627,0.04753152800860311,0.935643766969074,0.7965957234065425,0.49528109596959724
0.943050265748773,0.17855170528348216,0.31335491281194533,0.37218997022627204,0.30607726786070727,0.16224466486480504,0.4404138943480217,0.4368224972959981,0.7806500892556133,0.8023079690190049,0.40581688569627145
0.9748128126953403,0.11971695341040206,0.47255379098360656,0.5551245038335035,0.4698962784900286,0.06818086572110962,0.6851911013011153,0.6785377358490565,0.6542820482406668,0.8352812085146706,0.2738954805514038
4,0
0.9747876084154841,0.1197937345857567,0.4752689549180328,0.5570547099531028,0.4761507300569801,0.0673805175232451,0.6884729321561338,0.6834610849056604,0.6533391464915901,0.8355832741196977,0.27606998896075785
0.9038407226761717,0.8464049177391963,0.09240242989098757,0.18912720712916115,0.12048245043168904,0.40920995374056246,0.09995659804125112,0.048635188200364055,0.9356153234087874,0.7968648443540973,0.4930682725540907
0.9429701501459189,0.17734943078582469,0.314312736443884,0.3734773244340443,0.3050259332310614,0.16085481329235798,0.4419740730149652,0.43790517658442174,0.7804723914438753,0.8038362539700205,0.40244048629541945
0.9873653099639258,0.07350548632668463,0.6533040392090587,0.7464495595251548,0.6854152592984208,0.03681241193433894,0.7993587041224337,0.7936717888867276,0.5792184704026009,0.822873542049086,0.24645658764819284
4,1
0.9742248260201947,0.12216428110897498,0.44263649911936054,0.5290598550468529,0.4502484047938594,0.07487384175500135,0.6911579464806906,0.6861375331358178,0.6613041200229269,0.8389717872188961,0.27519661103372406
0.9038833795664208,0.8496900196480551,0.09303278688524624,0.18909710971820604,0.12005876068376087,0.40816593972446424,0.09938429368029722,0.046914308176100705,0.935646521508688,0.7970930811966574,0.4940496909362936
0.9863905505538388,0.07730235133481814,0.6430766058356532,0.73390504865843,0.6710924761239228,0.03829231659504678,0.7880339482359543,0.7813456746173013,0.5851448644198602,0.8243803001539325,0.24695860646572487
0.9426440679321688,0.17625888255911576,0.31400088613203364,0.37596994400027717,0.3092708092708094,0.15977042422518561,0.438184466994876,0.4314635390107088,0.7790724916545622,0.8025394714242372,0.4086540938741485
4,2
0.9737385893035658,0.12253345019703527,0.476075434487859,0.555752751935285,0.47210976158344586,0.06782258151253275,0.6794309193056992,0.6733153638814015,0.6548428287583978,0.8332033315015195,0.27998127552268126
0.9035910323342258,0.8473258916921493,0.09242622950819679,0.18916795200788533,0.1204985754985754,0.40954723102074175,0.09925650557620835,0.048754716981132096,0.9358229893311474,0.7968725980359342,0.4946331767605289
0.9875106497083047,0.07236739106897924,0.6499280989358642,0.7434925528780167,0.687209476683161,0.037252423999612844,0.8027913650296745,0.7982257530618998,0.5792385662556079,0.8248306812752811,0.2461802012500936
0.9421757489811723,0.18153853489503746,0.31380789965892836,0.37601220440101246,0.3057802252433125,0.1594457755562611,0.44320251490731266,0.43520324173736863,0.779214046316163,0.8037108697536016,0.40712277022969945
4,3
0.9874085264392581,0.07344646055938786,0.6393123270172449,0.7347418739768288,0.6780626780626782,0.03813433935023797,0.800608313619466,0.795135996079392,0.5810852309364842,0.8257661037483862,0.24459947012599065
0.903152535989905,0.845466752246355,0.09088114754098381,0.1879841229355545,0.11925747863247904,0.4151850429779298,0.09729321561338294,0.04724842767295595,0.9365160909075393,0.7965074192085649,0.49548279943630225
0.9439938661798486,0.18699779912329062,0.2885704459474952,0.3553926511588593,0.28737074890921044,0.17083547391609105,0.44682455091377027,0.44691911861723177,0.786450008752022,0.8072858032362418,0.4006665360186791
0.9718527591061352,0.1263104003555398,0.47801237481661035,0.5511665084927957,0.46700366933829973,0.06966573820032053,0.6628238323232031,0.6536524484252256,0.6616608175836549,0.8300608092709764,0.2888976314353114
4,4
0.9034150143045795,0.8418362612902682,0.09215456674473105,0.1886019164995516,0.1212425140996572,0.41351071183556687,0.09841817767999422,0.04817096649980729,0.9357657353052037,0.7963998608118374,0.4954162625875054
0.9741341653009871,0.12048255626826584,0.46532156368221944,0.5480436525657437,0.4685513916283148,0.06951868058885019,0.6825993708893336,0.6762119013062409,0.6567629257283567,0.8354466781827089,0.2781591502240145
0.9431613966296654,0.1808444156084682,0.3066737176097304,0.3673905244717921,0.30061575222865544,0.16451415142536016,0.44228324739177366,0.43929397443700535,0.7813371146438666,0.8046076518021219,0.40268323795656696
0.987130979104884,0.07481593623715443,0.6483067672584945,0.7427920611820095,0.6839972791529887,0.03737922242025027,0.8007229132632715,0.7961872429326893,0.5804874533752304,0.8241003197171676,0.24907268315026626
4,5
0.9861761397761538,0.07900647573637062,0.649660385067157,0.7391617577075383,0.673305464582723,0.03776176325197099,0.7869459982165398,0.7792981837418447,0.5845661127707977,0.8225900348210048,0.24949685280031053
0.9034390511930827,0.8503879498154121,0.09155489319423776,0.18894352689331778,0.12017612017612012,0.4098932902128466,0.0984566858172804,0.04665523156089191,0.9363327053878988,0.7968664193458279,0.4940418991339387
0.9734020865576015,0.1241077558115865,0.4412236778928596,0.5273567954665954,0.443228552015163,0.07537039997982121,0.6848548008274875,0.679782110997079,0.6636237365716495,0.8371416962260116,0.28071393711361203
0.9412535063560671,0.181058164425222,0.309420457169245,0.3668037137088853,0.3021347457967176,0.16459630625276125,0.42099062778155927,0.41692798299229333,0.7855905436723774,0.8022894597489627,0.40799970319063594
4,6
0.9435769981991847,0.17993678709768424,0.31202538339502905,0.3735074744557299,0.30565205403915086,0.16012180410485272,0.44590478474637246,0.4423371880706024,0.7793092379578301,0.8041599890016211,0.40200222898955607
0.9036705068504473,0.8464920159765702,0.09232525895114585,0.18897401768386746,0.12036682683448868,0.41035486204412697,0.10020529323641997,0.04830564160330442,0.9356880452068776,0.7968936087114553,0.4941259912103261
0.9876897823321221,0.07214618711082565,0.6458665105386417,0.7401844324976554,0.6877798127798129,0.03758037265176828,0.7994689325544344,0.7961994609164422,0.5799198736737224,0.8244907000046919,0.24245141481516572
0.9741114147345094,0.1194548390516609,0.47190760059612524,0.5553635322123348,0.4708300958300959,0.06797732033216596,0.6828179565168414,0.6784162378502,0.6542254976933907,0.834438156369109,0.27891708214517535
4,7
0.9742568043275738,0.12156749465189925,0.4692374565325385,0.5517306522188767,0.47027972027972037,0.06872129192713895,0.6814520671397994,0.6745997712978844,0.6558732715957296,0.8346351476074816,0.2774517223187988
0.9036355687551978,0.8384069609600378,0.09151744430432945,0.18822980676029433,0.12043246402220747,0.41511188311024827,0.09955199694976657,0.04954039671020821,0.9353731994991765,0.7965909903497219,0.4951102611293565
0.9876443138728044,0.07240502527597781,0.644919175187068,0.7389532150877305,0.6835522201375861,0.03771820615343757,0.8044117456575521,0.8010255735980538,0.5795865925861341,0.8250765041685173,0.24425417695013402
0.9424488017096316,0.1781785948082856,0.3060677027890143,0.3650499824602411,0.29683279683279695,0.16633672218248693,0.4463139091391879,0.4415094339622641,0.7821717675020942,0.8039074573239497,0.4054848640298082
4,8
0.9745080731856782,0.11945798103543118,0.4754608662371627,0.5586731335664615,0.4726351613511147,0.06701715409824593,0.6830167937164595,0.6773511489611628,0.6535753517832273,0.834700747625905,0.27833194051615306
0.9034728357902405,0.841611273918801,0.09206076731611013,0.1882735282295379,0.12003102579018798,0.4145074109955667,0.10035228400708462,0.04921465968586364,0.9357322860696918,0.7967716162011612,0.4951504403435081
0.942209301783105,0.1795317050582938,0.3113716538700975,0.3707292146500021,0.3043744815896715,0.16295883974220515,0.436732389064044,0.43322187723907324,0.7819708554302627,0.8034621415921908,0.40597848409698395
0.9873861345132818,0.07432596532660035,0.6477194156351065,0.7415843270324181,0.684710351377018,0.0375036752209824,0.7998760842627013,0.7956744962135798,0.5800977140958986,0.824518612343432,0.24644689106550835
4,9
0.9412407867988344,0.1805139348371791,0.30570206699928726,0.36575871039968433,0.3016020479788596,0.1679933859319446,0.425515866602015,0.42135630298058524,0.7867652524784001,0.8011086981486236,0.4134661650687397
0.9036597707673131,0.8494532119950275,0.09167013397686602,0.1890053974346247,0.12006305407320628,0.4091136123283813,0.09937161511897835,0.04786897806723461,0.9359842654174566,0.7970866995299112,0.4936674139715297
0.9874073838863715,0.0738945982547436,0.6435060992438043,0.7378289864792363,0.6785806785806788,0.03774715411325204,0.7990562377179478,0.7948669080744551,0.5813389675720427,0.8248549688810733,0.2427975680183676
0.9739512700211399,0.1235013794827454,0.46191583068265235,0.5443452715253295,0.4618892715907642,0.07110221028809155,0.6835293791266714,0.6779780343565193,0.6587038137176267,0.8356652467319492,0.27817860717770765
5,0
0.9728069390514357,0.12294548356689217,0.4741692512184315,0.5510098431131858,0.4681164681164682,0.06918537631473153,0.6686569734896872,0.6626356815036059,0.65951851523251,0.8314060958365617,0.28510600094510963
0.9029357757688589,0.8464341271832754,0.09143713073146365,0.18818470847574764,0.12006305407320639,0.4143421113369596,0.09712603551412463,0.046279092040991954,0.9363711728450376,0.7965299269255356,0.4976670035823077
0.9873561922286834,0.07315277714267268,0.6401285333042865,0.7339349792227388,0.679898912457052,0.038269543264897926,0.7991083007076782,0.7958126998056791,0.5814861758847901,0.826941325921701,0.24372384080827228
0.9421184014696363,0.18656371515752707,0.2998280408116473,0.3584970241139208,0.29300898531667763,0.1703531729331259,0.4417032781345049,0.439266393983375,0.7850636745281825,0.804602570824859,0.40345645187695417
5,1
0.9743069260981817,0.12073996944885088,0.47407082968339387,0.5568253054963008,0.47178182292686116,0.06749494188037256,0.68358920514203,0.6769119976955207,0.6547066221452376,0.8339474993062632,0.27856841660605713
0.903788974645359,0.8437328208065855,0.09276370259976796,0.1889636756380137,0.12075167630723166,0.4108906707826192,0.09971461830197909,0.04957118353344758,0.9355221273050598,0.7968146331648517,0.49346268501142754
0.9428574066214086,0.17767597510283564,0.3154056326187474,0.376060692080737,0.30858718679231506,0.15812462502587155,0.4426889714993804,0.43800193517174646,0.7784992713824294,0.8034625986756406,0.40439417987645254
0.9874035875433937,0.07462737078198084,0.6488455322096514,0.7411759452863973,0.6832791621524017,0.03747425803415562,0.8026729148122937,0.798192931171937,0.5797548937449086,0.82449173553829,0.2450465549585742
5,2
0.987826748008262,0.07194916384314315,0.645768268963601,0.7418715350958335,0.685557004201072,0.037445339978837436,0.8050784449625101,0.8003709625839461,0.5790889743571929,0.8254327099752615,0.24330120687800152
0.9034353766167067,0.8418235950430515,0.09217545414266703,0.18862024152872442,0.12062832062832057,0.4138417895774594,0.09974881945142178,0.04868944416114235,0.9350832880480013,0.7965775608475109,0.49473163623987504
0.9743902194338873,0.11984858230265324,0.4756193763096266,0.5554388596952956,0.46859670543881077,0.06759402913639469,0.6844760600385723,0.6778975741239892,0.6529820267739538,0.8349409195244046,0.2776004748763182
0.943774579780672,0.1765484241466345,0.3111560570576964,0.3741851476881443,0.3064713064713065,0.16041804062903478,0.4444310336503645,0.4401862288654741,0.7789583211208184,0.8043763682014641,0.40033751736125617
5,3
0.9861432781003125,0.07864367133412897,0.6477381199418968,0.7378773944536776,0.6722745140466659,0.03791579471864641,0.7865276928144557,0.7799737282063529,0.5852691951091575,0.8226521093945218,0.25072320551187466
0.9033521630962439,0.8489963603748859,0.09162112932604749,0.18841244820335518,0.11975884198106435,0.41251730031488887,0.09933911606774026,0.047455688965123144,0.9362687191985535,0.7969048332194766,0.49398794266106516
0.9399547692938827,0.18639068520286312,0.30646094503375126,0.3647852494284327,0.30245517010222905,0.16763101863816948,0.41444347255630876,0.40976692563817974,0.7869084005165488,0.8015940095838888,0.41556940966078715
0.9734829079585928,0.12339045123287373,0.44174426229508196,0.5278011682455009,0.4504387464387465,0.07562516603657915,0.6838364312267659,0.6787924528301887,0.664270004103408,0.837649695631434,0.27996440371415376
5,4
0.9436908272579795,0.1805476119794277,0.30742892716331194,0.3691051354269227,0.3024811569115368,0.16428818323971478,0.4446378993929697,0.44005254358729395,0.7807008772977798,0.8044234793920767,0.4001031588316559
0.9043947294095247,0.8535760303306851,0.09328289197141654,0.19020925406951478,0.12081233106874134,0.4019125317991161,0.10058145076732411,0.048785679729076215,0.9356991046158081,0.7974385109537687,0.49089749172723984
0.9873427753328176,0.0737655606610467,0.6484202166884112,0.7437890197509558,0.6856337306164297,0.03724354706812198,0.7995266333080358,0.7946072990794542,0.580581164373352,0.8237732150162138,0.24646351252810123
0.9740185096588968,0.12166405114263093,0.47168636421400434,0.5533875874134196,0.47033945095960605,0.06836469513822717,0.6853981153280887,0.6779874213836476,0.655562023456215,0.8346920264833563,0.2781750112062985
5,5
0.9741630597404735,0.12155942545109083,0.4420648761771887,0.5296399977242792,0.44999696914590537,0.07437721336814579,0.6931899074586727,0.6888799678843838,0.6612684325862827,0.8392195914818333,0.27744045638652076
0.9037494879160232,0.8433813674240305,0.09214659685863907,0.18863762041766696,0.12006085828075375,0.41202107507715363,0.0988730804414254,0.048760248938062134,0.935684753161881,0.7967093214460529,0.49492441002572424
0.941894671067504,0.17962475378454368,0.3115839756812507,0.3727752511056722,0.30405086696477435,0.16084977571951437,0.4336148108028263,0.4282644008496813,0.7816509142986054,0.8035101325850972,0.4102361862518389
0.9862812912885711,0.07818757609223903,0.644115109374207,0.7339350194865628,0.6721970839617899,0.03821992812225468,0.7862280893574412,0.7801507097377182,0.5850546782002455,0.8237378133938387,0.24767082709883412
5,6
0.9428543633785037,0.17650646498786957,0.3202797202797203,0.378990431513497,0.31233438925746626,0.15745992793351532,0.4310707879481114,0.42591370893257685,0.7785929191858637,0.8020928065945743,0.4067092337347334
0.903682162160491,0.8433391897174132,0.09127605239311326,0.18852816968172775,0.12058869847814585,0.41255257076226126,0.09994208963030787,0.04848772162700293,0.9357956173976185,0.7967583448634482,0.49421094340254146
0.9862586796262169,0.07832903107735195,0.6470397828129894,0.7378285996962408,0.6711851488921554,0.03781716972794394,0.7869912154002795,0.7811320754716982,0.5840605226223133,0.8228577127981274,0.2484771723172075
0.9741120333482097,0.12214757044795557,0.44475947325987636,0.5313699866084179,0.4524426696557845,0.07433518367456325,0.688478883539521,0.6862202288895762,0.6615507931008987,0.8383337046669702,0.27865775899072365
5,7
0.9876929057948514,0.07247672643519745,0.6484280260498541,0.7436872927136069,0.6863462514147447,0.03728286649469316,0.8018791057697203,0.7967562677694493,0.5795377414966769,0.8236275322437866,0.24529488705686414
0.903235258086761,0.8441434580028453,0.09092564994204322,0.18823526382596062,0.11952861952861937,0.414198114278578,0.0981562840298898,0.04728416237850197,0.9362521397810716,0.7966773848536651,0.49617126071835344
0.9742326504360459,0.12041269006981761,0.4680172037648819,0.5516337370101644,0.46952216914194106,0.06893864018421268,0.6799298910201139,0.6741660090393857,0.6560006069296092,0.8336190379039722,0.2792495456259575
0.942002545384499,0.1755943131106949,0.3033567525370804,0.36308004653105264,0.2950559141035332,0.16746895958751334,0.4428849606757201,0.4402259016814273,0.7859588849901906,0.8039217866077577,0.4107281458733143
5,8
0.9740452358098631,0.12257284735770196,0.4744425601406947,0.5551882008765099,0.47126436781609204,0.06822508120279967,0.6795425087951688,0.6724643967324514,0.6554711291598101,0.8334135962256374,0.2774203973870918
0.9038236386499291,0.847138493684648,0.09296829491553626,0.1893569176461139,0.12069937958262827,0.4085254499519978,0.10001320929179297,0.04869265396034894,0.9355616875204417,0.7968679002987193,0.4935726047138382
0.9875587917453335,0.07277583111271935,0.6442964480874318,0.7376563331244186,0.6850664767331435,0.0378105735499472,0.8042389508467573,0.799475890985325,0.5796678734669238,0.8256318825691588,0.24453304708839507
0.941973785315241,0.17999047180053718,0.3127954013199915,0.3717899783447368,0.3040663040663042,0.1626159933864031,0.4406170038140298,0.4351874540553785,0.78128713715501,0.8032551129641123,0.4085736326868716
5,9
0.987354807246068,0.07349678465952061,0.6499254843517137,0.7439984109995512,0.6866196481581097,0.0371940693413054,0.800621311773728,0.795276421691516,0.5795219603949618,0.8238303422246587,0.24600355611904526
0.9035885546283003,0.8429323010852856,0.09172212303197547,0.18857590006837255,0.1203633183831202,0.4129379673177289,0.09943317751849523,0.04864561927890937,0.9357598613780157,0.7966385779637084,0.4943739895708985
0.9437133240835124,0.18120436156698222,0.3058217738545608,0.3686622679125798,0.2991270363065235,0.16432889128173686,0.4450481364979506,0.44146105466860175,0.7818408509832416,0.8041713381048607,0.4003532249064958
0.9740527004693442,0.12188834272712917,0.4724641393442623,0.5528203208137141,0.4679375890313391,0.06857111155103703,0.6814155436802973,0.6752063679245284,0.6549189978072446,0.8353470060570688,0.27659219404397184
6,0
0.974232773650577,0.12311345081484162,0.4654713114754098,0.5464532668732761,0.46400908119658124,0.06979303700061308,0.6856412639405205,0.6794516509433962,0.6570336142670312,0.8358246675031683,0.2762816925219018
0.9038305559602593,0.8419393107302804,0.09147192186955,0.1888908948363508,0.1210977753530944,0.41139122348577895,0.09995649766669318,0.05054195102368547,0.9352764124010187,0.7968989415698121,0.49428030867103223
0.9441678495928786,0.1820879069835529,0.3063729508196722,0.36951269476426807,0.30058760683760694,0.16395792888525593,0.4474674721189592,0.44349056603773573,0.7814279211120254,0.8048301277261609,0.40260720094615
0.9870874864205142,0.07458935236640066,0.6483606557377048,0.739996903326855,0.67991067991068,0.03763071497214998,0.7955139154023912,0.792248852626211,0.5816432199536444,0.82441440762048,0.24698128026272842
6,1
0.973951706841716,0.12108464592603388,0.474267262791853,0.5538269688782412,0.47006388673055344,0.06867025212789998,0.679170891066802,0.6731846769582618,0.6564998570025263,0.8333043196035427,0.27832725765177607
0.9038252141797887,0.8447484253352207,0.09232267489044005,0.18866997541395214,0.12023638261262054,0.41139798753043766,0.10050057050314704,0.04881374929945803,0.9355290448002563,0.7969942698494661,0.4936683702068136
0.9876293257544002,0.07262460028412593,0.6424051358477589,0.7392835192129447,0.6858625704779553,0.037583929302535624,0.8025840330673044,0.7977701543739276,0.5799966857106801,0.8250530371068796,0.242767636896713
0.9427790024827117,0.17933124185563978,0.30832964111652644,0.36954697842793105,0.3007045507045507,0.1628676450282918,0.444589570983623,0.4391891891891891,0.7817126728698357,0.8038029970922735,0.4052831146825294
6,2
0.9873505851402717,0.07401048696195367,0.6459914664271277,0.7412247474139628,0.6867267689185498,0.03749028099897683,0.8000585629169426,0.7943783923494443,0.5800568153073918,0.8241617382515967,0.2461645353603154
0.9038009590836138,0.8451218862590442,0.09240548678487792,0.18919904129809462,0.12100994243851382,0.4098704184851625,0.09915787876488913,0.04863303812090858,0.935734069992382,0.7968142676126194,0.49283643376015485
0.9419380717384044,0.17646269269987847,0.311046823100825,0.37162451590496326,0.30406122562985316,0.16272511354598035,0.442111912918823,0.4374152176593908,0.7821544087474981,0.8039457159157333,0.4072035273361302
0.9742560706877853,0.12211185551709122,0.4761314007215646,0.5562019156011138,0.47248347248347256,0.06778429782159219,0.6812160009186031,0.6764187367960952,0.6548176202464283,0.8340375343705748,0.2785757354192441
6,3
0.9735829616115875,0.12204124736167854,0.46472646896297665,0.5470109337151402,0.46468623622181676,0.0705001551779495,0.6806872450329282,0.67312557416437,0.6591791036747788,0.8343513150744062,0.2803598014583385
0.9031478175905453,0.8455350937473898,0.0922382067581129,0.1884924175837125,0.11974533403104837,0.41330342676561793,0.0989113117365904,0.04734308817866745,0.9361357745806596,0.7966337906752645,0.4962106457959242
0.9411023820863651,0.18479777031424327,0.2985332182916307,0.36101901031915407,0.29532163742690065,0.16951796959446738,0.4310311093719429,0.42830188679245274,0.7875110683972986,0.8036224517326375,0.4100231493696653
0.9873436043080634,0.07358895121411838,0.6531492666091456,0.7454058304204934,0.6867096516219324,0.036986720658804484,0.7995043370508053,0.7947699437272424,0.5796145318157948,0.8230423553632084,0.2473259423502514
6,4
0.941334400818262,0.18221091216039303,0.3095608471939691,0.3666333978946941,0.3015575935283964,0.16832193607041665,0.4237918215613383,0.421264288665473,0.7855101851324945,0.8014898971644353,0.4100988175481521
0.973628748306074,0.12301888758152527,0.44343922182164475,0.5308642442890485,0.45104089087491583,0.07412009622384164,0.6839223187153898,0.6791826509042511,0.6611008194893069,0.8373714411041678,0.2800183095602629
0.9031823653846545,0.8472404390547672,0.09234706117552971,0.18865216736937274,0.11985268570634422,0.41218091694557485,0.09815939795085671,0.046645190980211304,0.9361762763093393,0.7966604385852671,0.49564015543425916
0.9862244325020968,0.07827869699774251,0.6469772974091121,0.7366829459940517,0.6694617451715245,0.03804086989791067,0.786145673308081,0.7787631688589963,0.5849937348630296,0.8226506313050208,0.2489639426099595
6,5
0.9034363690792978,0.8502742765544475,0.0903312144529943,0.18801366088575516,0.1191929763358337,0.41257098910883444,0.0975267430392231,0.04593762033115156,0.9368606747171606,0.7968671305782088,0.49386516359741794
0.9725112420513945,0.12841463253843402,0.4361628230063907,0.522436043675252,0.4412332802163311,0.07744886636198484,0.6757293176233382,0.6687400063959066,0.6672103099810153,0.8370742650735011,0.28409222986931715
0.9393919246507072,0.1838223609652999,0.31193011846356355,0.3675820853619348,0.3049680786907066,0.16718018986902777,0.40927468591430816,0.4041316623054674,0.7853338435134763,0.7990543313318953,0.41939279158919296
0.9864670376625122,0.07698848235280889,0.6391659650339261,0.7325407087268548,0.6694468114407692,0.03846137224390091,0.7883062478239872,0.7818047084307131,0.5849896237139683,0.824422161270053,0.24700362824281802
6,6
0.9744593535320716,0.12048634011175319,0.4704369553293924,0.5529437738107524,0.4701807898833922,0.06832645004012981,0.6851480770028056,0.6782492810549203,0.6543997968127694,0.8357610504979524,0.2782778770627054
0.9036296821436016,0.8480492230022395,0.09219108055702452,0.18937523188949956,0.1213736482553685,0.4093024843137319,0.09955230443298568,0.04867113004666246,0.9353506757382846,0.7967383997750985,0.4947809405555288
0.94363020874047,0.17264825729620015,0.31616545434806204,0.3762393526403085,0.3088054942359578,0.1572911965257332,0.4501341736625717,0.4458328126952392,0.7772937630948945,0.8035179320895611,0.40159323836759
0.9876508215123853,0.07241322647244702,0.6463700234192038,0.7424769193210625,0.6862026862026863,0.0373818194898272,0.8032900892699087,0.800179694519317,0.5794705140981318,0.8246750631190937,0.24602308066245598
6,7
0.9038556004937375,0.844094560163535,0.09305151036032283,0.18899324522993088,0.11999074435622664,0.4103891959654341,0.10061706263091319,0.04934393257350855,0.9353833351732725,0.7969065648783199,0.4934861807914855
0.974213396163896,0.11873467731973403,0.47263259402121505,0.555462644400347,0.47085637673872976,0.06811681963068258,0.6848604125665136,0.6777358490566038,0.655243710122541,0.8336831529718413,0.27861779251673296
0.9439658041215927,0.17894140244964407,0.3115169122224528,0.37216640383224986,0.30341880341880345,0.16022659223744232,0.4467554468025034,0.4431573919273943,0.7791978101317789,0.8047350929834124,0.40101770837016326
0.98740301667918,0.07344864466651921,0.6474844544940642,0.7405038164725948,0.6809018567639258,0.03749991191693414,0.8014228945007051,0.7966558230318801,0.580376699729743,0.8257912362098325,0.24506766620521636
6,8
0.9031626383079112,0.846011010428259,0.09193442622950843,0.18842036561730507,0.11991452991453011,0.4132322851742106,0.0981226765799258,0.04666037735849077,0.9361858842839581,0.7965962053187085,0.4962439828405677
0.9875306865509424,0.0732926316143599,0.6467499713401355,0.740147841003693,0.6857629549937244,0.03752940249696139,0.8046247432864535,0.8002902757619736,0.5793453059046019,0.8253836926816219,0.24334500677296267
0.9431219706608052,0.17871050300332592,0.31264953478068236,0.3715831647131659,0.30767305767305786,0.16108387367136215,0.4390635989149,0.43694543600203967,0.7801693902560771,0.8040149219250035,0.398561004708096
0.9739985685962759,0.12163788474859252,0.47685196598052504,0.557751608571376,0.4728594991752887,0.06727155901913774,0.6827151521927494,0.676705915732728,0.6532785981161376,0.8340339206339222,0.2786696108659391
6,9
0.9745736284610765,0.12099407509612106,0.47166099597896693,0.5529082613911485,0.46931140138687316,0.06842384294915659,0.684912674475696,0.6801423994304021,0.6551319670798481,0.8353574840206132,0.2762283455089621
0.9039330607676547,0.8441527603610348,0.09170135054786399,0.18879109471653,0.12035191827937919,0.41056061466754823,0.099851686345513,0.04893929025320193,0.9357811672807629,0.7968510030464433,0.4936149069563154
0.9874746648512142,0.07361494295030233,0.6493618469567191,0.741942873356632,0.6861069214010392,0.037512599688238474,0.8013403480788772,0.7969315140040476,0.5800469406908793,0.8244215041225628,0.24527093347026846
0.9429332425587537,0.1801327804785154,0.3084324440158578,0.3699938396560073,0.30106325531162137,0.16289707702160594,0.44177175207133657,0.43600937230238,0.7816361190899583,0.8041468744215303,0.40638659694061197
7,0
0.9875183897650105,0.07353855680338986,0.6456571269797168,0.7434229374464876,0.6856632382056111,0.0371964799379321,0.8012475584399221,0.7975055964182922,0.5796912708734708,0.8245253286591397,0.24595417933913893
0.9034978202889491,0.8434998146948911,0.09236345662739931,0.1887282633168974,0.12000171799166792,0.4126447348626241,0.10091348937998562,0.04881008817673271,0.9356997337941273,0.7967391049164186,0.49393923874712153
0.9739094917189701,0.12256142841691375,0.47625843780135,0.5532988570951752,0.46483436679515117,0.06850659237844517,0.6776004081930169,0.6710321864594895,0.6562438147191602,0.8342829757191975,0.27875197717163025
0.9438344028582389,0.18087490245547178,0.31540549343176644,0.37642692698271407,0.3072960887530425,0.15809930323844915,0.4512174105714075,0.44545795326752463,0.7755613649395247,0.8043885426772044,0.3976662562931826
7,1
0.9036642202346064,0.8444753167297018,0.09244220260613717,0.18872879675815085,0.12085616188180281,0.4116380179882786,0.09846535125345507,0.0483018867924529,0.9359842387130062,0.7965844522262707,0.49455382831841965
0.974067269221604,0.12055443545138522,0.47203103491427856,0.5548740456855663,0.4697918705552294,0.06810171149296818,0.6825959874003236,0.6761198329252485,0.6545676231883171,0.8345631589275487,0.2796755906595163
0.9875355316669319,0.0736796653193783,0.6451275045537341,0.7392108604487722,0.6864019468186138,0.03775119241227021,0.8032837670384139,0.798401467505241,0.5803320054256162,0.8250453070077032,0.24389337274445552
0.941945892649416,0.18011635512781143,0.30724484399788476,0.36872274234991137,0.2997886223692675,0.1638494283068059,0.4394052044609665,0.4358125380401704,0.7835602340265024,0.8032680751306375,0.407907394762737
7,2
0.9742000034166358,0.12322189021525318,0.4699662119884871,0.5539263047673145,0.4678671625236511,0.06826077707068968,0.685320241777576,0.6790868500648134,0.6535086860643974,0.8349429792979601,0.27622896192821506
0.9033842538545844,0.8458702889915328,0.09136835061893595,0.18856762116321063,0.12066108494679928,0.41273324620539953,0.0991578787648888,0.04824797843665751,0.9357851008684173,0.7967089180885235,0.4952995186191216
0.987416305157346,0.0737467813399264,0.6462533325770039,0.7422347914234027,0.6876250751683279,0.0373938948036075,0.8010444938963996,0.7971404321995168,0.5796298557560577,0.8245978224258025,0.24595528724076401
0.9428639471013675,0.1717123482053986,0.3080467159541411,0.3697198028075298,0.3031487998808261,0.1638313562542281,0.441674563257769,0.4372179060303366,0.7836204376429847,0.8027422079917147,0.4073572924893934
7,3
0.9433104706321624,0.1803256085272951,0.31139187637047094,0.37261942152003735,0.30451666757399243,0.16033699324269357,0.44287642364975266,0.43989905059488044,0.7799917801201773,0.8045562643642109,0.40280436731522357
0.9876760155317255,0.07225201961688621,0.6457546636517808,0.7407858499731712,0.6890657235484824,0.037456883339264224,0.8038200230739648,0.7985426154847103,0.5788605620251033,0.82476763987019,0.243159860835934
0.9034186190291085,0.8453751408106759,0.09178611278001897,0.18871813994289932,0.12049342939395291,0.4118845947477072,0.09813347865859573,0.047831670453422626,0.9358875065257067,0.7966199837066797,0.49514802503060085
0.973923463750283,0.12222611344558748,0.4723438868727318,0.5539115404800162,0.46941127857158393,0.0682818850679784,0.6844547234598031,0.6777761774449086,0.6545151559764091,0.8341031763195322,0.2781170088740377
7,4
0.9872604833331463,0.07428144781083751,0.6524362477231329,0.7423780106636702,0.6833847736625518,0.03739694556554608,0.8002633209417599,0.7958726415094339,0.5797934334108439,0.8240306586578257,0.24658354619119127
0.9034943208787682,0.8427450406499422,0.0929556890115239,0.1888395056095783,0.12043383825562065,0.4121873251747368,0.10004048732010767,0.04868298150569761,0.9354432186140266,0.796743158001346,0.49610031345875377
0.9427060323412604,0.18056425803564718,0.31269134730213866,0.37008616732351124,0.3066545914228034,0.1639347742680688,0.43715994977719796,0.43251280769711353,0.7819100946500852,0.8028716234338062,0.40587567715890194
0.9745171003282891,0.12143155504930161,0.47462497626432054,0.5546522440664224,0.47086647086647093,0.06809132001989875,0.6837995722754087,0.6766518540103446,0.6548110848993103,0.83397299744234,0.27656402699300314
7,5
0.9735838677496718,0.12423604470626035,0.438575187209067,0.5252328793767627,0.44773897037271526,0.07636048028774202,0.687961815595025,0.6827082848047209,0.6650003968314299,0.8380265705759306,0.28075032038657105
0.9039067297914894,0.8512609291037974,0.09140785896696585,0.1889991797199761,0.12000171799166798,0.4082560934846913,0.09904541293829744,0.047767137574665886,0.9361706460080488,0.7971462219000223,0.4924990839974257
0.9862497193338717,0.07744438742782384,0.6480012411439209,0.7384923334488921,0.6719242902208202,0.0378226975911843,0.7859228595217711,0.7811439795250279,0.5846816106579836,0.8226412315701257,0.2491579382003558
0.9412070332468789,0.18462849808153908,0.30517381699802343,0.36186437060461135,0.2970034955850559,0.16902777385256312,0.42104985631047487,0.41742272179847445,0.7855635780534748,0.8016462150135238,0.41041296362939705
7,6
0.9437865848140674,0.17513838668262133,0.3083018074821353,0.3707275997406647,0.30109942289429475,0.16252811487242363,0.44995710609093503,0.4463957426221577,0.7813709978641271,0.8050250816689509,0.40443330360138746
0.9040035297255664,0.8463916237822091,0.09160047321277676,0.18893389254483556,0.12030428525273901,0.40968518621904293,0.09977771816195918,0.049231666990857625,0.9357089902660471,0.7969760698244379,0.4923238009350458
0.9746460813827701,0.11788067260533308,0.4795269678388187,0.560022703067458,0.47727322154803076,0.06670049146047455,0.6833054286443998,0.6772432665994528,0.6536537539898594,0.8331114658058513,0.2769907379911024
0.9874676308914812,0.07354005874418607,0.6478255919854281,0.7436477075988014,0.6841464862298197,0.037156848866977704,0.8004569392812888,0.7941299790356393,0.5792883440477836,0.8240354453838341,0.24697350454175024
7,7
0.9738063076943824,0.12076593813224573,0.4637578814627995,0.5457278605132238,0.46757615603769453,0.07056952511573437,0.6791678581641407,0.6738751814223511,0.6584719547994087,0.8351524329053118,0.2804520012469289
0.903669822296042,0.8437855690734479,0.09234426229508202,0.18887489937987795,0.12064102564102586,0.41140747930928767,0.10024163568773242,0.048924528301886594,0.9355288264259363,0.7968517744271232,0.49345316799321637
0.9416868717684292,0.18173699294580137,0.31373504652193185,0.3718696596400459,0.3040348040348041,0.16210158124815321,0.4385110017080277,0.43233044365119827,0.7816156328671743,0.8036315480710216,0.4077495845165817
0.9872328683885616,0.07467642884792439,0.64975297552212,0.7406353326038313,0.6786676033251375,0.03754324999195183,0.7974359627234304,0.7923882140087877,0.5815724054389819,0.8245345482799943,0.24469543137864552
7,8
0.9875933350921146,0.07198149058549011,0.6430438635356668,0.7375415666040167,0.6839628089628091,0.03780486352552602,0.8033005124083192,0.7983809280979093,0.5802853530592571,0.8256687420106719,0.24417557683997088
0.9428464898596808,0.17690437990867985,0.3034632504614049,0.3672185529920551,0.2976736287994566,0.16434999259052246,0.4426007533420321,0.4379607647132324,0.7840005217575646,0.8049786518573634,0.40541883015413166
0.9037160824722438,0.8478892949078658,0.09122157588577468,0.18857021427471954,0.11935177526575369,0.4106267255993522,0.09863292960786674,0.04704808277541045,0.9360210641499139,0.7969452134904119,0.494208336563644
0.9742887346156357,0.12109169065397166,0.47240130165162403,0.5536243819406677,0.4708857517846282,0.06831493967576802,0.682928866797544,0.6761642286764185,0.655618592270538,0.834210686391041,0.27899169920946676
7,9
0.986162128343918,0.07828840973884896,0.6450767463715152,0.7342308428580339,0.6706498267007824,0.03837739065014746,0.7852508701726139,0.7786323759163561,0.5856804858223426,0.8237827813970193,0.2478871305183558
0.9034466896147547,0.8429122247973917,0.09292363456627406,0.18899511005445546,0.12103251299231182,0.4119713464635941,0.09900805140946367,0.04896179008248802,0.9354278058326125,0.7965768718261563,0.4957520601132922
0.9425433580368462,0.18204755489817886,0.31618439872373205,0.3768631673949362,0.3101780148760015,0.15943188917225493,0.43434545046281287,0.43072052678232237,0.7778666696042303,0.8029484015388941,0.40461244526537254
0.9739371735480316,0.12168633001611301,0.44225099876015983,0.5313153509216747,0.4516866575690106,0.0739210520215034,0.6884664646527756,0.6856667195179957,0.6605125636631366,0.8395467754122546,0.2777383585567472
8,0
0.9740622070393283,0.11995388229510062,0.4723767421870203,0.5535606210355659,0.4725183264509108,0.06852120580346399,0.6831934060120017,0.6783548865804536,0.6546718889037473,0.8346177413682645,0.27969134233837717
0.9034942188461341,0.8400943967273389,0.09142364106988782,0.187890074832191,0.11991303043934609,0.4158950783262437,0.09968694971629799,0.04911618669314771,0.9356237716778636,0.7966975736713233,0.4963031451271308
0.9873569080557094,0.07450137202522528,0.650354609929078,0.7432943478761869,0.6874583257561981,0.03730170721473776,0.7989533074955839,0.7967215308443729,0.5792801287479974,0.8246851139351152,0.2453123536338988
0.9425245793486616,0.17725737426472293,0.3105590062111801,0.3720419906045197,0.30468404381447867,0.16122072504596346,0.4394929460389296,0.43511074651353565,0.7807137377439448,0.8031924828895112,0.4062574042191971
8,1
0.9870372637548803,0.07546315910703741,0.6458686324128067,0.7378364148596809,0.674200271515708,0.037852568432443195,0.797809435892318,0.7934278840065849,0.5828452506520028,0.8246778902745114,0.24489389444211412
0.903698770859531,0.8439187456142357,0.09277714656711578,0.18901186933462666,0.12067360582212044,0.4109372455075282,0.10042695719386052,0.049392863814683274,0.9353822769433309,0.7967853567099838,0.4941353034347302
0.973708417174927,0.12194275183958261,0.4680460074034902,0.5503323258770629,0.46830484330484334,0.06908136245579226,0.6790382539872886,0.6728393183201461,0.6561529991263737,0.8351079692521756,0.2810201870885497
0.9438760873327046,0.17622914060468944,0.31046160483175145,0.3709136683765326,0.3066989053831159,0.16273248482143335,0.4483222461357856,0.4452581926514399,0.7810681138371187,0.803780877147984,0.40305729804626644
8,2
0.9437851425091168,0.18090428736640857,0.31320994182971973,0.3724266466378355,0.3054314860766474,0.16221287619851216,0.44640844225926374,0.43973219720024337,0.7793228056706446,0.8029075428322224,0.4023775518116157
0.9875584718888415,0.07282287596525339,0.6463732315293063,0.7401151214285983,0.6867560394957652,0.037578460594218446,0.8044889748943322,0.7997415352804342,0.5794149555089647,0.8253630745059815,0.2413766792873899
0.903927994108083,0.8509186211248317,0.09236345662739925,0.18938645083164335,0.12045984910306512,0.4070207993066385,0.10033438568306224,0.048430833412344665,0.9358510339964103,0.7970431803204061,0.4926749296731625
0.9746676892658579,0.12098746889453785,0.4703498128307732,0.5505480440777317,0.46611481257150555,0.0691308030337528,0.6871322776102802,0.6808646560689346,0.6561792202882745,0.835078952563328,0.2750855549620338
8,3
0.9874520338422178,0.07360964582560381,0.6451816570669029,0.740324816638333,0.6852814352814354,0.03763002459136364,0.8026097658997288,0.7983171851096378,0.5805672889241331,0.8251123441581844,0.24570378045755775
0.9038582118767657,0.8455464930374632,0.09220680958385885,0.18929348183406475,0.12092921323690542,0.40956200401893667,0.09981889238394809,0.04857281083696163,0.9353789863535479,0.796752578335971,0.4929527629475119
0.9737366538203086,0.1214788235009796,0.4748758072528565,0.5547628224917085,0.46715013381680054,0.06786943525889316,0.679762307085727,0.6732561463693538,0.6554157185312315,0.8335843962263317,0.2791372816437065
0.9409715846617037,0.17683728316724048,0.30887507066139064,0.36935771441280596,0.29965615482856867,0.16319977591668045,0.4364568645045506,0.4359661678594664,0.784965262547227,0.8030927461514891,0.4146741820417222
8,4
0.9730709826252021,0.12559112602664216,0.43635525709394957,0.522971820380506,0.4462636872275427,0.0776940909648608,0.6831489526880757,0.6783966052890806,0.666789233256376,0.8366816896566609,0.28163696056427534
0.9033831283578299,0.8455307779786816,0.0923778942031434,0.18877862531641265,0.12031897083443471,0.41172581659449353,0.09952860920553452,0.04808403034429115,0.9358181852793517,0.7967277271302429,0.49519205953404943
0.9864475857552014,0.07762141563626432,0.6423033302402309,0.7339331717021713,0.6716748194735618,0.038202872119542514,0.7871104252881627,0.7790791503500654,0.5849990515712967,0.8229982458225413,0.24864801007501175
0.9399822980815226,0.18594878626185307,0.3124189173251563,0.36986414071313817,0.30320359097337524,0.16399635987541833,0.413575459335134,0.40809013166825014,0.7839497790360268,0.8011684391473232,0.41164833574610044
8,5
0.9040575274061218,0.8456271621216038,0.09258949481431922,0.18921969023218665,0.12000697714983438,0.40815837804417765,0.10018208026705117,0.048382749326145724,0.9356265126075078,0.7971671545861249,0.49212489654075586
0.973128099945382,0.1242943471915833,0.46645649432534675,0.5450787183353519,0.46589962743808905,0.07080055175232454,0.6778810408921934,0.670420899854862,0.6591279078943236,0.8343026744769766,0.2812656921924776
0.9416012095627972,0.18759749075648127,0.3035445281346921,0.36433368991950954,0.29731654731654733,0.1672217903506858,0.4334873907364614,0.42649158592554814,0.7843410706562147,0.8041050297613066,0.4105444170708672
0.9874163477164638,0.07305766413448309,0.6470203810367744,0.7389420473085532,0.6802860552860552,0.03769095069576574,0.7985406410127597,0.7929755226925037,0.5815733858088717,0.8238557596486669,0.2464218530411627
8,6
0.9746602892144242,0.12096520268127403,0.47219518442622954,0.5540009740618851,0.47168803418803423,0.06799512227636155,0.684465032527881,0.6772700471698112,0.6538739116357223,0.8354298665562248,0.2747165099174498
0.9035304694529537,0.8478790410157813,0.09145199063231851,0.18855320327525832,0.11983254840397711,0.41166743212049306,0.09877854487519921,0.04782441278398153,0.9363668528552194,0.796696177789728,0.4948737118502418
0.9436484767550728,0.17539017166383564,0.3080241587575495,0.37098769654888186,0.30503073924126556,0.16232655227396167,0.4452162003521815,0.44133565044687184,0.780907149644734,0.8050574724764777,0.39814196678414004
0.9874284448561631,0.07355404722587791,0.6477625166149757,0.7433647767130029,0.6855894355894357,0.03725549301472714,0.8000100472219434,0.7965196328403875,0.5798394889041705,0.8241674651646902,0.24659009692196965
8,7
0.9441816926846333,0.17704274417685317,0.3088947646747753,0.36998200813231646,0.30102012682657847,0.16177912108557432,0.45149298477035615,0.447620206938527,0.7797261969370084,0.8058978236260381,0.3992659944164633
0.9873291743229655,0.07357987165313265,0.6511177347242919,0.7452876096554883,0.6845077998924156,0.03714972444537175,0.7992955000389944,0.7941153186436205,0.5794744340599919,0.8240302478227262,0.24606561221478318
0.9035350663529254,0.848565376866117,0.09104665825977298,0.18839698314686104,0.12021330995689994,0.4120279910818381,0.09688304260794989,0.04706337687469758,0.9362851551403074,0.7967721458979538,0.49352565850230534
0.9746461492189828,0.11943636152945344,0.4781296572280179,0.5604822711988612,0.4720387637054304,0.06677297458595347,0.6836346738763095,0.6775871926815321,0.6533836389127239,0.8327728106236107,0.27941144701624043
8,8
0.9873250866080934,0.07364374307791446,0.6458786310037389,0.7403343480823212,0.6835407607337434,0.037530899384970035,0.8010174134220308,0.7952068851373717,0.5798414789538493,0.8248894545430782,0.24632746312528586
0.9033898008628747,0.8440113545413945,0.09199902128700749,0.18878412196954641,0.12082039942736467,0.4124823923704254,0.09937302335904125,0.048268093494790165,0.9357296406763908,0.7967969423638054,0.495145504930704
0.9744198155895052,0.11982276422694266,0.47360219410334725,0.5543102700618769,0.4693163476433439,0.06828998543501294,0.6828840798903133,0.67680608365019,0.6550841666263628,0.8349353444584942,0.277068097659222
0.9425814702817512,0.18180821883662995,0.310889154272066,0.37202656414212426,0.30152261278089104,0.16184227353896266,0.4411728501440213,0.43671123328751715,0.7811729762192711,0.8040618171751074,0.40532778532488467
8,9
0.9877455850498492,0.07266254661927299,0.6458451102317694,0.7419048024625425,0.6883092641713333,0.03735651268572315,0.8039610306370979,0.799011060507482,0.5784042349978086,0.8251306254846733,0.24404747749256167
0.903308525298146,0.8416850813977179,0.09222797927461146,0.18861612312327874,0.12063239006244197,0.41383045660125434,0.09846485736849181,0.048763319972626895,0.9355685555798905,0.7964366726309672,0.4964795891170256
0.9745925600722485,0.1202744630296021,0.46880240270304097,0.5548314627436113,0.4700419738587678,0.06773809820941777,0.6850364652799454,0.6796917758893849,0.6536880142961426,0.8364421425409326,0.27665140924662185
0.9433757021289009,0.17700777264024525,0.3112215758857747,0.3717331827221655,0.30386912967558133,0.16192200318394706,0.44743974097613626,0.44382227632379795,0.7803360821740134,0.8034395814986135,0.40285724364275666
9,0
0.9864631321927315,0.07783949981752009,0.6440426944487003,0.7352644304122491,0.672675311304595,0.03814289538509821,0.7880925083093032,0.7808499382824896,0.5845157789376415,0.8234331051814319,0.24634209504913046
0.9037097867834102,0.848736678859978,0.09204111101673301,0.18931402178123202,0.12054382002568553,0.40815371294585023,0.09927384093842112,0.047609737022191734,0.936058359785775,0.7969198335886258,0.49339038302340066
0.9389421828314533,0.1819444350459024,0.31753385602280826,0.3735985502397848,0.309901317147694,0.16195766937211886,0.4110231129788266,0.4064807219031994,0.785221271698991,0.7993702490051495,0.4202587312336361
0.9737022994597122,0.12372925713397692,0.43826017979904813,0.5248344102546062,0.4441572465766015,0.07676261424799848,0.6860684734380622,0.682273280584297,0.6654024150528831,0.8383951715806157,0.27823762384362527
9,1
0.9436279894003062,0.1816013348548223,0.3085047860050611,0.36760123435245645,0.3001587028432666,0.1649678418776311,0.44435019086350136,0.44191465113334166,0.7820103521493335,0.8047065744910791,0.4018898370557209
0.9038767381346575,0.8476314619691709,0.09276456956484408,0.18949684200629408,0.12113482794111063,0.40788192960316494,0.10041067362151834,0.048602193025783336,0.9354296330352124,0.797025372178218,0.4925907445848271
0.9740754859726636,0.12091093686727072,0.47466909532483303,0.554716806504782,0.4701593331222962,0.06811425965661175,0.6813713341594382,0.674283717679944,0.6549371950941525,0.833924294935389,0.27890314239357383
0.9875005916403631,0.07281189140325303,0.6488524590163933,0.7413871624111241,0.6868651144513215,0.037545362778915056,0.801371619023202,0.7976057254391671,0.5797155561529881,0.8248970871169761,0.24515021797048503
9,2
0.9421003332815581,0.17916874823537104,0.30914292001320276,0.37124050650186313,0.3034092430065585,0.16253798183180948,0.43871160899179157,0.4334557426870963,0.781931175694621,0.8041996887695458,0.4071494368795491
0.987130646250375,0.07461025745047406,0.6438781583076342,0.7372879451557675,0.6771600236946771,0.03784407382191171,0.7963487798593987,0.7909832492683228,0.5816413555594395,0.8252824371724999,0.244917074754046
0.9037284011329684,0.8387374842862019,0.09243571606890211,0.18878546830694098,0.12071384152602432,0.4129512551353993,0.10042835846243842,0.05012929795996546,0.9350380866880958,0.7966508588030055,0.4940601656662572
0.973930513198273,0.12261114931568595,0.46224283195088495,0.5463446004418221,0.4689504091894531,0.07047690509037721,0.6850368044550423,0.6784935728782981,0.6574802554247537,0.8359377208560067,0.27891369613395395
9,3
0.9415510491134219,0.17807328398074346,0.30956865480758045,0.36916689461774865,0.30280252975288435,0.1644902559264098,0.4258746605499749,0.423203532717784,0.7836497466656215,0.8014918560852703,0.4139884301113014
0.9861548411196346,0.07837794373370408,0.6464637002341922,0.7352777974241476,0.671677293899516,0.03814782648184102,0.7861332389213429,0.7795028451632223,0.5856304264285406,0.8235103315411956,0.24970796812619295
0.9033488785011924,0.8448073750394693,0.09218413644643125,0.18848899415911186,0.12016173127284224,0.4129799321507708,0.09888851338665466,0.0478368591576136,0.936009924853793,0.7967325795635979,0.4951973770562963
0.9734981982569569,0.12435252894520762,0.4460749033719846,0.5312041979364798,0.45142797581821975,0.07422375043715691,0.6865536313355698,0.6811013959196194,0.6613829061454363,0.8376977576142868,0.2789227475932235
9,4
0.9739334250257081,0.12164640279232464,0.4734826680015016,0.5535175245481072,0.46866096866096874,0.06867962213467466,0.6790204035301797,0.6734120697104997,0.6560968074876214,0.8331584491436707,0.27991780530516164
0.9033816205417264,0.8497464972753361,0.09059886249581767,0.18845118471935146,0.12002151287865598,0.41206923021584224,0.09729914270540924,0.04664998074701576,0.9364882801705033,0.7966410960787167,0.4954754657905264
0.9874113299737315,0.07370045777479362,0.6457417033186728,0.7408300899430279,0.684147830489294,0.03756952531428129,0.8042692641477662,0.8002892643481687,0.5803311391311949,0.8248473283117062,0.24538877878870807
0.9429377235961443,0.17921201702424552,0.30940243257535693,0.3703737448411937,0.3029500964984836,0.1624056104707693,0.4407003237798297,0.4364455264759585,0.7824807735581848,0.8038610004396841,0.40656285881687876
9,5
0.973882300947287,0.12112351752061348,0.470715350223547,0.5524602192757994,0.46840196840196846,0.06887760433599299,0.683747324546581,0.6773013150371641,0.6551159289862122,0.8339323593246698,0.2768948163889851
0.903669257981828,0.845192995638556,0.09344262295082001,0.1893042187917301,0.12089365660794232,0.40959894737500613,0.10010621348911303,0.0485752791682707,0.9353386461273087,0.7967943619400937,0.49518345319468415
0.9876497338445317,0.0725803119400564,0.6486548237847717,0.7425028235251442,0.6854482464238564,0.037313817411919206,0.8028185433208553,0.7988560909867859,0.5793917880412187,0.8244565029188311,0.24441248080965083
0.9439152071792953,0.17856860896184726,0.3010821815064824,0.36431218203931215,0.29482524253766085,0.16458741120507325,0.44901231868211966,0.4438278456036502,0.7827078991903174,0.8062325462644434,0.39997230110843973
9,6
0.9420918732692688,0.17713716136000948,0.3166522864538395,0.37564722385930094,0.309866546708652,0.15994221322054494,0.4333056153394639,0.4290714995034757,0.7794415993564157,0.8027783103427729,0.4069635542426805
0.9864107274615951,0.07706514018119143,0.6467820279295688,0.7367927105519727,0.6739474517252296,0.037984060488402985,0.7883679838450595,0.7827044025157233,0.5845657798750759,0.8230276979072694,0.2493839186667225
0.9037586489224665,0.8410600817371892,0.0915300546448089,0.18849378216499352,0.12026650047483384,0.41314850056196983,0.10044919454770757,0.05009827044025178,0.9353256757796499,0.7967685880025064,0.4940913208084515
0.9743230033387364,0.12282447604035049,0.4412521198417185,0.5289436765904034,0.4505231358679635,0.07504132196826896,0.6906806819638507,0.6867273910214704,0.6628200921851365,0.8384827882076705,0.277975978036119
9,7
0.9877222411033669,0.07173550262443776,0.64607299937168,0.7441713861505656,0.6875229558156388,0.037077111819739494,0.8030776006113752,0.7988560909867857,0.5792164639507952,0.8239748186677057,0.2451999304384517
0.9031955752712156,0.8463369195304862,0.09191978031122561,0.18853551063716323,0.12001966824301846,0.4133152908213993,0.09835261260921269,0.04746671774734201,0.935886366902806,0.7966312668118151,0.4962271345471298
0.9436991758387364,0.18018667604829708,0.30850997180745526,0.37327523005289587,0.30526067468742624,0.1609267851088048,0.4525371155257737,0.44561951688498974,0.7787852611935446,0.8049187767738849,0.4019019766077543
0.9747221630117021,0.11737370342417577,0.4841825431989367,0.5614326344071059,0.4756514756514757,0.06647977401272591,0.6809576437829226,0.6751803015953959,0.6530196076256827,0.8329280002140925,0.27999366534206654
9,8
0.903467156792411,0.8437160636897929,0.09147209802947531,0.1882014160160948,0.12004662004661992,0.41434737948608397,0.09917014006233316,0.0485039069944731,0.9360539639314799,0.7968021207738457,0.4942014614645469
0.9875329740894918,0.07407157842466411,0.6505804795519514,0.744646816571229,0.6881406454360193,0.037193830002541686,0.8008043498392623,0.7961726985832269,0.5796907696733502,0.8241498055838933,0.24619521706556324
0.9433237673283464,0.17906941374746466,0.31605279965935706,0.3724578703998804,0.30530580530580526,0.16172394071648183,0.4445275913677401,0.4402352364616514,0.7795488518457356,0.8034999705318318,0.3984368217965051
0.9744190768418061,0.12161720917782129,0.4714066433351753,0.5539451622263144,0.4711738531963252,0.06804911850888341,0.6832351753616529,0.6761642286764185,0.6536281714947022,0.8352076732379597,0.27713608685461444
9,9
0.9040601283845373,0.8479954136041832,0.09212630218848444,0.1889301210369117,0.12006512006512027,0.4085693372277792,0.09921804896808123,0.04846175295101779,0.9359739827899546,0.7969271357361292,0.4928615764326904
0.9738374050012755,0.12086613924868053,0.47319002360145435,0.5547103122363717,0.47126054519050636,0.06775927449220936,0.6796609433989557,0.6741502092357389,0.6549484759120519,0.8346433419434661,0.278405211311288
0.9424581365810958,0.17949424962654642,0.3078731665228646,0.3705096076500327,0.29967011545958916,0.16375744139648188,0.4396889062805714,0.43614697120158885,0.7812361645033823,0.8031232310959046,0.40676710104332237
0.9872299142738766,0.0751952920881635,0.6466757741347905,0.7408180009329394,0.6831374643874644,0.037448965038656676,0.8004698471705906,0.7949816561844862,0.5790254696120021,0.8245889340489361,0.24442925989075842
