0.027138813926410793,0.274532969445011,0.0012478466740810789,1.2860044962643467,0,0.002111797720691454,5.0849372904353665,0
0.02156275783512178,0.4658971582786025,0.0006555461241479671,1.4404524735904505,0,0.0013928124160374473,4.5138169346832875,0
0.003227861473886498,0.24567896030948486,0.00043037193224756786,1.1077298262597797,0,0.000273857274821795,0,0
2.220446049250313e-16,0.2704888548748808,0.0003382692212446944,0.769406600449865,0,0.00020805731087812835,0,0
0.0046794022961526155,0.23257177966184386,0.00041420289607449923,0.9902640484487784,0,0.0002516026531117509,0,0
0.019172096730408646,0.30299989159663565,0.0010862485752988155,1.1636625874385467,0,0.0017741804681883063,5.0849372904353665,0
0.029139453153289738,0.7774438625932693,0.0005476327954256481,1.5520334821307828,0,0.0012847580121109143,4.5138169346832875,0
-5.551115123125783e-16,0.2807995301100333,0.00034134862859290006,0.7417417324688037,0,0.00021221166773797542,0,0
0.028035896589558795,0.29553175375789315,0.0011892089966312673,1.2958817482554355,0,0.002049313256894144,5.0849372904353665,0
0.02516446778295832,0.7800575505871641,0.0006707325455973629,1.5018596650969132,0,0.0012596080618793575,4.5138169346832875,0
3.3306690738754696e-16,0.25613963566758274,0.0003947300297353466,1.0687635831919633,0,0.00025349357738478173,0,0
2.220446049250313e-16,0.27573174074132545,0.0003350802895353741,0.7705926104483835,0,0.00020800138461925713,0,0
0.0,0.2674400377997856,0.0003445868381469738,0.7696409035567374,0,0.00021033034985673305,0,0
0.021511696116236514,0.7850055113155056,0.0005939833609613491,1.5113486398157285,0,0.00024422551877867127,4.5138169346832875,0
0.025317359469355427,0.2962947145317023,0.0011457324101281669,1.2737931667529132,0,0.0020442790338292306,5.0849372904353665,0
0.0029790796016585,0.25791525009921634,0.00039971923181514687,1.0547638143631946,0,0.00025624252978429315,0,0
0.0,0.2696454742337946,0.0003151017791284126,0.8178413380319274,0,0.00019638080892939925,0,0
0.022764628569747224,0.46527213997968636,0.0006844306842800381,1.4155188443942492,0,0.0014297251607789958,4.5138169346832875,0
0.030532811153923617,0.31291808873222665,0.0012814736034598762,1.3351426731855378,0,0.002334667358002169,5.0849372904353665,0
0.0035959334006750894,0.25309227337997886,0.00044811139798470645,1.0602659229316593,0,0.0002863780274269133,0,0
-4.996003610813204e-16,0.27926763314803693,0.0003265350040489604,0.7541988811136029,0,0.0002041265164595388,0,0
0.0034163093378247467,0.238715752353304,0.0004148700793246097,1.0713449669480517,0,0.0002653430303054721,0,0
0.022043840510188407,0.46458182461751785,0.0006918187587399866,1.4625646067987992,0,0.0012681581412911898,4.5138169346832875,0
0.02723856524665505,0.30587146637899887,0.0012218979010945184,1.3242163808480094,0,0.0024565289821080996,5.0849372904353665,0
0.0033360940366670665,0.2473772535353636,0.0004224778467488591,1.0677603508195688,0,0.00026814822622904587,0,0
0.008398347936685618,0.47258067340482834,0.0005497182932724042,1.494056304502601,0,0.0014287337592503709,0,0
2.220446049250313e-16,0.27270943057904473,0.0003360136649982464,0.7500181899982468,0,0.00020608173624041764,0,0
0.024415170836643463,0.2841192467141426,0.0011060371154703523,1.2795589575099735,0,0.0019426584094671886,5.0849372904353665,0
5.551115123125783e-16,0.277688348053486,0.0003348671208664723,0.736329830039945,0,0.00020627712113608496,0,0
0.03245145692296443,0.7804615847216798,0.0003391463727706024,1.731036197047376,0,0.0012913635915839043,4.5138169346832875,0
0.030650883447936636,0.29441556929967905,0.001182468540052208,1.309361321526216,0,0.0013929373794059575,5.140551033788936,0
0.0032238743879981525,0.2516092770974756,0.0004124033636807781,1.1093899179555555,0,0.0002627310660447662,0,0
0.013025385919870514,0.30065219950082683,0.0011616504322594185,1.1725552572765634,0,0.0019011520398748252,5.154321478415818,0
0.021599780283971498,0.4699448302961748,0.0005989825049048259,1.4727522517996823,0,0.0012209407507763183,4.5138169346832875,0
0.0049617794989407875,0.24107188776045946,0.00041930492837849437,1.0318582663185074,0,0.0002575874395724819,0,0
-1.1102230246251565e-16,0.264274022563789,0.0003361758325974134,0.7538481879341078,0,0.00020477212298802074,0,0
0.03478260517534572,0.29312271013335733,0.001238443262532756,1.3215935506516865,0,0.0019548159872140322,4.959939359101347,0
0.021543774184009712,0.4932463575136353,0.0007058810950881557,1.4730808778887994,0,0.0012928890438234115,4.5138169346832875,0
0.003702085153494166,0.26601519214869,0.0004229606200585589,1.0457502457363272,0,0.0002783826069569376,0,0
3.3306690738754696e-16,0.27859855233733577,0.0003142270414546852,0.8265003243276714,0,0.0001968585383915442,0,0
-1.1102230246251565e-16,0.2738235704500092,0.0003370587209299719,0.770261573960198,0,0.00021048044003915751,0,0
0.021900537864646248,0.4726180034974277,0.0006790897477488946,1.4670760316883409,0,0.001459365934602573,4.5138169346832875,0
0.025605079222635087,0.2768293048670227,0.0012342540876447144,1.258306344633537,0,0.0020892811735358334,5.0849372904353665,0
0.0031189552199229406,0.2398813300320948,0.00040253843030742866,1.0830691981494718,0,0.0002565842594354546,0,0
0.027861712939146424,0.2930143413241327,0.0012469340064598354,1.2810706204584759,0,0.002142310506513793,5.0849372904353665,0
0.022554091021046378,0.45981007610566216,0.0006899312881622552,1.4065798430048115,0,0.0013949985120260517,4.5138169346832875,0
0.0030671847989657344,0.24496984180792958,0.00040760255730509174,1.1119953073323083,0,0.00025855560203595884,0,0
2.220446049250313e-16,0.2812029711795295,0.00033002006315669514,0.7632916259212793,0,0.00020693837192781796,0,0
0.025459409136786675,0.29079377122618955,0.001260496488965284,1.2509545007580636,0,0.0019239429942639562,5.0849372904353665,0
0.020763533540892824,0.47275186744982034,0.0006317109275258541,1.436420785475645,0,0.0012205656094924156,4.5138169346832875,0
0.0037510993643455302,0.23932324616226416,0.0004487098201792749,1.1314322269345136,0,0.0002867439979034778,0,0
-6.661338147750939e-16,0.27875358991910865,0.0003260397747422994,0.7633946204214995,0,0.00020286781040662727,0,0
3.3306690738754696e-16,0.26995636786814714,0.0003295246480885877,0.7502143883211251,0,0.00020292406488750368,0,0
0.023606601128472758,0.4478488466976111,0.0007014771617392129,1.4958191782920873,0,0.0014882496899236305,4.5138169346832875,0
0.0296965579265617,0.3028352184423653,0.001306680350067041,1.23800823602988,0,0.0022202352137655323,5.0849372904353665,0
0.00476865286656623,0.24590074064069264,0.00040938117507028683,0.9666229470245684,0,0.0002444226699122891,0,0
-8.881784197001252e-16,0.26807552386741207,0.000345325559753954,0.7414908747282289,0,0.00020919076829116256,0,0
0.01853108206902908,0.7782003574171196,0.0007302952910733477,1.499966270009006,0,0.00024362249034970323,4.5138169346832875,0
0.027786180635528387,0.29649767717324166,0.0010759467699662543,1.2771680608959919,0,0.0019912483478597394,5.0849372904353665,0
0.0028570531904170866,0.26056426365418595,0.0004018969731331352,1.0937115392360202,0,0.00025677153437386226,0,0
0.02896496699300167,0.30974867105091486,0.0011453944876051256,1.3832774339522778,0,0.002317504415731618,5.0849372904353665,0
0.029764474454566946,0.770349562692472,0.0005689296037218334,1.548361310711209,0,0.0013333620192674711,4.5138169346832875,0
0.0038657527530899967,0.2647777901229316,0.0004352529247013034,1.046858741685421,0,0.00028680583627667004,0,0
-3.3306690738754696e-16,0.27481223027388324,0.0003130847632673402,0.8214820999655985,0,0.00019619104519248286,0,0
0.03328783367324381,0.2858918936365251,0.0012328108673358897,1.3176032966906015,0,0.001953165664309776,4.959939359101347,0
0.02492574383115402,0.7772321030400338,0.0006935708856070034,1.4765368997190889,0,0.0012451872897661488,4.5138169346832875,0
3.3306690738754696e-16,0.25074642184581963,0.00038852330984970464,1.0515092106157746,0,0.00024677988661471787,0,0
2.220446049250313e-16,0.27095818579681646,0.0003489110677370331,0.7688556962015188,0,0.00021480635322837835,0,0
0.024504062700308193,0.2848833091907742,0.0011168104816079883,1.2466934621976087,0,0.0012342274885586168,5.154321478415818,0
0.028641490082667184,0.7868991621256475,0.0005280959574730576,1.5528417455096246,0,0.0012452802001146753,4.5138169346832875,0
0.0031242855940626438,0.24485555767526138,0.0004248968292108039,1.088699809787238,0,0.0002731815787887152,0,0
0.0,0.2744093564683401,0.00032917415805699707,0.7667042519165415,0,0.00020389460052727508,0,0
0.025611113066243467,0.28777846757591913,0.0011193200835439886,1.265349376873112,0,0.001966070153195578,5.0849372904353665,0
0.007833285252451447,0.7800203622704474,0.0006951520489810801,1.4440363311893367,0,0.0012798694544125504,0,0
0.0030147926558972936,0.2576472525010173,0.0004108963041712017,1.0567319384057892,0,0.00025970968956666625,0,0
0.0,0.27982599660220736,0.0003466959201712339,0.7830191107439676,0,0.00021465803955154764,0,0
0.003912758127862327,0.2555901041336645,0.0004262205754341634,1.007936780471133,0,0.0002725071034716295,0,0
0.023900017370400692,0.4715422129831429,0.0006488911615806486,1.400284341323702,0,0.0012239242953231177,4.5138169346832875,0
-5.551115123125783e-16,0.2692480748107811,0.00031236793475607785,0.8197588927917332,0,0.00019377218531713524,0,0
0.02631176591721531,0.3155731749202938,0.001195243832537644,1.3496857450762414,0,0.002072799890426646,5.140551033788936,0
0.02812480315098974,0.29946742030680107,0.001152899401557659,1.2781339000938887,0,0.002122069630191266,5.0849372904353665,0
4.440892098500626e-16,0.27272564627480794,0.00033663394937381646,0.7554117965094731,0,0.00020594008026650852,0,0
0.023935704620361237,0.448093971320519,0.000663638852393579,1.497501107776387,0,0.0013880281511096588,4.5138169346832875,0
0.0030210827513769967,0.24936673679627552,0.0004060295189443011,1.0803057158859475,0,0.0002602474422600173,0,0
0.0032636119932446667,0.24035276086049895,0.0004191726103770072,1.0912401029522925,0,0.0002684092168397495,0,0
3.3306690738754696e-16,0.26961291752495176,0.0003171548730791547,0.7684383696772695,0,0.0001942321879082749,0,0
0.030131105285275225,0.2955276544587326,0.0012184474889060186,1.2886979171849515,0,0.0015075151078329351,5.0849372904353665,0
0.032418594053743456,0.7863538400640139,0.00033126110475618806,1.730427171548642,0,0.001298021512122984,4.5138169346832875,0
0.004841202756816921,0.24692173478581184,0.00041612297632219193,1.004263987428624,0,0.00025725401733882986,0,0
0.018581568914799673,0.3147759192324576,0.0011860116433638605,1.2253874941997578,0,0.002149161565046814,5.0849372904353665,0
0.026052845953722134,0.7768807811445273,0.0006879870949850806,1.4812614831778816,0,0.0014253442192773268,4.5138169346832875,0
-8.881784197001252e-16,0.27790559276507565,0.00033739375152878296,0.7512656898188174,0,0.00020875984021664795,0,0
-3.885780586188048e-16,0.2739919853294883,0.0003208800754669606,0.7448797704396743,0,0.00019933614435088743,0,0
0.003175754568036985,0.24493244102612166,0.0004290373727386884,1.0600341349855227,0,0.0002712681513223261,0,0
0.018382910364232397,0.7781607828528628,0.0007273344792080347,1.4744943103981205,0,0.00023458689755110736,4.5138169346832875,0
0.027660925887430535,0.28548814028436553,0.0011911071703173857,1.2744657498703442,0,0.002045289487929544,5.0849372904353665,0
0.0328775892965946,0.3133935589343448,0.001096523837395679,1.298247802568301,0,0.001992661667791918,5.0849372904353665,0
0.030365712736492564,0.7767809430927792,0.0005455921113548494,1.5519308232142728,0,0.001481826028102866,4.5138169346832875,0
0.0027907638673401805,0.2591280286897852,0.0003940567271622899,1.0654687216502916,0,0.00025137745259018343,0,0
-8.881784197001252e-16,0.27299370453776356,0.00035806493333443936,0.7589693762753967,0,0.0002198270494632992,0,0
0.028317117321216022,0.3053170116374572,0.0013214257473676404,1.3594451921635813,0,0.002594227039263693,5.0849372904353665,0
0.02171988594901174,0.46851831838913166,0.0006507529078031879,1.4194579164164347,0,0.0012190918731996344,4.5138169346832875,0
0.0034767203466453296,0.2533945795727171,0.0004502083034766416,1.0432387595246861,0,0.000288410641045178,0,0
-8.881784197001252e-16,0.270183216390995,0.00032547707919029046,0.8238190697102286,0,0.0002037034836607224,0,0
0.0029790796016580558,0.25616461968704723,0.00041136703789735685,1.1030618594476898,0,0.0002675053060156018,0,0
0.0228198867737636,0.46687412940483014,0.0007006641321758366,1.40996202753653,0,0.0012492823626930555,4.5138169346832875,0
1.6653345369377348e-16,0.2837296791024679,0.00034246788338419956,0.7597558531189822,0,0.0002111263447655543,0,0
0.015230507606892568,0.2852507365971282,0.001154833809570048,1.2825540731065022,0,0.0016377155168398156,5.154321478415818,0
-9.43689570931383e-16,0.2452505026281083,0.0004476165873319284,1.0305506045602733,0,0.00028224373585145627,0,0
0.00781338626836221,0.4748701156006956,0.0005352153075283215,1.48223735392027,0,0.001249942233581728,0,0
5.551115123125783e-17,0.2651783745175789,0.00031515805080910823,0.792213837206214,0,0.00019463629035141095,0,0
0.03179215132254307,0.3092931466940137,0.001274279956469204,1.3278517681996107,0,0.0022427912978709116,5.0849372904353665,0
0.03312073742445229,0.2905050129303198,0.00113717071636856,1.286693133451141,0,0.001823901173295433,4.959939359101347,0
-4.440892098500626e-16,0.27543740711963494,0.00032991458911533133,0.7636624229204257,0,0.00020502156639148254,0,0
0.030216586265094873,0.7727707625278095,0.0005888869161135553,1.5506440268768749,0,0.0013572489083970391,4.5138169346832875,0
0.003309768348359436,0.2416205274206601,0.00040146943396185723,1.0862555194215828,0,0.0002601316897363236,0,0
0.013634634307785672,0.3061509897559421,0.001178509709811696,1.1710478382860243,0,0.002099934400216506,5.140551033788936,0
0.03186953899184919,0.7909815000458028,0.0005210917147174925,1.456924915818902,0,0.001235037832544623,4.5138169346832875,0
0.0046794022961529486,0.2340143582672654,0.00042046951913953505,0.9640629374065321,0,0.00024979286607923934,0,0
-3.3306690738754696e-16,0.2798435327258496,0.00032501723409956654,0.7464256668703161,0,0.00020267569065416104,0,0
0.024887496928680995,0.2873506372637857,0.0012072793332547308,1.2779404577458795,0,0.002353406008644465,5.0849372904353665,0
0.029157775426724278,0.7786677735485472,0.0005491628207171896,1.5512105637171634,0,0.00127476976302241,4.5138169346832875,0
0.0031119298232742537,0.2451983205201688,0.00042720692041609714,1.0920972024594815,0,0.0002773687628632558,0,0
2.7755575615628914e-16,0.27609441549970676,0.0003293140320781497,0.7600374476453619,0,0.00020333446790247366,0,0
8.881784197001252e-16,0.28087409337057284,0.00032696471294887643,0.7540728179702514,0,0.00020134894257596437,0,0
0.02275005395086347,0.4698719396226742,0.0006811751895862997,1.495733127621184,0,0.0013088120562019677,4.5138169346832875,0
0.030088960170329908,0.2812197693976909,0.0011564501267974684,1.2376206759589117,0,0.0014052535811700554,5.0849372904353665,0
0.0031880261401774773,0.25106297982244247,0.0003995128183249621,1.0762510810722736,0,0.0002546928641074156,0,0
0.029393134928770215,0.2840175034040553,0.0013000756916764758,1.294187322812539,0,0.0022261928528262026,5.0849372904353665,0
0.023527642148291332,0.45928663672149445,0.000691750559635214,1.4128925159294397,0,0.0013954043512011596,4.5138169346832875,0
0.004684576148561891,0.2566930970268964,0.0004477484099823282,1.1002597475884253,0,0.0002786952380898172,0,0
8.881784197001252e-16,0.2691298196358914,0.00032836082449324867,0.7699242735582118,0,0.0002045783770730949,0,0
0.0031495425378717697,0.24859075696804273,0.0004178658004523827,1.0945163301496836,0,0.00026530261384513176,0,0
0.021241303801058133,0.48262910817246446,0.0006470750311203161,1.4133881742693608,0,0.0013949042543955983,4.5138169346832875,0
-2.220446049250313e-16,0.27121397690352594,0.0003512211479632495,0.7564917012225627,0,0.00021551277142303025,0,0
0.024752689355526256,0.2873135397830406,0.0011612596491723324,1.2910849401617317,0,0.0020182125279104303,5.0849372904353665,0
2.220446049250313e-16,0.2545571336380942,0.00044100123143343123,1.0290171609197452,0,0.00028374225891677444,0,0
0.02492574383115402,0.7752123142315136,0.0006949618061667011,1.4831465427851647,0,0.0012462271903391994,4.5138169346832875,0
-6.106226635438361e-16,0.2700457301757086,0.00031020044352224747,0.7890889311055355,0,0.0001929356054516952,0,0
0.032073047320926334,0.31168445450884763,0.001213344484462721,1.3444315246152527,0,0.0021752503130150467,5.0849372904353665,0
0.029611108006615164,0.2952311758869295,0.0012314948268864435,1.3028857102944031,0,0.002122151220208649,5.0849372904353665,0
0.021908333606331293,0.46527358320553636,0.0006836807344813567,1.463172019839408,0,0.0014324033414517198,4.5138169346832875,0
0.0029727594515900554,0.2529066619564425,0.0004075535069877635,1.1003786860116238,0,0.0002628077920419188,0,0
3.3306690738754696e-16,0.271615483910602,0.0003500774711412116,0.7698836111912739,0,0.00021426682177847547,0,0
0.02035593062974813,0.2914204199036887,0.0011288942118454453,1.2950228220914695,0,0.001862513304215527,5.154321478415818,0
0.01916950765753752,0.47157718299521045,0.0006791009381265942,1.4296672002878426,0,0.00023191779004088603,4.5138169346832875,0
0.003141269174048583,0.24531570763978058,0.0003904316887069379,1.0973938637303513,0,0.0002536890985678174,0,0
-2.220446049250313e-16,0.2714349705448914,0.0003410382799908233,0.7314837960343734,0,0.00020743338210982184,0,0
0.016261174358316713,0.2813408557632205,0.0011694103550424812,1.2640213311712856,0,0.0017900302885125944,5.140551033788936,0
0.02703260082014055,0.7873138150258707,0.0006882378629347332,1.4096083240725454,0,0.001288420499583135,4.5138169346832875,0
0.0031105315206112275,0.2480158938281801,0.000400090963806576,1.0809028052658483,0,0.0002573336972486795,0,0
4.996003610813204e-16,0.2768604504478038,0.00033810505522213584,0.7760963379084036,0,0.00020973385359765798,0,0
0.032446159935669815,0.2987184965400983,0.0011289334601796567,1.2705853648143537,0,0.0018888151698693238,4.959939359101347,0
0.02910886957497296,0.7870643070516157,0.0005796071626825266,1.5509948794104726,0,0.0012662438183407604,4.5138169346832875,0
0.0030534288495165027,0.25583236380352725,0.00040409230847611487,1.0660344566749655,0,0.00025853010133895137,0,0
4.440892098500626e-16,0.26914893584240024,0.000337817005517312,0.7579617855249683,0,0.00020488648331851953,0,0
0.0030948652286654013,0.25171961835702433,0.0004214351072529262,1.1097235417712523,0,0.000269881168614435,0,0
0.01024757698155732,0.7825963540843339,0.0005677588082344903,1.4834295569320128,0,0.0013110329756824282,0,0
0.0,0.2746750288471521,0.0003354939467717601,0.7625882794857041,0,0.0002071337628605683,0,0
0.024752689355526256,0.2935976024667931,0.0011336707398145835,1.2819673662034639,0,0.0020200539821558857,5.0849372904353665,0
0.02533030126589178,0.29385500405905346,0.0011338041473144915,1.3233093097732038,0,0.0020044829933414444,5.0849372904353665,0
0.018949395785522773,0.48601396704096983,0.0007814193872352716,1.425078522946027,0,0.0002310326334166195,4.5138169346832875,0
0.0031605177577315943,0.2564572508943742,0.00042008280832604494,1.0996102605976235,0,0.00026903902745176704,0,0
6.661338147750939e-16,0.2654369744048463,0.0003345802555349932,0.7605182702294758,0,0.00020189340695464145,0,0
5.551115123125783e-17,0.27894077710641674,0.0003096663682673334,0.8194208030992123,0,0.00019544768361965997,0,0
0.024093897764307814,0.463354767501822,0.0006411217366662374,1.3868875317850233,0,0.0012381309064438421,4.5138169346832875,0
0.034952307429885254,0.30664077984121313,0.0012458877321549606,1.3249290380299836,0,0.0014920035513116957,5.0849372904353665,0
0.0035413633306343693,0.2567722016529688,0.00042487792239528086,1.026981432440324,0,0.00027425315832687274,0,0
2.7755575615628914e-16,0.27199887653799776,0.0003388539132287816,0.7514587303304209,0,0.000209076985793849,0,0
0.03000024986641927,0.7828969991205152,0.0005387488234480281,1.5517263405313557,0,0.001440356955333175,4.5138169346832875,0
0.029129995797211018,0.2874446082301592,0.0011826666616275914,1.3041751372576014,0,0.002112132054613167,5.0849372904353665,0
0.003152145150317042,0.24152218619024962,0.00041173289537781176,1.0856348818756316,0,0.0002589514269579687,0,0
-2.7755575615628914e-16,0.24852832150713225,0.00040890146320076895,1.0349932030277738,0,0.0002548085321080408,0,0
0.029552670851365162,0.7825619762554178,0.0007239956373296799,1.4121942420374571,0,0.0012881212146861048,4.5138169346832875,0
2.220446049250313e-16,0.2808316123544133,0.000313164106208722,0.7471207213965217,0,0.00019601975859736837,0,0
0.0189529050244808,0.31018008324536683,0.0011680767914544119,1.2122786392376188,0,0.0021416522904902915,5.0849372904353665,0
0.003163636110896907,0.25405912955658194,0.0004030753496015351,1.0364881110056372,0,0.0002564478772231433,0,0
0.02327710729799446,0.28527947126221237,0.0011215017956670845,1.2823588799228434,0,0.002252327550460306,5.0849372904353665,0
0.029139453153289738,0.7785128481050708,0.0005478324725266312,1.5499910864844,0,0.0012855942540261373,4.5138169346832875,0
2.220446049250313e-16,0.27537125971107995,0.00035034550407603754,0.7607439253839676,0,0.00021398454329114527,0,0
0.025059088676818983,0.29000033395120717,0.0012144742220885731,1.2303303106418322,0,0.0019464068150885422,5.0849372904353665,0
0.024763064230476403,0.7849896534211098,0.0006629091228562093,1.5519497518926673,0,0.0012307937652364818,4.5138169346832875,0
0.0034557059775405657,0.2567111798245396,0.00045174438775565025,1.0189148274746593,0,0.00028851942102823777,0,0
-6.661338147750939e-16,0.2695034006923927,0.0003174874975847126,0.7995269002404276,0,0.000197146582954159,0,0
0.025591869502636096,0.2950143597728024,0.0011355646831968432,1.2939723516577262,0,0.0020131437766596916,5.0849372904353665,0
0.008302955618987685,0.7734772785244866,0.0006690020262608333,1.4547965568812833,0,0.0014333081026796336,0,0
0.003248980171059089,0.24446085529231387,0.0004177436973425047,1.1118618039105859,0,0.000265446284001924,0,0
-4.440892098500626e-16,0.27715791553186586,0.0003497145493180095,0.7563094287160066,0,0.00021507919736698231,0,0
4.996003610813204e-16,0.2774964524788494,0.00034064414009336917,0.7621884351887773,0,0.00021111325956135564,0,0
0.030578333992135547,0.7743670844459459,0.0005518116735491771,1.5510258736626517,0,0.0014649652071441958,4.5138169346832875,0
0.019545591969686055,0.2839189973873608,0.0011593623557273503,1.2702655496897037,0,0.001980976005084319,5.140551033788936,0
0.0031189552199229406,0.2463480852107349,0.000409030503358714,1.1116150406355365,0,0.0002634354602337044,0,0
0.017742292919830434,0.29410596228995806,0.0011323936321005216,1.2953920542026507,0,0.0018370845894925554,5.154321478415818,0
0.037129864680581624,0.7852701470630261,0.0002999881678482649,1.6523998336782542,0,0.0012999108358416466,4.5138169346832875,0
0.0030677092514460637,0.24649149128717418,0.00043016910285134115,1.0856825275961064,0,0.00026768411335553955,0,0
8.881784197001252e-16,0.2701907256448744,0.0003364462226297933,0.7619594102767351,0,0.00020686874459722784,0,0
0.04309119508953442,0.28850580062914205,0.0013252988067404036,1.2786290230806525,0,0.0021030680791230528,4.959939359101347,0
0.02360274522290571,0.46284306986082113,0.000723663994737759,1.510604711585155,0,0.0012324586669855806,4.5138169346832875,0
0.0031521451503169866,0.25140854968626775,0.000393919224518356,1.088671597775936,0,0.0002576679983538355,0,0
0.0,0.27491252119181253,0.00033378425568935587,0.7634247100133945,0,0.0002052112190103586,0,0
0.0,0.28319592081360145,0.00033054631738150663,0.7502833335289003,0,0.0002053711141686008,0,0
0.02630636401729706,0.7762393713322788,0.000697787921749088,1.475861675568623,0,0.0014486515662533786,4.5138169346832875,0
0.030734657731617973,0.30734274681275603,0.0012315024959514925,1.3273832112559054,0,0.002134401640799151,5.0849372904353665,0
0.003169617847231382,0.23171869209357407,0.0004245214353268879,1.1067894127768407,0,0.00026567049962199235,0,0
0.027154469987141876,0.28831534833840533,0.0011499362516012254,1.266973877501551,0,0.0013884757453828428,5.0849372904353665,0
0.0360712499672145,0.7798438205328876,0.00027085115393125073,1.8308643293365339,0,0.0012492510874654594,4.5138169346832875,0
0.003144105890353518,0.2550079858503825,0.00040251575416833384,1.0779360181645257,0,0.0002615342618905144,0,0
2.220446049250313e-16,0.27315280578424594,0.0003396396030478428,0.7304575136609356,0,0.00020619269221816642,0,0
0.025402210842190083,0.28734558778893876,0.0011582680651590737,1.2909103177133876,0,0.0020377326564752275,5.0849372904353665,0
0.03485530538728756,0.7872964519069163,0.0005914369367612996,1.4611212281479078,0,0.0015626976131934847,4.5138169346832875,0
0.003152145150317042,0.24630800378347623,0.0003961416083656857,1.0646170780099842,0,0.0002508575562339239,0,0
6.661338147750939e-16,0.2732324827601485,0.0003285037164154265,0.7483331726518575,0,0.00020089356982775532,0,0
0.0035505586310824004,0.2534541765966884,0.0004560170093876634,1.0368900026712777,0,0.0002873024876393606,0,0
0.02232868469399711,0.4667205779733323,0.0006318443822036914,1.5051984504173392,0,0.0012374009744622896,4.5138169346832875,0
-2.220446049250313e-16,0.2721744981359032,0.00032352885024780517,0.8164248370913716,0,0.00020114434278938715,0,0
0.02554599993491105,0.29887312222425777,0.0012917700129260888,1.3461662413068525,0,0.0025987976592484804,5.0849372904353665,0
0.027738475225862487,0.2968490268392222,0.001091633562824949,1.2508720660805135,0,0.0019769982584630663,5.0849372904353665,0
0.028909378805849692,0.7719798004870966,0.0005685526583432301,1.5519576905117662,0,0.001235763352565504,4.5138169346832875,0
0.0,0.2542730716998563,0.0004182274796684856,1.0800328013234257,0,0.0002681885282819147,0,0
-5.551115123125783e-16,0.27088924469675035,0.0003486418525572799,0.7606490349844498,0,0.00021250370802136412,0,0
0.033674803322158775,0.30707302841553114,0.0012307273067121698,1.3285793076646353,0,0.0020977416585311456,5.0849372904353665,0
0.02172214475363516,0.4901479255042595,0.0006987141799711648,1.405730034154735,0,0.0014655409123542165,4.5138169346832875,0
0.003776251192213864,0.2639176946893445,0.00043683659825797405,1.0212908858247034,0,0.0002846953355855337,0,0
-6.106226635438361e-16,0.27454904906651145,0.0003069085804073437,0.8408708763540338,0,0.00019394676018288123,0,0
0.028119420934202034,0.3186871563321573,0.0011690154240507514,1.327459048911949,0,0.0019763302340560056,5.154321478415818,0
0.018237448452529018,0.7779549943003589,0.0007099680105649991,1.5060596719935102,0,0.0002342564397184947,4.5138169346832875,0
0.003427905862495372,0.2578847838927538,0.0004196869903005051,1.01656823696525,0,0.0002673630107995371,0,0
-5.551115123125783e-16,0.27727614631870495,0.00031684218429162077,0.8051079872944613,0,0.00019879581511844262,0,0
0.04626029352515908,0.28600186470199945,0.0012356062430869924,1.213217815907885,0,0.00175587177204879,4.959939359101347,0
0.02109942507884134,0.4732249139672815,0.0006481776904215385,1.4494832639029502,0,0.0012499895436452121,4.5138169346832875,0
0.00317526933809225,0.23547057281377173,0.000416673003195203,1.0976994548618144,0,0.00026433371753856134,0,0
-5.551115123125783e-16,0.27737327315668325,0.0003337673910494857,0.7610670403582928,0,0.00020771682770331947,0,0
2.220446049250313e-16,0.27413321600226487,0.0003423778602301143,0.73596605486697,0,0.0002083331849023122,0,0
0.022109467084380753,0.4775272314663776,0.0007090817798457752,1.4735480285780689,0,0.0012401086780131035,4.5138169346832875,0
0.028092083809674304,0.3042364361629787,0.001195742232788402,1.3117526686717305,0,0.0020307985894191787,5.140551033788936,0
0.0029538519686814965,0.24321682145211987,0.0004082654943663556,1.116867830117585,0,0.00026431848878130925,0,0
0.0033143334012265095,0.26332324111096256,0.00039996276064548525,1.1165415817758861,0,0.00026135885260175835,0,0
0.008805840028951968,0.7834069860443643,0.0006611250556071975,1.4136381864663923,0,0.0012446749314645534,0,0
3.3306690738754696e-16,0.26517043745480795,0.00035015990209497403,0.7811551786355903,0,0.00021463816940542864,0,0
0.025591869502636096,0.29600433155752603,0.0011105208670640766,1.305589265764766,0,0.0020007089049790742,5.0849372904353665,0
0.0267470279819583,0.2920674756361468,0.001117147170764738,1.2840024003873052,0,0.0019761685683709687,5.0849372904353665,0
0.03129035152178734,0.7691774677564874,0.0005768628087750354,1.5499581929190724,0,0.0015379435206166708,4.5138169346832875,0
0.003030842655213098,0.25184357346588143,0.000413144292552423,1.051819655220229,0,0.00026326827344870843,0,0
0.0,0.2811393126748903,0.00033046801549205447,0.7754018885091845,0,0.0002039193619521441,0,0
-3.3306690738754696e-16,0.2796074844930272,0.0003344923734777607,0.7569358828265426,0,0.00020962091791482124,0,0
0.02250160384731545,0.7829587326457681,0.00034757748143942013,1.7276892431862385,0,0.00022281379679307966,4.5138169346832875,0
0.033912701837446046,0.2703502077642752,0.0012126452540228295,1.1522881059071177,0,0.0021031865963078386,5.0849372904353665,0
0.003017977984146627,0.24054583153886344,0.00040431838845791083,1.0985850472049985,0,0.0002606303847346551,0,0
0.003027275035570421,0.2437353479655689,0.0004137307899759597,1.094579035392415,0,0.0002672248237388719,0,0
0.030416525864904766,0.7807418034712447,0.0005577484721265717,1.5518222864989248,0,0.0014774849445608905,4.5138169346832875,0
3.885780586188048e-16,0.2730378417117302,0.00033534490064741115,0.737543021145776,0,0.00020542676263174859,0,0
0.026332964935606752,0.2967893014490872,0.0011820292073068948,1.3054481106974576,0,0.0020834655890881204,5.0849372904353665,0
0.029058612029462277,0.2905062067641315,0.0011929476196083756,1.2772756459719619,0,0.0020431418164527236,5.0849372904353665,0
0.029139453153289738,0.7825462839921085,0.0007097168592627236,1.4166343821553558,0,0.0012594771787067837,4.5138169346832875,0
-6.106226635438361e-16,0.2440383217400908,0.00040972747396014444,1.0790370817100583,0,0.00026287924575140007,0,0
-1.1102230246251565e-16,0.2653472560300096,0.0003490698480575708,0.7563174651722417,0,0.0002125682676082769,0,0
0.022240397523602136,0.30605057119396123,0.001225732350058796,1.305096188185416,0,0.002029663367323686,5.0849372904353665,0
0.0201352672026638,0.4789909271417331,0.000629072156693329,1.4691764381677352,0,0.0012009449426284933,4.5138169346832875,0
0.0037841527347435427,0.2560373376952308,0.0004584091338788046,1.0376504631464443,0,0.0002910620229826671,0,0
-2.7755575615628914e-16,0.27259787644370287,0.0003233553493855515,0.835104578083519,0,0.00020196518451373732,0,0
0.005054321408309689,0.26039126948468505,0.0004807125291371441,1.1235542409065225,0,0.0003084942666719045,0,0
0.025815270695236425,0.3116618972292241,0.0012545205316283655,1.3466031699386356,0,0.0026147280315849805,5.0849372904353665,0
0.023286201863651136,0.43866182000430165,0.0006949715871967038,1.4346673948064366,0,0.001236777637315408,4.5138169346832875,0
0.0,0.26958734499674925,0.00030996209052331974,0.8245816522961414,0,0.00019328389740707764,0,0
0.028014440446291394,0.28622505504279533,0.0011385047072657666,1.2700485753900712,0,0.001340516114616746,5.140551033788936,0
0.03759077125176226,0.7963831516550636,0.00017884729369562375,1.8302319598793098,0,0.0013199195328544853,4.5138169346832875,0
0.003001130812065822,0.2547464131518174,0.0004023238718360949,1.0806371070460628,0,0.0002594836563941298,0,0
2.220446049250313e-16,0.2696107962974794,0.00033465964407582003,0.7628032064499604,0,0.00020534692389419896,0,0
0.0032663971805565253,0.25137285437172757,0.00041890478984475373,1.0690167445416459,0,0.0002678732006925651,0,0
0.026040829850065027,0.2834784255336628,0.0011366283366973787,1.2590139771349955,0,0.00198945514338137,5.0849372904353665,0
0.008386064659416742,0.771882305039692,0.0006743164377375255,1.443865176792309,0,0.0014382957385197857,0,0
3.3306690738754696e-16,0.27466938903769283,0.00033232265460626434,0.7701105002139895,0,0.00020561878405699912,0,0
0.0,0.2823574297748333,0.00033147590822081043,0.7373890926415496,0,0.0002044433756585972,0,0
0.0030831955715967634,0.24779478121268655,0.00040328624610206563,1.0770813180571064,0,0.00025499603381307263,0,0
0.028641490082667184,0.7833491728859446,0.0005317457074195386,1.5525217830261118,0,0.001248254180704001,4.5138169346832875,0
0.021082910565758395,0.3111035990935186,0.0010931828726663951,1.2775486899178303,0,0.0019374997410353078,5.154321478415818,0
6.106226635438361e-16,0.2741846249302581,0.0003412981200766953,0.7692374991737995,0,0.00021201502630501537,0,0
0.029277537628326515,0.777569637406358,0.0005722742086539934,1.5521807561266225,0,0.0012849757857160801,4.5138169346832875,0
0.033217848728466046,0.2912247388797947,0.0011817531680962227,1.271889178322208,0,0.0018974421087890297,4.959939359101347,0
0.0027871223504821706,0.2583825762696955,0.0003904669837242959,1.0779297629055393,0,0.00025234294037979857,0,0
0.031187475074170523,0.28614112849782136,0.0011415717372617838,1.2748840483174897,0,0.0014089009975193241,5.0849372904353665,0
0.021774411015596663,0.4718469150508241,0.0006113815847766446,1.4664600086402224,0,0.001236384045707104,4.5138169346832875,0
0.0032742564955701645,0.2501230050553044,0.00041291292745962785,1.098623744238036,0,0.00026733145436395986,0,0
6.661338147750939e-16,0.2833528507909455,0.0003260533585316643,0.7518471068086027,0,0.00020066974375190062,0,0
0.0030377148470534694,0.24174732403493382,0.00042297064183545994,1.1267136077473632,0,0.00027284997849326187,0,0
-1.1102230246251565e-16,0.2717306518492718,0.00033525741007062095,0.7742401783888218,0,0.0002069466024864266,0,0
0.021995103215725828,0.2789243407391354,0.0011972748254129295,1.2936736973254008,0,0.0018272362122967456,5.0849372904353665,0
0.021934278760046312,0.4709664176424652,0.000686650061517409,1.4310818794623157,0,0.0012639026689040534,4.5138169346832875,0
0.0,0.2715637273418608,0.0003426583402828459,0.7819742546072167,0,0.00021028831836740548,0,0
0.037763374640573014,0.7931731200092361,0.0002753010238648382,1.6526410938235114,0,0.0014571564526303904,4.5138169346832875,0
0.030185230291407447,0.3014864587620491,0.0012270436683063032,1.3315438137582665,0,0.002081392436744851,5.0849372904353665,0
0.003050448013697235,0.25726208856765737,0.00040139619701595205,1.0874130539484916,0,0.0002587767259405763,0,0
0.023877490234830635,0.30059154107344244,0.001119334561689107,1.2944057921184067,0,0.002256033670342664,5.0849372904353665,0
0.003248980171059089,0.24345991097158381,0.0004165781504833206,1.0790774848349458,0,0.00026243110238067976,0,0
2.220446049250313e-16,0.2738975659708994,0.00033444594302931203,0.7288573572977042,0,0.00020414008399236084,0,0
0.029570760920573896,0.7773599913744823,0.0005765801359521963,1.552976728061891,0,0.001314476925945881,4.5138169346832875,0
0.0028125486519083656,0.25950686303872794,0.00040539176486629997,1.0724044121635066,0,0.0002624854316523584,0,0
0.02984872930723998,0.783942395976501,0.0005269844067541254,1.5499347554358374,0,0.0014052948098532076,4.5138169346832875,0
0.0,0.2792192675546155,0.00034203445096002053,0.7606355370052036,0,0.00021202596438178557,0,0
0.027680295170786524,0.2873224222060618,0.0011963327424773962,1.2533162092015173,0,0.0021051182414451204,5.0849372904353665,0
2.220446049250313e-16,0.27060635536226824,0.0003240548035075407,0.8067389349782583,0,0.0002011886523056083,0,0
0.022883340970503055,0.4541864822925845,0.0006572951687349705,1.4093186696565128,0,0.0012050898933199062,4.5138169346832875,0
0.026312454926956996,0.28745194792535456,0.0012078186873301282,1.2803170952864207,0,0.002170008179138185,5.0849372904353665,0
-6.106226635438361e-16,0.2509018779684674,0.0004511315711475928,1.0165678061376078,0,0.00028615045323531385,0,0
0.03287940167067409,0.29713801715055643,0.0011464756440887505,1.3196351418673657,0,0.00185874585171578,4.959939359101347,0
0.01928998328657056,0.7781103069260046,0.0007393370945981587,1.470760574203875,0,0.00022456926720184158,4.5138169346832875,0
0.0031468632271369618,0.24829370865348707,0.00040589927348285885,1.0980779073068119,0,0.0002552183933187646,0,0
4.996003610813204e-16,0.27820825478928474,0.0003464272653413042,0.7650300818382545,0,0.00021197228513682314,0,0
0.028547507968809477,0.3087059584583202,0.0012002406296124962,1.3121229463141415,0,0.0021142766728369984,5.0849372904353665,0
0.007736270612566626,0.47650223603746156,0.0005503504653632622,1.47691970962697,0,0.0014440504789725126,0,0
0.002990120955970201,0.24850174328331048,0.0004072285935367736,1.046422401632649,0,0.0002593639102109454,0,0
0.0,0.275360520285854,0.00033331842938450574,0.7470533770971717,0,0.00020546903222953497,0,0
0.003157125466189851,0.24427172187086402,0.0004081386279088358,1.106412483384589,0,0.000262715094366019,0,0
4.996003610813204e-16,0.2736966300405278,0.0003223286238955428,0.7515472881633176,0,0.0001986304013159159,0,0
0.01953839128143378,0.27571176894358734,0.0012391963418803896,1.2330165534669888,0,0.002055829862938354,5.140551033788936,0
0.022448645705630398,0.5049825226072926,0.0007268664715926647,1.4298702315291565,0,0.0013053493433952364,4.5138169346832875,0
0.0036957603771048154,0.2636700145463678,0.00043349702092261,1.031383169415407,0,0.0002792721120749423,0,0
0.028838275734371532,0.7814911236588864,0.0005369088476281335,1.548172403186976,0,0.0012619046362541207,4.5138169346832875,0
-2.7755575615628914e-16,0.27037006867447094,0.00032604780957276336,0.82223257292509,0,0.00020289054415504422,0,0
0.02596647309481591,0.3072118145586435,0.0011693345695695542,1.3669442375874647,0,0.0019201060680285851,5.154321478415818,0
3.3306690738754696e-16,0.2723966062199441,0.00034699578543805087,0.7844706653898801,0,0.0002125550479880039,0,0
0.03274594440104298,0.7842109632531847,0.0003211575640937841,1.7257229822447642,0,0.0013220091305369867,4.5138169346832875,0
0.02678849021381581,0.2902656120549759,0.0010741821511396504,1.2703508500990413,0,0.0013372786311490388,5.0849372904353665,0
0.0029290457684143616,0.2524506003470921,0.0003995716020501568,1.0760961683447734,0,0.0002586399633769618,0,0
0.027645971764908843,0.3074103242414076,0.0011700095015276454,1.2866579573163772,0,0.002073925999394043,5.0849372904353665,0
0.03554169330730735,0.7818064719298539,0.00026499829696066945,1.831054943946308,0,0.001226373945156996,4.5138169346832875,0
6.661338147750939e-16,0.2471979687186031,0.0004387138573515129,1.1004538187294455,0,0.00028421321793444893,0,0
6.106226635438361e-16,0.2815073222473631,0.00032671885000837715,0.7603936153042961,0,0.00020432146216190102,0,0
0.02524849926364542,0.2786128154266828,0.00112575811025488,1.2620597534877012,0,0.0020103143317259206,5.0849372904353665,0
0.0035154926562707065,0.24761475677753533,0.0004090057525904608,1.0743022762533725,0,0.0002620871576994395,0,0
1.1102230246251565e-16,0.2723182910678053,0.0003259317940623449,0.7784024686054165,0,0.0002021164896326538,0,0
0.018075650640384508,0.7801662288687918,0.0006912017769805251,1.5249224294537418,0,0.0002138017036558429,4.5138169346832875,0
0.028935463078058693,0.2831870878325324,0.0012932702424200818,1.2825931241546715,0,0.0021955693302318376,5.0849372904353665,0
0.022658293252669742,0.4817707490372915,0.000701627827340478,1.5066693224588548,0,0.0014590186888542665,4.5138169346832875,0
0.003149542537871714,0.24113154623977878,0.0004133001513545843,1.1023888572156704,0,0.00026306934517089436,0,0
5.551115123125783e-16,0.2766591404645945,0.00032995847953955025,0.744832055452525,0,0.0002038979051264898,0,0
-3.3306690738754696e-16,0.26175158271196547,0.000315491205936226,0.8092715497895844,0,0.00019395499352139675,0,0
0.02184393080098261,0.4899115891274151,0.0006883826752153286,1.4824305229180252,0,0.0014443939129878641,4.5138169346832875,0
0.030472111647775517,0.3018781408670463,0.0012256292756163373,1.3414942736769098,0,0.002188584393078741,5.0849372904353665,0
0.004054492947743474,0.2519522381782986,0.00046182325797140036,1.0552659245845848,0,0.0002942220177271539,0,0
0.0031190701661943723,0.23947463001703204,0.0004181043030825624,1.0929590382982481,0,0.0002666893604372991,0,0
0.02344913193004143,0.2829376237792287,0.0012262247931560729,1.2960108003242239,0,0.002364811204133487,5.0849372904353665,0
0.022847597106884755,0.4600565928743564,0.000691683858115791,1.4062625808416616,0,0.0012340895636261842,4.5138169346832875,0
2.220446049250313e-16,0.2788132593866072,0.0003345492578757137,0.7701676581794302,0,0.0002088907346234725,0,0
0.018018479052518944,0.29015800719603896,0.0011531507053651633,1.3158897572358164,0,0.001901201922203687,5.154321478415818,0
0.028190055344746452,0.7823684891157742,0.0006879357754936129,1.4059247454652954,0,0.0014705832384832977,4.5138169346832875,0
0.0029720411584830825,0.2567022208009755,0.0004173110456364225,1.0805307411273768,0,0.00026819730083779697,0,0
2.220446049250313e-16,0.27067300841343095,0.0003328861565097187,0.7612841223839799,0,0.00020380361385388104,0,0
0.01669231534157556,0.2909319474486189,0.0011353697276101685,1.2869474745940734,0,0.001728350328789662,5.140551033788936,0
0.0032534825755831664,0.2586399556174895,0.0003980459237658673,1.0860969131680218,0,0.00025524072678822753,0,0
3.3306690738754696e-16,0.2736555342054885,0.0003471765280407826,0.7598827580619191,0,0.00021298686682790174,0,0
0.03218307949478451,0.7823598713521706,0.0005676767218642859,1.458962514654571,0,0.0012521676858730185,4.5138169346832875,0
0.027032520973468248,0.2897591965492654,0.001189983950235307,1.269747347721467,0,0.00208959030350538,5.0849372904353665,0
0.007094007281474548,0.776349137403367,0.0006665677139693927,1.481265876559847,0,0.0012545979671027823,0,0
0.003144105890354073,0.24508907489167037,0.00040004989105295796,1.055889039050537,0,0.000254877472386308,0,0
3.885780586188048e-16,0.27533512051987447,0.00034672139759216425,0.7460277563448412,0,0.00021003833636779265,0,0
0.03255893234734206,0.2886511351043563,0.001147946588021091,1.2675281676628904,0,0.0018448277364209952,4.959939359101347,0
0.029448085117160218,0.7776000182544114,0.0005564798857715485,1.5494686950187333,0,0.0013081312602790662,4.5138169346832875,0
0.00339453701655067,0.2564938300740347,0.00040157116806466145,1.1038781368347208,0,0.0002584427491414672,0,0
0.0,0.2768428785508087,0.00034147386811916067,0.7570719127697947,0,0.00020900331616279937,0,0
0.00367290636544362,0.2575904708343964,0.00044826786706884795,1.0406091698086624,0,0.00028838654570329604,0,0
0.023408729568499764,0.4569457083451577,0.0007140157179916215,1.4539624224317107,0,0.0014699776448899547,4.5138169346832875,0
5.551115123125783e-17,0.2749588814546433,0.000310619740591693,0.8174406384021307,0,0.00019596681580552844,0,0
0.02929944539190804,0.29205820426854456,0.0012769747711119392,1.320127780929093,0,0.0022679036046105864,5.0849372904353665,0
0.024459376615428532,0.2952134283354647,0.001171589266808388,1.295327797916963,0,0.002353463509294941,5.0849372904353665,0
0.027235862064600075,0.7828658509417956,0.0007330296019754035,1.487296255697438,0,0.001275084365137141,4.5138169346832875,0
0.0029784514967471955,0.24489480403669028,0.00039659184148224,1.090321602733332,0,0.0002530411903016486,0,0
2.220446049250313e-16,0.2817424893242805,0.00033176991141819356,0.7362177091815258,0,0.0002054025426922776,0,0
0.02642893786422417,0.29128983119280494,0.0012128625461172889,1.2655064631446684,0,0.002116994215331789,5.0849372904353665,0
1.1102230246251565e-16,0.24986602905951355,0.00043547389593711684,1.0855650538113657,0,0.0002763254173557526,0,0
0.0,0.27035041941501603,0.000324517995801109,0.7821216672679706,0,0.00020046032280721422,0,0
0.029038246870481732,0.773642751600869,0.0005473125987945985,1.5489276025173624,0,0.0012796257151335292,4.5138169346832875,0
0.030554256291370138,0.29662764503868433,0.0012426533701854806,1.3016404591729858,0,0.0019656736881303364,5.0849372904353665,0
0.003630661194085224,0.2560400830769892,0.0004214491903634228,1.0401603906181198,0,0.0002714448926093123,0,0
-8.881784197001252e-16,0.27176096669647876,0.0003287872048322503,0.7790914544768438,0,0.00020129021437388883,0,0
0.021686609404862597,0.4687110347771623,0.0006645556295402779,1.475092896183139,0,0.0012441046201071024,4.5138169346832875,0
3.3306690738754696e-16,0.26918143202220857,0.00034682425438268486,0.7411299726342637,0,0.00021110708563050652,0,0
0.022378208033852674,0.49120522785872894,0.000633006474838939,1.4290565456488784,0,0.0014087054237903076,4.5138169346832875,0
0.024446818334922293,0.29251402135912785,0.001186004116299662,1.2906526937360139,0,0.0020555991668299144,5.0849372904353665,0
0.0030772465922928975,0.23844206075949806,0.0004112807373269583,1.1063109643352809,0,0.00026451762759936026,0,0
2.220446049250313e-16,0.2710364024521125,0.00034633477868098764,0.7677508822214335,0,0.00021210377523365968,0,0
0.018456652468342657,0.7764135409004775,0.0007281108720419996,1.4669880686752326,0,0.00023451266775213,4.5138169346832875,0
0.028194825224496442,0.2961701758176,0.0011212571813531231,1.2944504348743502,0,0.0020036221582782963,5.0849372904353665,0
0.002943303133122799,0.25738696220504553,0.00040490115371058115,1.070440890852285,0,0.0002656326366829216,0,0
0.027055748463849602,0.31775586056590416,0.0011557207247556668,1.3237810243875825,0,0.001909418506166926,5.154321478415818,0
0.0033951884767303327,0.262850077460087,0.00044910951885957184,0.9914451244036697,0,0.0002846928168818949,0,0
-3.885780586188048e-16,0.26978896348217696,0.000317247026811152,0.8246197097806166,0,0.00019628632501173253,0,0
0.030846321813984466,0.7732700118079617,0.0005748367134477861,1.5526702911688384,0,0.0015065586620594713,4.5138169346832875,0
0.0032363880521909943,0.24467566960680223,0.00041599401853428645,1.0980179155770473,0,0.00026051046051789767,0,0
0.029038246870481732,0.7860427600039066,0.0005382801585898055,1.5558254986867561,0,0.0012734377205761874,4.5138169346832875,0
2.220446049250313e-16,0.2767895894163519,0.00032954192437252707,0.754319096198283,0,0.00020422715809037374,0,0
0.022488267908622704,0.27826349371679027,0.0011531673212483978,1.2593352812807095,0,0.0013293065783832533,5.140551033788936,0
-3.3306690738754696e-16,0.28109021803511786,0.0003536339250093396,0.7578079663786713,0,0.00021714985512376905,0,0
0.002853790881641366,0.25472326194570777,0.00040152337887081025,1.0890839469543132,0,0.0002587691816590287,0,0
0.011706008381955301,0.7841289567529145,0.00031529549381997243,1.6927636678515645,0,0.0012716414812448265,0,0
0.02826221779657887,0.29497390779231597,0.0011243105832365833,1.287685689052932,0,0.0020369976414960633,5.0849372904353665,0
0.003198477343313629,0.24836959770622208,0.000413000474422369,1.1176651687904038,0,0.0002630241654822923,0,0
0.03205444487146351,0.28606255178133505,0.0011897706412591171,1.3065713311297107,0,0.0018930900386377391,4.959939359101347,0
0.02229623341583134,0.4650346979913084,0.0006679111776552029,1.3853934470605527,0,0.001193052110156775,4.5138169346832875,0
6.661338147750939e-16,0.2742323560440259,0.00033712296319655233,0.7287204389237529,0,0.00020606513812910173,0,0
