[6.575],7
45,165,38
[5.292105263157894],10
48,50,95
[6.733695652173913],11
44,157,34
[5.453216374269006],9
48,49,92
[5.015789473684211],10
50,56,93
[4.5815789473684205],6
52,53,90
[4.7710526315789465],7
49,56,88
[6.75],10
58,168,54
[5.068421052631579],9
47,56,94
[4.792105263157895],9
49,53,92
[4.6842105263157885],10
47,50,93
[4.826315789473684],11
48,53,90
[4.702631578947369],8
51,53,94
[4.801169590643275],11
49,49,87
[7.659340659340659],9
13,92,27
[5.226315789473684],6
51,53,93
[4.826315789473685],9
50,55,94
[4.878947368421052],11
51,54,94
[5.442105263157895],11
49,50,94
[5.265789473684211],11
50,51,95
[5.036842105263158],11
51,55,91
[4.865789473684211],11
51,52,92
[4.9605263157894735],9
47,53,95
[4.918421052631579],10
49,50,94
[6.592592592592593],10
62,160,57
[4.86578947368421],7
49,52,92
[5.312865497076023],11
49,49,90
[4.868421052631579],11
49,54,94
[4.707894736842104],9
50,51,92
[6.497354497354498],11
58,161,55
[6.18915343915344],10
65,159,54
[4.789473684210526],11
49,51,90
[4.921052631578947],11
51,50,94
[6.679802955665025],10
60,169,57
[5.139473684210525],9
49,52,95
[4.755263157894737],10
51,54,92
[5.157894736842104],8
51,48,91
[6.32258064516129],10
68,182,54
[4.550000000000001],11
51,53,91
[4.8921052631578945],7
48,53,93
[5.207894736842105],10
46,54,92
[5.202631578947369],11
50,53,91
[4.863157894736842],9
50,55,88
[4.91578947368421],10
52,52,91
[5.078947368421053],11
49,53,93
[5.023684210526317],11
47,50,94
[4.763157894736842],9
53,48,94
[4.928947368421053],9
51,52,96
[4.768421052631579],11
48,53,94
[4.886842105263157],8
49,51,94
[6.462068965517242],11
66,172,53
[6.536945812807882],11
64,165,60
[6.491666666666666],11
47,161,39
[5.313157894736841],6
51,48,95
[4.61578947368421],9
47,54,92
[4.897368421052631],11
49,55,94
[4.794736842105263],9
50,52,90
[4.4526315789473685],10
47,53,91
[6.806650246305419],10
60,169,59
[4.921052631578948],11
51,52,94
[5.01578947368421],8
47,52,94
[7.743589743589744],3
14,88,25
[5.026315789473684],9
50,53,92
[4.942105263157894],11
51,55,90
[5.028947368421052],11
52,52,93
[6.360837438423644],10
63,164,56
[6.328042328042328],7
63,162,53
[5.257894736842105],9
48,52,94
[5.021052631578948],9
51,52,90
[4.905263157894738],9
50,51,95
[5.028947368421052],11
49,49,95
[5.126315789473685],9
51,54,92
[4.91578947368421],11
49,49,95
[4.839473684210526],11
51,54,93
[6.448412698412699],10
61,163,52
[6.479999999999999],11
47,161,42
[5.084210526315789],8
51,53,89
[6.806666666666667],11
46,167,34
[4.678947368421053],7
49,54,96
[6.651666666666667],10
47,162,36
[4.6081871345029235],11
47,51,89
[6.583333333333334],8
45,156,39
[6.794999999999999],11
45,164,34
[4.91812865497076],9
50,50,89
[5.478571428571429],11
54,53,97
[4.844736842105263],7
48,51,93
[5.18421052631579],9
50,52,89
[6.504926108374385],8
62,169,58
[6.476923076923076],11
51,168,39
[4.576315789473684],11
50,54,93
[6.786666666666666],11
47,163,33
[4.815789473684211],9
50,52,89
[6.597826086956522],9
41,158,36
[4.784210526315789],10
49,51,94
[6.309677419354839],8
70,182,57
[5.052631578947369],11
48,49,93
[6.763333333333333],8
46,159,36
[4.91578947368421],11
51,52,92
[4.91578947368421],10
48,53,90
[6.401538461538461],11
49,164,40
