[7.593406593406593],4
14,94,24
[6.373152709359606],10
65,166,50
[5.1342105263157904],11
51,51,95
[7.401098901098901],8
16,95,27
[7.857142857142857],8
13,99,23
[7.401098901098902],6
14,90,27
[6.225369458128079],10
63,164,59
[5.121052631578946],11
51,52,94
[7.4340659340659325],10
16,92,24
[6.659999999999999],11
46,164,35
[6.508333333333332],7
44,164,41
[6.575],10
44,167,37
[6.416666666666667],10
46,157,37
[6.640000000000001],10
46,159,36
[6.431034482758621],10
63,166,56
[7.602564102564101],7
14,90,25
[6.795289855072465],10
43,155,33
[6.696666666666667],11
45,162,35
[6.306650246305419],10
65,163,56
[6.489417989417989],10
60,165,54
[6.362433862433862],8
61,159,58
[6.567733990147783],11
61,166,58
[6.186021505376344],8
66,180,58
[6.4076354679802945],10
64,163,54
[5.097368421052632],10
51,51,94
[6.608695652173913],10
41,157,38
[6.353333333333334],11
46,161,40
[6.436666666666667],10
50,161,36
[6.256613756613757],11
63,163,52
[7.43956043956044],9
15,92,25
[6.561666666666667],11
44,161,39
[7.596153846153846],10
14,88,26
[6.382246376811595],7
46,158,34
[7.461538461538461],6
14,94,25
[6.488916256157636],11
63,166,56
[7.620879120879121],9
15,94,25
[6.378306878306879],11
60,164,55
[5.147368421052631],10
48,57,93
[7.379120879120879],7
14,92,27
[6.529556650246305],10
64,165,56
[7.538461538461539],5
14,93,23
[6.415000000000002],10
45,159,41
[6.562169312169312],8
57,163,59
[6.576666666666666],9
43,164,35
[6.398148148148149],10
60,161,51
[6.820158102766799],7
39,152,33
[6.558333333333334],8
43,162,36
[6.535714285714286],11
60,161,53
[6.375615763546799],10
64,164,56
[6.2118279569892465],10
69,172,60
[5.044736842105263],9
51,52,95
[4.6157894736842096],11
51,55,91
[5.2105263157894735],10
49,50,91
[6.711666666666666],10
45,166,32
[6.2857142857142865],9
61,166,53
[6.496031746031745],10
63,160,54
[6.582512315270937],8
60,166,58
[7.602564102564102],6
11,89,25
[7.461538461538463],5
15,90,25
[6.603333333333334],11
43,163,38
[6.63768115942029],11
45,155,35
[4.784210526315789],10
49,51,92
[6.677248677248676],10
58,162,56
[6.275132275132275],7
64,161,54
[6.574999999999999],11
42,164,39
[5.244736842105263],9
49,51,91
[4.973684210526316],11
48,53,96
[6.75],11
44,159,37
[6.510582010582011],11
57,163,58
[6.395698924731183],11
66,180,56
[6.67],7
46,164,36
[6.708333333333332],11
43,160,37
[6.4728260869565215],9
46,156,36
[6.514778325123154],10
63,167,57
[4.992105263157894],11
50,55,91
[5.105263157894738],11
47,50,93
[6.458128078817735],10
59,168,58
[5.157894736842104],11
49,49,92
[6.146825396825396],10
62,157,56
[5.3],6
49,54,91
[6.416091954022989],11
67,165,61
[5.463157894736843],11
48,50,98
[4.7],11
51,57,92
[6.072413793103449],10
64,174,60
[6.345],11
45,158,43
[6.523333333333333],11
44,162,38
[6.630541871921182],10
63,168,57
[5.055263157894737],9
52,53,93
[7.483516483516484],6
16,90,25
[6.720000000000001],10
46,159,36
[7.384615384615385],8
15,89,26
[6.632275132275131],7
60,163,56
[4.771052631578947],3
51,50,92
[6.633903133903134],10
58,159,50
[5.16842105263158],11
48,54,95
[6.673333333333333],10
45,168,33
[7.666666666666666],7
11,92,25
[6.708333333333334],10
43,162,38
[6.605],10
45,164,38
[4.939473684210525],11
49,50,95
