[6.1564039408867],8
62,164,55
[6.503333333333333],10
43,164,42
[6.527586206896552],7
65,170,56
[6.633333333333333],10
45,164,34
[6.2716666666666665],10
46,158,40
[6.624999999999999],11
44,161,35
[6.516666666666667],11
45,162,37
[7.615384615384616],7
14,92,24
[6.548029556650246],7
63,163,55
[7.587912087912087],7
16,89,27
[6.3121693121693125],10
64,162,53
[7.570512820512821],9
14,88,25
[7.397435897435898],4
15,88,23
[7.527472527472527],7
12,94,27
[5.155263157894737],10
49,54,93
[6.516923076923075],10
48,169,38
[7.296703296703296],4
16,91,26
[6.41871921182266],10
61,165,56
[7.788461538461537],5
13,90,23
[7.582417582417581],6
15,95,26
[6.7355072463768115],11
44,160,35
[7.725274725274725],6
15,93,24
[7.384615384615386],7
16,87,23
[6.919999999999999],10
44,168,38
[7.521978021978021],7
15,93,25
[6.379310344827586],10
67,173,55
[6.444581280788177],10
64,168,55
[6.68915343915344],10
59,163,56
[6.4866666666666655],11
44,165,39
[6.508333333333332],10
49,162,38
[7.681318681318682],6
16,96,24
[6.564615384615384],9
44,170,39
[6.5233990147783265],10
59,167,56
[6.528985507246377],8
46,156,34
[7.903846153846153],7
13,87,24
[6.405000000000001],11
45,162,38
[6.388333333333333],7
47,163,39
[6.786561264822135],10
40,148,39
[6.291871921182267],11
63,162,58
[6.888333333333333],11
44,162,38
[6.455],6
47,157,39
[6.448412698412698],10
62,164,53
[6.415000000000001],11
48,160,37
[7.339743589743589],6
15,87,26
[7.373626373626372],10
15,92,26
[7.467032967032966],10
15,95,27
[7.570512820512821],8
13,90,24
[6.615384615384615],11
46,168,37
[6.476666666666667],8
46,161,37
[7.583333333333335],11
13,90,25
[6.458333333333333],10
44,157,39
[7.576923076923077],8
15,88,25
[7.302197802197802],8
16,95,26
[6.2992610837438425],11
60,162,59
[7.285714285714286],8
15,94,27
[6.553333333333334],9
44,164,38
[7.494505494505495],9
15,92,25
[6.55076923076923],10
47,166,39
[6.791666666666667],9
47,160,33
[7.829670329670329],6
15,91,27
[7.564102564102563],5
13,89,25
[6.359999999999999],11
50,161,39
[6.493333333333332],8
47,163,38
[6.6000000000000005],7
43,160,41
[7.480769230769231],11
12,87,23
[7.626373626373627],11
16,97,26
[6.508333333333334],7
45,166,35
[7.532967032967033],8
15,98,24
[6.631666666666667],8
48,163,35
[6.737154150197628],9
41,151,35
[6.513546798029556],10
61,164,56
[7.461538461538462],6
13,92,25
[7.626373626373626],6
13,97,25
[7.282051282051282],8
16,88,24
[7.5879120879120885],7
15,93,27
[7.576923076923077],9
15,94,23
[7.582417582417582],6
15,92,25
[7.371794871794871],9
13,89,27
[7.532967032967033],7
15,93,26
[7.660256410256411],6
14,87,26
[7.499999999999999],8
14,89,28
[7.802197802197803],7
13,97,22
[7.5769230769230775],5
14,83,26
[7.346153846153846],8
15,94,26
[6.492063492063492],8
59,163,49
[6.415024630541873],11
64,166,52
[6.606666666666667],10
44,162,38
[6.713768115942028],11
43,159,35
[6.743386243386244],10
59,161,53
[7.554945054945055],7
14,95,25
[5.447619047619047],11
50,55,97
[7.653846153846154],8
15,98,23
[6.472906403940887],10
63,169,57
[6.392307692307691],9
48,164,43
[7.307692307692308],11
16,88,26
[7.384615384615385],5
13,87,25
[6.264778325123152],10
63,163,60
[6.514778325123153],10
64,167,53
[6.017241379310345],11
62,162,57
[6.644179894179894],11
61,165,51
