[5.210526315789474],11
50,46,94
[7.647435897435898],6
15,89,24
[7.66025641025641],7
11,92,25
[6.336206896551724],7
62,162,57
[6.410052910052911],9
62,157,54
[6.357142857142857],9
61,166,58
[7.358974358974359],10
14,88,27
[6.616666666666667],10
48,158,39
[6.616666666666666],9
45,159,38
[6.476600985221675],7
60,164,57
[7.461538461538461],10
16,93,24
[5.9655172413793105],11
65,161,59
[6.442118226600985],8
59,172,56
[6.3678160919540225],10
64,168,60
[6.728260869565217],11
46,158,34
[6.851851851851853],10
58,158,54
[6.192118226600985],9
62,169,58
[7.455128205128204],11
14,89,26
[6.711666666666667],9
44,167,38
[6.595000000000001],9
46,159,36
[7.598901098901099],6
15,95,27
[6.6521739130434785],10
44,158,37
[6.683794466403163],7
42,150,34
[7.7243589743589745],5
14,89,24
[6.921666666666666],10
43,166,34
[7.493589743589744],7
14,88,25
[7.769230769230769],6
12,92,26
[7.538461538461539],6
13,92,25
[7.445054945054946],11
14,91,28
[4.768421052631579],10
49,55,93
[5.11578947368421],9
46,53,94
[6.321428571428571],8
64,160,56
[7.510989010989011],6
15,95,26
[5.052631578947368],10
51,51,94
[6.751666666666667],7
46,165,35
[6.396825396825398],10
60,160,55
[7.626373626373626],6
13,95,26
[7.089743589743589],6
15,83,25
[6.85],11
43,163,35
[7.602564102564102],6
15,90,24
[6.439655172413794],7
64,165,57
[7.538461538461538],9
14,93,26
[7.412087912087912],6
16,92,26
[6.607142857142858],9
61,167,58
[6.413846153846154],11
47,164,40
[6.387356321839079],8
70,173,56
[6.541871921182266],10
62,170,57
[7.589743589743589],5
14,89,25
[7.7564102564102555],6
13,92,24
[6.7687747035573125],8
40,157,32
[7.634615384615385],5
10,88,24
[6.8768115942028984],11
41,161,35
[6.322751322751323],7
59,164,54
[7.587912087912088],4
15,94,24
[6.281666666666666],9
48,156,38
[7.615384615384616],7
15,91,24
[6.433333333333333],11
46,160,38
[6.336206896551724],10
66,162,56
[5.155263157894735],9
49,51,94
[6.185185185185185],7
62,164,52
[6.280459770114942],11
66,173,57
[6.741379310344827],7
58,169,55
[7.648351648351648],6
16,92,24
[7.659340659340659],6
13,94,25
[6.519704433497537],11
65,167,55
[6.639492753623189],10
43,158,37
[7.626373626373626],6
15,89,27
[6.333743842364531],10
64,161,56
[7.406593406593408],10
15,92,28
[7.339743589743589],7
14,88,25
[7.412087912087912],6
15,92,24
[6.416256157635468],10
64,163,57
[6.39408866995074],10
63,168,54
[6.641304347826086],10
41,161,36
[6.515],10
45,159,40
[6.451058201058201],10
62,165,52
[6.573333333333333],11
46,157,39
[6.332512315270936],8
63,165,58
[6.683333333333334],11
45,166,33
[6.610837438423645],8
61,167,58
[6.708333333333333],9
43,164,33
[6.615763546798029],9
65,166,52
[6.4926108374384235],10
61,166,58
[6.594861660079052],9
42,152,35
[7.846153846153847],6
13,96,21
[7.434065934065934],9
15,91,27
[7.217948717948718],6
14,88,27
[7.737179487179487],9
14,89,25
[5.0],10
45,51,94
[6.17857142857143],8
61,162,57
[6.632275132275133],10
59,162,55
[6.125000000000001],8
46,156,43
[7.549450549450548],9
16,93,25
[7.65934065934066],3
16,96,23
[6.798701298701299],8
37,146,32
[6.241379310344827],7
65,166,59
[4.776315789473684],8
51,56,90
[7.538461538461538],8
13,89,28
[7.45054945054945],7
16,91,26
[7.673076923076923],4
12,91,25
