0,0
0.9533116583695508,0.2018848939929351,0.2944361649279682,0.3593921191136102,0.2892817059483726,0.16734019850079418,0.482623634110623,0.4769296740994854,0.7723884308824834,0.811874524046113,0.3616862286443011
0.9759693887488698,0.11974614899503117,0.4742332099418297,0.5570727715263426,0.4720613914162302,0.06744679825443227,0.6960966542750928,0.6879032258064515,0.6515995423378844,0.8365911054672598,0.2680097251153612
0.9042700434991934,0.8489596816497597,0.09144089732528032,0.1892555548983329,0.12042285200179942,0.4070749732459278,0.10001956564273162,0.049453823237339156,0.9354860916139369,0.7971490310417718,0.49216181546434407
0.987390647918972,0.07512475558519538,0.6495537016510122,0.74202685028098,0.6860114973993978,0.037419817922460144,0.8020876053394014,0.7968307258443564,0.5796073507915502,0.8245445905307837,0.24491068193616128
0,1
0.9874295893053283,0.07525715062490443,0.655504346304183,0.7474149113054308,0.6841865133680081,0.03670885592661044,0.798542115916337,0.7921036728664472,0.5790440451695923,0.8228792585435649,0.24492698356864406
0.904427111561855,0.8465857227266473,0.0927885840482458,0.18949531910668543,0.12002716147793885,0.40645297955255216,0.1008918080782788,0.050151529963828545,0.935347173646357,0.797160459887541,0.4909794490266775
0.9530977732839269,0.20380362869392446,0.2950051229508196,0.3604686548755503,0.2911324786324787,0.16628184230356594,0.4789440055762082,0.47399764150943396,0.7731153185268796,0.8108142304809912,0.36206610898077235
0.9766587925238479,0.11711437125238791,0.47098558167094606,0.5575966772768575,0.4777514616872047,0.06705056662739647,0.7017960317104852,0.6936576494657877,0.6515021926029951,0.8370362363217697,0.2690319732212425
0,2
0.9036512797857926,0.8450939278869178,0.09181992177748183,0.18867107624711632,0.12054029820527312,0.4117687712748548,0.09844696469345021,0.04815630686715855,0.9356010031473355,0.7967451901845943,0.4946935265177154
0.9760372539868828,0.1208177036079415,0.4692710149982561,0.5535866205410386,0.46875189428380926,0.06808130194417701,0.6965435418808827,0.6890405459654756,0.6531836317760783,0.8372909148788787,0.26858364313892163
0.9530753794917207,0.20340881877342304,0.29116290983606563,0.35621538469621467,0.28576834045584054,0.16988725078548073,0.4810060408921933,0.4798054245283019,0.7752563827195347,0.811113136586486,0.36458154599365866
0.9875564799527612,0.07303692400672873,0.6511633147428314,0.7449042888543304,0.6845145436210729,0.037115605349265834,0.7994864523052159,0.7938533359268626,0.5801212901897597,0.8235721463289627,0.24418658710550317
0,3
0.9536282922705759,0.20428344857402014,0.29436920883820383,0.360193063183357,0.2898137825674057,0.16578891253259648,0.4815742686277679,0.4770576975663111,0.7719405838730229,0.8118256226034326,0.3608762646158421
0.9032490903156573,0.841150327670507,0.09156041287188843,0.18818548137967167,0.1204871945612686,0.41555887763867727,0.09734269585570693,0.04801836877308552,0.9358099232945383,0.7963490592053286,0.4962559154082204
0.9877564219748677,0.07309762589166002,0.640791085700951,0.7387954060282386,0.6857174721943406,0.03762967034125808,0.8051832938655096,0.8002417243000066,0.5795146225815844,0.8257415474909122,0.24196467158046764
0.9760271050417514,0.12085913947530982,0.4684072050192269,0.5541922233090383,0.47043719883226065,0.06778339537498505,0.6963299524224761,0.689152884540725,0.6522538758609997,0.8366981695779275,0.26830155068130607
0,4
0.9529810906641193,0.20199663014938601,0.29245901639344263,0.35956437314849204,0.28905771868734836,0.16587479990463538,0.4907613933636239,0.4863452131376659,0.771123421328594,0.8123941554605097,0.3602281256512473
0.9036824724612519,0.8399469042695209,0.09254469066644705,0.18885039112014068,0.12094661340892521,0.41247285780080545,0.10063327791373239,0.04945482127619216,0.9350860271814577,0.7966681784194051,0.49492498004180124
0.9874165647986631,0.07389832033181978,0.6567825617005946,0.7506079584561618,0.6863592248207635,0.03649221083061892,0.8022658877677465,0.7970281291036008,0.5788306721318639,0.8230437476250981,0.24658009193190278
0.9767003386130376,0.11758877974592641,0.47054555227089495,0.5580445328152562,0.4761104105366401,0.06676287924597199,0.7023127551953197,0.6951438292607485,0.6501428203851841,0.8384836963904742,0.2648610169610239
0,5
0.9522380090106857,0.1968945380729848,0.2949067701163809,0.3559500783571433,0.2869663556686458,0.1689464603692232,0.47680127131870936,0.47377214460607797,0.7754227134475838,0.809788268402829,0.3679268438430239
0.9039112584160675,0.8433997734577079,0.09286254728877669,0.18924792080366554,0.12057856673241274,0.40985019374209114,0.1011724335144411,0.049579100145137556,0.9353921382953007,0.7969529152928014,0.4933087277318089
0.9877338836182208,0.07306534046115329,0.6465458728789187,0.7420436390580502,0.6864197530864201,0.037399369733212104,0.8014217700384793,0.7960278053624628,0.5799183278261325,0.8237267204277635,0.2441322290144879
0.976088619474955,0.1197022828327289,0.46743169398907103,0.5513447010524956,0.4672245963912631,0.06873344955893872,0.6988073110285006,0.6910377358490565,0.6533547479824943,0.8382716437273,0.27017654564872395
0,6
0.9875807930263184,0.07266777781447842,0.6478161183079216,0.7419656645587521,0.686430378738071,0.03743405873782904,0.8026360256843529,0.797677793904209,0.5795850897153747,0.8244524946889101,0.2449317172376974
0.9036633342020145,0.8440585983124282,0.09159942240720287,0.18863549530485008,0.12058810504406348,0.41179778240247833,0.1002561781304776,0.048919737999804314,0.9355725420492818,0.7969257902325807,0.49509217310666714
0.9535191913117451,0.20081054689756955,0.27889185411106865,0.34816809156306505,0.27666247046092013,0.17242091827237996,0.4837324572778882,0.483106625713032,0.7780252279935006,0.813886844581086,0.3603225421565986
0.9753091979040917,0.1232466153368077,0.4740392367643107,0.5573374810473396,0.47040072859744997,0.06744445626265698,0.689225425071607,0.6814104546860501,0.6538186479614165,0.8360180749053711,0.27265143864130387
0,7
0.9031207579712253,0.8462968738976018,0.0916368477989511,0.1885311662571572,0.11987504880905908,0.4130917476254369,0.09688072009510695,0.04601091849439709,0.9362639010683463,0.7966776684620371,0.4957521080011388
0.9876679956827926,0.07405064622532431,0.6540398126463702,0.7474929647347655,0.6876678876678878,0.036660785444248195,0.8048990971853426,0.8012533692722371,0.5780411000058636,0.8236911687184423,0.24560594002722305
0.9766320906719976,0.11702808389289032,0.47994647039143523,0.5624802563168628,0.4786092214663644,0.06558596055158557,0.6988544116531372,0.6898575279168271,0.6486220093289696,0.8370084168581696,0.26833008191356933
0.9532541067626209,0.19727981966556563,0.29662042875157624,0.36007292474452013,0.2900723208415517,0.16574026770205372,0.4880468973405776,0.48252539912917264,0.7721986364066815,0.8115461205150747,0.36129821443751764
0,8
0.9538775248320674,0.19989409540421335,0.29552906110283156,0.3613539050134529,0.2896270396270396,0.163833691724644,0.4886786076377154,0.4842481417953115,0.7706188371196603,0.8130124832693626,0.35927197354092866
0.9031609926889593,0.8476657918628159,0.09112091204127493,0.1880082663894727,0.11947011439397226,0.41461298241373734,0.09869228011246733,0.0473134757207162,0.9366471633384669,0.7967035700984041,0.49581756984147407
0.9764702888959035,0.11904241942624352,0.47064083457526085,0.557306266177575,0.47368792823338285,0.06698567926588399,0.7007742173338659,0.6939341961640417,0.6501206435225556,0.838415144760531,0.26873799899458
0.9875532910992483,0.07286142794394307,0.6502187737004841,0.7447439318142922,0.6865995478095124,0.037043247142789115,0.8027623066848351,0.7997717048277713,0.5787846617318726,0.8241732743940532,0.24653037368512248
0,9
0.9756557282010424,0.1227041501683368,0.46659083305453325,0.5509131969466943,0.4689691261119833,0.06855043028757424,0.6963963280479478,0.687978436657682,0.6529967423982334,0.8376624760894007,0.27081139158185713
0.9033770971271791,0.8418277593681883,0.09170187595065071,0.18841712870651067,0.12050988339648172,0.4143415839863315,0.0995669336603684,0.04814238475004845,0.9356309938279728,0.7965850822061422,0.4954020722743269
0.9874674148245494,0.0739326806884619,0.6482818972055304,0.7405000902362511,0.6850787277833543,0.03751940350824874,0.799534323777269,0.7958101121332167,0.5796874840281153,0.8250194574239361,0.24620480982529627
0.9526117930982818,0.2037078287830258,0.2935419771485346,0.3579919722420456,0.2865837865837866,0.16864739790879055,0.47642784724569115,0.47058319039451113,0.7752075794879472,0.8107089732220358,0.3669230119268868
1,0
0.9763863625469072,0.11716162823097018,0.46883929159259996,0.5550535726158327,0.47301456538404335,0.06758037565609322,0.7029754706558577,0.6973251496552245,0.65056162277341,0.8393350276295041,0.2680129661917824
0.9035472145221518,0.8399031709263365,0.09130284728213967,0.18844569975687459,0.12070775228669961,0.4143276795749462,0.09974564664449209,0.04971201588877888,0.935512277822174,0.7966350576818715,0.49422309147789956
0.9530234834178563,0.20532343184375612,0.2976950573154197,0.3626236806728429,0.2901270269691323,0.16335521802360195,0.4795539033457249,0.47510285146829334,0.7712806328500801,0.8117422113703252,0.3618244708433719
0.9875503411418962,0.07403954010157413,0.6548093307479875,0.7500951973465914,0.6886519825587927,0.036424955494689215,0.7994696939414532,0.7934266585514302,0.578300042798966,0.8222283951879131,0.24685344224552244
1,1
0.9752785037329754,0.12227047418659162,0.470637228979376,0.5549685287348074,0.47171675397481855,0.06801031321997249,0.6880771075668546,0.6796561168594035,0.6536148440705806,0.835175814011611,0.2719781297466891
0.9033198931029547,0.841317345473912,0.09212943095013315,0.18851937399659746,0.12029951820527712,0.4140080976099826,0.09916502851359482,0.047831670453423125,0.9356388315390808,0.7967543244152931,0.4959266448226513
0.987485965053042,0.07443928320280699,0.6459246476847855,0.7415494710570631,0.6818813415304644,0.037399683432551886,0.8013304637057328,0.7974577954319761,0.5802761160184025,0.825223536362201,0.24359955379597403
0.9540150261322383,0.20243444874935507,0.2808829224215826,0.348689869564231,0.2788657828027907,0.17256570864934923,0.48236396101044987,0.4800772544941316,0.7773619623972962,0.8136171489406053,0.3596434240300874
1,2
0.9762745421294964,0.11938243462134637,0.4698907103825136,0.5555368479590819,0.47266144349477685,0.06755384481114406,0.7004801734820322,0.6928144654088049,0.6518807276706353,0.8383131685632631,0.26888720064213073
0.903730779653082,0.8472099580756874,0.09173704255671467,0.1888418834492238,0.12050706495150953,0.4102369743207078,0.0997146183019787,0.047932151705736836,0.9358651140042221,0.7969078667151492,0.4942566248977977
0.9871824634611919,0.07573082848693519,0.6514422802307651,0.7424863988449444,0.6817653890824623,0.037355827203048614,0.8002150175511314,0.7938334100322136,0.5803263136975138,0.8241235559421071,0.24714775323261876
0.9523105885094616,0.20332428351355553,0.29945355191256834,0.3638517579923284,0.2935377379821824,0.1629402706213782,0.481737180621939,0.47855645402815206,0.7687262670079683,0.8101464961176906,0.3635451019579051
1,3
0.9765781900954412,0.11949157381816891,0.4662812053601796,0.5524821029541424,0.46964807130782243,0.06820351283161204,0.7005969550664054,0.6925076332889689,0.6521884689188312,0.8388683879080676,0.2658276920899955
0.9031427400093578,0.8433569892619404,0.09164377492246317,0.1885033692218564,0.12082852082852102,0.4145445281799628,0.09862353059379109,0.04819989801121882,0.9357082256651424,0.7964668299984787,0.4959486077213263
0.9877130110338861,0.07289987759434191,0.6436447338872668,0.7381589784339573,0.6868145806501971,0.03763142958719354,0.8019554921831238,0.7965365727578183,0.5793527720473763,0.8247614465901761,0.2425601255954789
0.9521639075036026,0.20514012342038762,0.2938493775422162,0.35345782300014505,0.2844932844932846,0.171698724178383,0.4803644799731671,0.47345722797559936,0.7757735537037119,0.81066210483552,0.36477746467622774
1,4
0.9874756471637539,0.07414544211549398,0.6468334771354616,0.7421459522359841,0.6894786824611387,0.037497916140099896,0.8004956629491944,0.7952863290301224,0.580499823625541,0.8247449264880652,0.2433904795190509
0.9535544928689502,0.19897971278160387,0.29006458022851467,0.3559071051573578,0.2865837865837866,0.16843172452015814,0.4882280049566295,0.4860491709548313,0.7742695471332139,0.8125124371844564,0.3608659361193759
0.9760893508334181,0.12262058441133544,0.46910042705606836,0.5510186397044412,0.46663793722617253,0.06869009481794136,0.6990565743025836,0.6907721579197715,0.6530335462046966,0.8386337922255674,0.2682529325743817
0.9037175203078306,0.8459907995352852,0.09240548678487798,0.18892652760658113,0.12016687016687033,0.41054127664144224,0.09911994537592034,0.0479014247208322,0.9357026663763605,0.7968074003885798,0.4949341926168629
1,5
0.9534900619804757,0.20477636492280057,0.2784597788791461,0.34715655274151636,0.2772808586762075,0.17374465653298987,0.4811100544652892,0.4766418019599239,0.7776152850276608,0.8139228731309128,0.3611029762989764
0.9035123701654424,0.8408639009025107,0.09205292502288431,0.1884326597933536,0.1202221354505617,0.4141196054644123,0.09884324344724782,0.0489799827602726,0.9354484272707794,0.7966779179153048,0.49480431762715804
0.9879328734610138,0.07118810150898355,0.6539404978749241,0.7461541591138163,0.6903133903133905,0.03707842792214919,0.8080820597549221,0.8044304682040531,0.5783556740983924,0.8244445709159574,0.24374332938015217
0.975373678003698,0.12071159931679326,0.47845708775313406,0.559384526287167,0.47377241494888556,0.06715681265864881,0.6892193308550185,0.6804143544210135,0.6530731291285513,0.8351269553317063,0.2716612932697337
1,6
0.9763995429540021,0.11877181763421901,0.46766020864381525,0.5530959280582154,0.4751668085001419,0.0680899258093495,0.6972110912631359,0.6904353508127093,0.6530639207598605,0.837196949821659,0.2683384109865944
0.9037397977598509,0.8472484488026857,0.09195156108410912,0.18884480283759875,0.12008761757505498,0.41045846890527016,0.0992882628757169,0.04839290793590567,0.93596470246184,0.7967753625180007,0.4939702378777448
0.9874548746545342,0.07414401503151682,0.6470701684724034,0.7428875641384971,0.6807046599434146,0.03719939733627299,0.8000540255463655,0.7967095384213618,0.5799585541812873,0.8242027751178087,0.24595519389541498
0.9523340911532191,0.19692125504280533,0.29564895846172806,0.35981842320330565,0.28963434226592133,0.16709771516765753,0.481119154764234,0.4792169102000283,0.77444804563728,0.8100444619764096,0.3669689909024013
1,7
0.9755299057946031,0.1230007483506878,0.4683918168269882,0.5523324600998057,0.4646935556026466,0.06824578395864979,0.6964269255583889,0.6889131451738655,0.6527929441767266,0.8370655204381592,0.2707663191764557
0.9039569668750026,0.8519626877904984,0.0912595765713815,0.18876150858930257,0.11970106944981324,0.40857712748888,0.09913881676038216,0.04784298852754343,0.9360611015685758,0.7971849622248433,0.49269131955642265
0.9529133719033674,0.19792769087823667,0.29223535392044736,0.3575578988886599,0.2884560171381877,0.1679010006154343,0.47514480850695945,0.47032324118765534,0.7757277978706847,0.8103931707695116,0.3643243740941791
0.9872200462623884,0.07480123217599491,0.6537611905592372,0.7461666391027981,0.6842860318037624,0.0370032852234872,0.7995465211315881,0.7941255185333869,0.5802223114688755,0.8232650902687045,0.24655617082070996
1,8
0.9878620350264531,0.07210061973262474,0.6506811359963058,0.7451875734449427,0.6860880382007144,0.03695379721878837,0.8035761034609142,0.7989104437948445,0.5780985409791554,0.8240076883250319,0.24451541117096803
0.9036725191819768,0.8437889011376304,0.09207508706362022,0.18868151668488642,0.12041096497055043,0.4117310104182826,0.09875378007203811,0.04811809561051883,0.9359579007571128,0.7966788484091284,0.49449394772057853
0.975893217286766,0.1205702116124027,0.47619988149318593,0.5599223649207925,0.4762983558164282,0.06641170793319388,0.6947791164658634,0.6855042812760476,0.6514661436060224,0.8354962841969906,0.27210253806593593
0.9547286278943052,0.19931128049633917,0.28532396565183454,0.35350175288404617,0.2803554470221137,0.17003078265467148,0.49693161031451,0.4930218628331835,0.7738705863962351,0.8141481998957543,0.35844267928710777
1,9
0.9876462294896252,0.07317293748465795,0.6483107115576708,0.7418908902029387,0.6846082365795629,0.037353194732387685,0.8027607893299225,0.7986339352133631,0.5795783125442163,0.8244045571705341,0.24537002902613034
0.9041077486535017,0.8428303060269386,0.09252258280361325,0.1893015433834619,0.1205593348450491,0.40894600917919,0.10147181549199608,0.050250288794763176,0.9349748875750572,0.7969915918611716,0.4933563641493723
0.9761939163311353,0.11885340668849234,0.4719951023739882,0.5590926315854107,0.47419938291307595,0.06640079968897677,0.6974193647904487,0.6889689188131214,0.6501056924965585,0.8366923725660765,0.26901683640378776
0.9533302085849242,0.2018131901193606,0.29881870781099323,0.3636537842098252,0.29212753477459363,0.16370492970867714,0.4800459217144107,0.47552719200887894,0.7710261833498299,0.8109510638249767,0.3632390337377763
2,0
0.9878618529825292,0.07239268634499732,0.6473051067342848,0.7452623051783246,0.6911086515403062,0.03695480827966621,0.8048862025621139,0.7995113343287631,0.5778503172021283,0.8243521881227529,0.24401245915745393
0.9036012638865375,0.8439126405704357,0.09240242989098774,0.1890505041591352,0.12062706986564858,0.411009645033114,0.09971128262223328,0.04903744852025649,0.9355184663676971,0.7966937650144941,0.4949861927183341
0.9526938450926785,0.20327411563691541,0.296158908699294,0.35897324797393815,0.28947532597167647,0.16793066401952833,0.47922828534990364,0.47549924252857734,0.7737656835465432,0.8099072172014606,0.36566474507811375
0.9759609858943382,0.12001484694776218,0.47579395020234583,0.557361065909089,0.47411460382171683,0.06719842904920846,0.6985425642780483,0.6884660929975526,0.6504625774539332,0.8366942094308901,0.2706519066655305
2,1
0.9875046834501682,0.07388975961822902,0.650963474259419,0.7448175133598035,0.6838406557704806,0.03709902502245181,0.8009913258983891,0.7958821582257531,0.5801787501169848,0.8242884548338639,0.24505420352643914
0.9042312018618995,0.8455021087981309,0.09227406473308125,0.18958367879804727,0.12094382350792615,0.4071353810523115,0.10164903250405133,0.0501983551040151,0.9352290542175673,0.7971016985015723,0.4920833135449936
0.976111478638114,0.11985162625964724,0.4664243089375129,0.5537765325243608,0.4717901035892668,0.0680113509809144,0.7002224261560717,0.6937080603142022,0.651300213068062,0.8383223058674133,0.2656175209130801
0.9536299426251411,0.19771686831450497,0.29264778936910085,0.3572928624028787,0.28764137097470427,0.1680082151338665,0.485242762194435,0.47867352773013144,0.7715510407729349,0.8116210915476235,0.35847396625611483
2,2
0.9865798140612765,0.07874896627175051,0.6516501294219152,0.7425956180879048,0.6778377567851253,0.037244836396831474,0.7878106045783603,0.7809458788480634,0.5818708763471068,0.8220137800514979,0.24894640421217235
0.9033816755885604,0.8416074583816424,0.09153425809163546,0.1883383620281881,0.12035941266710493,0.41458050055935014,0.09888475836431232,0.04839864537977745,0.9356909504119214,0.796612197267331,0.49607060039846884
0.9764132455621304,0.12080240615308674,0.45054403017554046,0.5431310516380949,0.464828681642841,0.06963889474117278,0.7085896634536303,0.7021038570712974,0.6520479807975154,0.8421822967010109,0.26687162907945877
0.9531082071530556,0.19645589923276602,0.29521207390059856,0.36141749566455084,0.2914349025460138,0.16368297514843952,0.48793296748687087,0.4842168313866426,0.771934902397564,0.811700386646996,0.3633933669526747
2,3
0.9873496255199108,0.07464244504520631,0.6573595472842892,0.7492198723202984,0.6879480082327059,0.036648313708321736,0.798317215467859,0.7922916806553414,0.5799528911487655,0.8223876401437381,0.24722565252370055
0.9039979874112785,0.8409768127799429,0.09180327868852428,0.1887252126183237,0.12045524998892859,0.4116396208145413,0.1001791320761985,0.04974093264248719,0.9351345619454847,0.7968939691693212,0.49390171981365005
0.9528624852607819,0.20441963218102782,0.2922421582548083,0.35938929880612047,0.2862462704982391,0.16770730335677486,0.47563153118871293,0.4699450304560986,0.7745953944923918,0.8117456781769218,0.3650259158310284
0.9762167328064083,0.12073406453261604,0.4656918032786886,0.5508401668834619,0.47241025641025647,0.06842249923367735,0.700446096654275,0.6936150943396227,0.6532632334837936,0.8390101968721787,0.2673812260692046
2,4
0.9031286386391507,0.8461393476610917,0.09049849447975883,0.1879579573803712,0.1190912262340833,0.4150511768005455,0.09718534253850242,0.04622641509433989,0.936707843785855,0.7965688913491104,0.49574015890407036
0.9878436007845411,0.07180878777169664,0.6469710323755804,0.7435213023321976,0.6901122241624034,0.03715726516009647,0.8047727545269217,0.8020152836951375,0.5786048567264253,0.8246608084936239,0.24493220452447317
0.9766393527022641,0.11821679180057695,0.47480267152398303,0.5585539324650857,0.4736379304280539,0.06693565748803416,0.6986705830158948,0.690519450267878,0.6511649113208429,0.8364636085981649,0.2696659503224901
0.9541556712594332,0.1977053169537729,0.296536423024775,0.3623668725082275,0.29252618726302937,0.16420921646099512,0.48861000083852757,0.4840402894027521,0.7713681773164984,0.8125810310549663,0.3588214414038225
2,5
0.9746912565073013,0.12383149174455663,0.47290914142817453,0.5546774100099843,0.468842049350524,0.06787903315189817,0.6849914939197278,0.6738727214582667,0.6541122298880974,0.8351111895548535,0.27302248799394524
0.9036859683618749,0.8424023064174202,0.09146351821965493,0.18834577064808705,0.12052905835289246,0.4133283101036534,0.0992160563977117,0.04841137941147727,0.935852392200555,0.7966943358309764,0.49447345735332215
0.953911019877825,0.19963062018930347,0.27835291080418223,0.3488609657621694,0.2755008188079054,0.1720398423426866,0.4895061909082926,0.4898826325954538,0.7784427413335769,0.8149852647726824,0.36039280095054127
0.9873408192100412,0.07492947763922939,0.6496360100027788,0.7422097249733426,0.6779564440581389,0.037372084726712856,0.8026085312834729,0.7967892548768787,0.5803130411801135,0.8241514795498487,0.24574262364845179
2,6
0.9766084566315902,0.1182690403110917,0.465626866662242,0.553109297939695,0.47242695825691783,0.06784835829070124,0.701985160212513,0.6972729356046139,0.6512173575727794,0.8390198196076026,0.26658999084062696
0.9034260837488137,0.8419177507953628,0.09279734914544802,0.18881631807188975,0.12097654118930712,0.4128903761829088,0.09940283160642244,0.04895624247290242,0.9353162459948166,0.7965761513663248,0.4949785865083528
0.952117525686387,0.2060807381683073,0.29851197982345523,0.361519886217403,0.2902038132807363,0.16629202002656585,0.4735773520160138,0.4694629898403483,0.7721958744989135,0.8091006453355255,0.3671886730606168
0.9875158339554057,0.07366601767053746,0.6517050322728051,0.7446351852936516,0.6832742686401225,0.03704119878855161,0.7988031553177986,0.7936361843402799,0.579523147069212,0.8238545299411818,0.24317043299717517
2,7
0.9762691875761067,0.11843123358815555,0.47441428286984794,0.5583643505768167,0.4706852601589444,0.06693233898226555,0.6964616287645049,0.6885035520586662,0.6518420055852856,0.8371509173276548,0.26867399079168347
0.904310553265597,0.8486789390024512,0.09251893151368884,0.18961249363731786,0.12065599375244024,0.4056483686273981,0.1012586568037287,0.049401398333492885,0.9353158997602553,0.7972240041581972,0.49192629425903067
0.9527796664791571,0.20645929068705618,0.2887767969735183,0.35395405159641813,0.2844838921761999,0.17020625869481493,0.48069774092078926,0.4758780841799709,0.7734809507275678,0.8117064101089181,0.36023378793485655
0.9875088797536056,0.0737651941741983,0.6464205684632622,0.7374676525647691,0.6819979913505094,0.03781090280529234,0.8017972239308925,0.7965386181620742,0.5803112536642842,0.8252107232302097,0.24425538111252454
2,8
0.9876528322937369,0.07287205068478955,0.6473169005778983,0.743164492770657,0.6882698969029903,0.037191091103820656,0.8049530635714476,0.8015067191529792,0.5783486669835263,0.8247339839271256,0.24375174237328406
0.90318134523886,0.846110167482562,0.09148050624309861,0.18810731528286767,0.1193481245294718,0.4147229114861577,0.09798331952924871,0.0474337667416167,0.9362024042131161,0.7966629497055074,0.49556510193041
0.9538609096983717,0.2022456494752033,0.2893380993467275,0.351361821005052,0.28213696634749263,0.16960093986883013,0.4828800626100567,0.47975599375797984,0.776107533914806,0.8124215392255566,0.36086618589019
0.9755944625515062,0.12078071156267672,0.47556848228450554,0.5579258943626073,0.47392243359985303,0.06749021290586259,0.6890964144381821,0.6814211807668897,0.6547271483315042,0.835032166464669,0.2725579006113924
2,9
0.9523823745117442,0.2004862843741379,0.2917039244908098,0.35729993122521764,0.2879435379435379,0.1691139645664781,0.4811310127295257,0.47687249857061176,0.7753871034928712,0.811035900975902,0.366403624570367
0.9877882569986105,0.07317600153983816,0.6504008615531887,0.744855048630728,0.6873479318734792,0.03707682580572018,0.804914118253602,0.8022586420603222,0.5788245165019832,0.8242220468959028,0.24534138072252293
0.9035373326051068,0.8474773657224409,0.09233585753515883,0.18873490666256554,0.12046798848829299,0.4112625574482672,0.0984280942766027,0.047370941480701034,0.9358644959580439,0.7968721382628293,0.49476532898609626
0.9762648337692873,0.1190471840195752,0.4737244058200013,0.5571828252693715,0.4743074863556792,0.06733078220719803,0.6977501082396501,0.6895809653709175,0.6516719318801695,0.836467106166678,0.2692397648538537
3,0
0.9767620020550802,0.11669250376280996,0.4762966944369793,0.5621821487023033,0.48129466162253054,0.06586297354972387,0.7033183009324151,0.6947571914630375,0.6484005546324783,0.8366006751653936,0.26687405759823557
0.9874233806385317,0.07464463640599422,0.6539214530015334,0.745088426833828,0.6835762159503168,0.03698347646599179,0.7997245326415447,0.7941631600380071,0.5796053350179948,0.8239254654384396,0.2453094305179554
0.9037759851168914,0.8437024426135065,0.0918372547354116,0.1889919209671983,0.12091286184550432,0.41057649700273846,0.1010459001868369,0.0497213803890898,0.9353538177620094,0.7969169398631728,0.4935381132732902
0.9538424517039887,0.20158531730103194,0.29373191899710704,0.35869598640970163,0.28877576671694327,0.16593947403217954,0.4907883227640499,0.48537735849056607,0.7723575273359266,0.8131826688485505,0.35870784311035264
3,1
0.9524774698240941,0.20524121976745,0.28542520491803286,0.34994067166453835,0.27993678774928776,0.17216576357668334,0.47917634758364314,0.47614976415094334,0.7750896818578195,0.8118149604169829,0.3613038636070755
0.9036915775027935,0.842543444697577,0.09276962899050906,0.18867894268707724,0.1197630829209777,0.4121837238441971,0.09925650557620819,0.048679245283019146,0.9357133986998709,0.7968629516823337,0.4943212032035418
0.9879883854117422,0.07152966799490615,0.6493676814988292,0.7461649644234426,0.6898656898656897,0.03688479798274687,0.8065055762081784,0.8024932614555256,0.5775175493874218,0.8239678746389315,0.24493683352921064
0.9762292505681845,0.11972030393432034,0.470848182466144,0.5551805664694658,0.4720561242300373,0.06777472819271828,0.6958138031356069,0.6870907599373555,0.6521684391325454,0.8372627495955611,0.26752988063926775
3,2
0.9754822844113521,0.12191723622020187,0.47062956330073014,0.5527474931781317,0.46748784984079106,0.06863369389852597,0.6925588079097811,0.6839860472490882,0.655601192056636,0.8361279096529644,0.27132842700427345
0.903712532363258,0.8447331642860527,0.09259352669188736,0.18924772439693022,0.12097304404996706,0.4099916031994299,0.09926603755600044,0.04865021770682132,0.9356859526740554,0.7966775279934876,0.4940481094481741
0.9527821327355095,0.20287049794170955,0.2968418514946962,0.36085980908125265,0.2893623261270321,0.16478567006653483,0.47881587579269624,0.4726415094339622,0.772693191966982,0.8109255794921926,0.3627995693165501
0.9875415003148239,0.07378764139725191,0.6465876060923148,0.742703746796033,0.6856701218403347,0.03735510523077719,0.8008779561812861,0.7971363575538605,0.5801100862297285,0.8251083487274998,0.24303637171781767
3,3
0.953601245086384,0.20509867942359072,0.2969555035128806,0.3628301820353189,0.2907910802647645,0.16383306534446873,0.4859546636106996,0.48083416087388275,0.7695000478216493,0.8120323945561784,0.35925551549433665
0.9877420001965783,0.07370608869452874,0.6410065344491573,0.737318336899516,0.6848564540872233,0.037854419770481804,0.8053786362336549,0.8009104103443724,0.5795976438415932,0.8256853647029165,0.2438286348174803
0.9036210272297968,0.8397143523835988,0.09228839076614254,0.18865077926782126,0.12099540670969228,0.4134084051521907,0.09936651240421829,0.04886407393145936,0.935368217865729,0.7967130335870344,0.4946531446009661
0.9759247860906742,0.12191043707299518,0.4722561822728536,0.5555036042935754,0.4717755565213193,0.06741528887334111,0.6967424862957596,0.6890310201471057,0.6511403034433855,0.837389292409209,0.2682891629329865
3,4
0.987586959731483,0.07315332101186303,0.6473856773080243,0.7424679120025712,0.6855000749737592,0.037350925592309195,0.8022826583186592,0.7974313141343925,0.5792500845877535,0.8242966595776187,0.24521618613488466
0.9038728169580856,0.8489826762132211,0.0910839745734357,0.18894597590830808,0.12035583464154886,0.40900641573682706,0.09875957818071462,0.04786291875240656,0.93578902632042,0.7968608845723137,0.4943775413292374
0.9754620889656278,0.12389277314642061,0.47318405970944954,0.555890200321999,0.46731753642322754,0.06773498069863707,0.6900293166500439,0.6822211995704862,0.6533026578727031,0.8358928024560527,0.2720585865672239
0.9537560631576716,0.1970063978847073,0.28619777895293497,0.3533519229482183,0.28313114603437184,0.1692943774987887,0.4856997241875525,0.4847839318320145,0.7757807225965317,0.8124605751004101,0.36382153705728065
3,5
0.9536426698771451,0.20035370793073765,0.2919256178125764,0.36074007144718623,0.2875366755963771,0.16664630129214963,0.4890695222770904,0.483807378203323,0.7733549629774826,0.811442555282071,0.3628643860287463
0.9036894445403337,0.8476065269599842,0.09228592826828635,0.18864248504179643,0.11964365771472385,0.41105801023734484,0.1002773951276581,0.04832870414711238,0.9357491527612616,0.7969547766519757,0.4947034970748091
0.9877624939564739,0.07221437814262657,0.6473323397913564,0.7441681017214136,0.6862678062678063,0.037060432670425456,0.8031767489016558,0.8000960548885079,0.5789310627821109,0.8242649652938778,0.24531399038730012
0.9763704355476008,0.11853112702184646,0.47731013716962195,0.5593256137954158,0.47530670387813245,0.06644877732435568,0.6988695850087248,0.6908124759337697,0.6503678410223362,0.8369283835130568,0.2694742576662472
3,6
0.9875770016622913,0.07447588027354865,0.6583583054233504,0.7494138486422338,0.6871713179956909,0.036522142055898085,0.7997894764893205,0.7940217758842225,0.5794503568786484,0.8225806349601384,0.2453539162268143
0.9029070894718295,0.8458635460447806,0.09023295944779991,0.18755824903184892,0.11953816164342479,0.4168700558743338,0.09616513402465249,0.045580933465739326,0.9365518972852758,0.7966027272374272,0.49621975521900785
0.9524645397284295,0.2021332607478167,0.29310007340347444,0.35449323956708434,0.28613343538716673,0.17100766856430016,0.4762525661654553,0.4697831596733314,0.7758839930425862,0.8109817001539417,0.36586822121717794
0.9764257115767758,0.11979349032906503,0.46774639541773655,0.5558333062648522,0.47363242142358614,0.06733811715647711,0.7033039220077335,0.6959915132227021,0.6491215168429174,0.8391131980847457,0.2671803962120721
3,7
0.9035682649360587,0.8422385737003917,0.09230004967709887,0.18884163684951766,0.12019050907939782,0.4123981590710414,0.100559498329015,0.04922813036020596,0.9353516701690712,0.7966446067921443,0.4943707989256496
0.9863884301679904,0.07860270343380785,0.6528580672993962,0.742379679619253,0.6738547758284601,0.0373458363806983,0.7899016826452748,0.7821375372393247,0.5831130339826811,0.8220097970777864,0.2490392290904484
0.9520656086342102,0.19993478087990912,0.2906837265093962,0.3534882353406579,0.28686910800731946,0.17315434610870067,0.47193761900444287,0.46899831262463565,0.7784769692177865,0.8095166157095797,0.3693836688363461
0.9764813551091219,0.11822884828262387,0.4480537300498303,0.5393800592019602,0.4649145926678967,0.07064493536107638,0.7053371108527259,0.7008062505194912,0.6540137455056882,0.8416412126693541,0.2655688155945355
3,8
0.9533608850175291,0.20337315521479982,0.2941205472698139,0.3608719818756957,0.29046976415397474,0.16507954006811243,0.48056013640048073,0.4797559937579798,0.7724113834031143,0.8113709110852411,0.36243878093309206
0.9040982319061421,0.8493881169456188,0.09163514081546892,0.18931004379043143,0.12052012564833064,0.4072388673619897,0.10012391573729845,0.04872762457668128,0.9357588144313653,0.7971390897128989,0.4930113278153278
0.9758662252997062,0.1198673753337669,0.47155975783960274,0.5558457811958233,0.47013275643981045,0.06747979897119852,0.6937327430625184,0.6855084944805447,0.654107577338986,0.8372193752366119,0.27144807416230377
0.9875392260506112,0.07386566318545862,0.6496553322134043,0.74321732342793,0.6892674136490393,0.03730023709969339,0.8020675975672231,0.7974664977665176,0.5790949597706752,0.8247370461421972,0.24320428973859295
3,9
0.9874949877506572,0.07295086074137477,0.6527121081392004,0.7443592438531543,0.6852101764382468,0.037112693350828785,0.8012782886584489,0.7966501158556768,0.5793490702546289,0.8232653822540197,0.24673102102168476
0.903539032167544,0.8401203037585634,0.09203988507689731,0.18838852871062312,0.12052456897817704,0.4145397481826828,0.09899206683784917,0.049445633145302426,0.9355482382852018,0.7965372825445383,0.49524645596181277
0.9530219619220035,0.19905486366346847,0.2974202567035202,0.3616551906930695,0.28986947591598755,0.16538292767735716,0.483271375464684,0.4796548193652186,0.772380261663695,0.8114258665970572,0.36121689177428296
0.9762714146209392,0.11770820117627803,0.4681671593657619,0.5546447446202084,0.47205875484564014,0.06791754535541461,0.6996770065208117,0.6916640890813486,0.6522315212199917,0.8381712215248802,0.269338292223406
4,0
0.9539380319982932,0.20432531684990043,0.2924842370744011,0.3607198981318821,0.28904229673460446,0.16461819446518536,0.4817271947383471,0.4780551523947749,0.7703781446292755,0.8126381164406427,0.3583572939608803
0.9035922995079502,0.8384033923208577,0.09257172131147517,0.18865653825946455,0.12065230294396989,0.4137205152029903,0.10099132589838905,0.04935141509433949,0.9350272705512268,0.796716951339405,0.49593924883193435
0.9873190753933129,0.074796364037758,0.6584088043104437,0.748625889074765,0.6843982228597615,0.03659266681004705,0.7976577326019706,0.7922549148964243,0.5791017558559637,0.8222066104076555,0.24663746804124337
0.9763359936241429,0.1183437365359429,0.4688929366524995,0.554960632068728,0.47456414946126885,0.06767969478282479,0.702296265699818,0.6967621709760075,0.6504371055960007,0.8390805077605971,0.26899453263307205
4,1
0.9766045375088998,0.11566879772547456,0.469615255938441,0.5573237671662865,0.47821384964242114,0.06716526295815145,0.7039981791973295,0.6980515979976897,0.6495639084521806,0.8379360896027542,0.26873112717913933
0.9033799106763039,0.8404775370211988,0.09166807503802593,0.18820759041169305,0.11958469174964048,0.41484522388735734,0.09981604261679367,0.04845360824742251,0.935554319363425,0.7967195463352661,0.4959738253597892
0.9526492122603728,0.20224153966892433,0.28988043880192293,0.3568640653286306,0.287792129897393,0.16930987169568962,0.48332727730105934,0.47972762093914023,0.7752336318843913,0.8112977952509283,0.36180326031617477
0.9874286745781534,0.07442630925705557,0.6557847112051235,0.7479136486891478,0.6879882363753336,0.03671798007231454,0.801081930953618,0.792696287279367,0.5790037989595899,0.8231898793469008,0.24660781409140137
4,2
0.9875067517290819,0.0729057094246538,0.6458311299136261,0.7391839069920092,0.6807482972357525,0.0376581215737502,0.8015882533210751,0.7976195306688306,0.5806060024443962,0.8246240931872276,0.24536216177665998
0.9039651100625639,0.8475308545302707,0.09306039242334146,0.18956752765822182,0.12094238519108974,0.40710878764311953,0.10054510083402357,0.0486851109590381,0.9353894302219052,0.796970048554489,0.4941806820575892
0.9536154646653817,0.1970823496899452,0.2956691950085638,0.36010089542092744,0.28976910320193905,0.16610339408505648,0.4872940132053487,0.48422979442410585,0.7722337992025944,0.8119559361737587,0.3616317870402073
0.97636503041603,0.11848374616962754,0.4742054198728672,0.5598241717717302,0.4727484156055585,0.06624927277542252,0.6982019573628707,0.6888409703504041,0.6492781355463831,0.8375302879461641,0.26747129045206136
4,3
0.9758495509644043,0.12150141331492362,0.4718737298469042,0.5544445808624776,0.4699912881731064,0.06800147902386956,0.6920796337829119,0.6832683611414314,0.6546791119687213,0.8355798096974324,0.2725822439090081
0.90331783909974,0.8458177332233326,0.09190416141235835,0.18835839300454243,0.12015486887281757,0.4136214182602247,0.09915165379849378,0.0485728108369618,0.9360447376450685,0.7966912943040286,0.49578703572187477
0.9876303672342928,0.07353453238080315,0.6457755359394703,0.7403196330365541,0.6846771462156078,0.03764519939037157,0.8036758780253201,0.7983639002506928,0.580419401074922,0.8255756201678509,0.2418910148667543
0.9542045783701987,0.2000620137420674,0.2951331967213115,0.3624828886873307,0.2896857193732195,0.16302676701236332,0.48240009293680297,0.4785966981132074,0.7732050805293418,0.8119786309496729,0.36233485858290754
4,4
0.9878434106130928,0.07234252168332081,0.6503736740597876,0.7459023972948764,0.6923181665828725,0.03688035862398495,0.8020992783730594,0.7991259711431741,0.5780195862197995,0.8235445507516777,0.24636445168160837
0.9033026980227827,0.8437242279054535,0.09170239596469137,0.18841609275059118,0.12087077215282321,0.4140874996397628,0.09827471165761154,0.04859216255442678,0.9360705154509037,0.7965811398506005,0.49536800859209923
0.97622675794262,0.12059502750000389,0.4749265234145386,0.5583798403013596,0.4752840489892283,0.06697069899618849,0.6980849834861298,0.6889122754265954,0.650275181587971,0.8370619136455286,0.26805612058505573
0.9519104427525036,0.2058401550018753,0.2953531369407124,0.3591898232587376,0.2863354968618127,0.16716359202901498,0.47678676244514634,0.47320187260604335,0.7727812298493488,0.8111062824877486,0.3656652717825021
4,5
0.9767860098944942,0.1181184746246624,0.45013173302107734,0.5437933460315667,0.46461640211640215,0.06926952571924859,0.7087592936802974,0.7055256064690026,0.6528090469107236,0.8427261476659613,0.2646933399825206
0.9043986066604044,0.8447932331777552,0.09288473092438404,0.18951658349104034,0.12074700556375995,0.40702847617605775,0.10095564335623491,0.049965425269188846,0.9351299340232524,0.7971113013050166,0.49064263471313696
0.9866016290912558,0.07711582260694344,0.653325291956796,0.7431142031988264,0.6770431352371152,0.03722991183786564,0.7889868334348695,0.7841105572032561,0.5825433019104872,0.8225616217761079,0.24812774328580917
0.9531377381824147,0.20230672756171264,0.29142036616010525,0.35625622879051755,0.2854201759311249,0.16997810666465793,0.47928255501587386,0.4747279988982233,0.7754983990726926,0.8104730094970355,0.366490399403975
4,6
0.9746898970044684,0.12549867514155788,0.4740493843956194,0.5551188824155043,0.468465912449315,0.06805687280145949,0.6872233105554613,0.6769435528067016,0.6545675078364857,0.8341769821698035,0.2730275684567936
0.9030742654917244,0.8459091101648237,0.09025641025641057,0.18758608894130158,0.11964350938709917,0.4165699266164169,0.09579639691163849,0.045824866956942656,0.9367896636259404,0.7964905440234087,0.4967632395816445
0.9875108723243773,0.07416454838031278,0.6482840773725111,0.7431821058783727,0.6850521002770139,0.03729459105239179,0.8031026099484184,0.7986812038911015,0.580002037504279,0.8242758879989447,0.24636600359409497
0.9535533899589018,0.20389783590409144,0.28444559184200335,0.3510845539685885,0.28196154967808507,0.1714778723825354,0.4857301759213184,0.4809983657703164,0.7762064659336565,0.8135201753495321,0.3601775828410068
4,7
0.9877738815125776,0.07256085931348683,0.6507957400981212,0.7462673535484425,0.6860274086551458,0.036865201417939364,0.803950831682631,0.8003993940228615,0.5783291874956962,0.8238871033627424,0.24511292537826757
0.9039971284593666,0.8465872033508521,0.09257764230991039,0.1892588277339658,0.12035963292244711,0.4082983246671694,0.09921353981804903,0.04881008817673255,0.9356128714974158,0.7969151081714633,0.4932303476397222
0.9524991615894118,0.19486914183339987,0.29569672131147545,0.357964304188693,0.28732638888888895,0.16618714956702768,0.4893122676579925,0.4876179245283018,0.7733761893465352,0.8116508777250966,0.3625332610188258
0.9762762154904702,0.12045763088235026,0.476729148977859,0.5567506186709378,0.4722988388327034,0.06738622296346439,0.6967372147099335,0.688476283545065,0.6520785957524049,0.8366473874056948,0.2669122475466096
4,8
0.9877961625534732,0.0728055662863531,0.6432925421380744,0.7404244079147115,0.6891677701536859,0.03760827455794337,0.8058537096183047,0.8025910178049429,0.5790684040641074,0.8260839880964209,0.24151962938901367
0.9038841278736349,0.8494680836618465,0.09133249264396798,0.18926680646619143,0.12024253049894101,0.40800735145784695,0.09991421218187002,0.048263183357522776,0.9359550414023152,0.7970703291207497,0.49206284168950504
0.9537089842192924,0.2014343834619431,0.2859067225822849,0.3528929205481255,0.28262549967976325,0.17049689391797218,0.49272355263537077,0.4876700307152259,0.7728605828108672,0.8136110849361935,0.36000777520603233
0.9761762621397043,0.12038741415761922,0.4763235689330825,0.5585000032976528,0.47216384101630005,0.06702758510369228,0.6936589676397099,0.6831889885555211,0.6528451401548553,0.8357526427468754,0.2704993130528124
4,9
0.9874052714122925,0.07481828645068292,0.643930069168346,0.7385267015054451,0.6791511675232607,0.037678125467813184,0.8002074868159419,0.7941703754779664,0.5806447050387388,0.8248336713355494,0.24299598144190304
0.9033748696943622,0.843743285910536,0.090924454960284,0.18819515706233242,0.11965811965811995,0.41448115478243297,0.09868547119917204,0.04736432600661378,0.9356732969808266,0.7966832309946835,0.49518294349379643
0.9753659317114894,0.12350804440172655,0.4545350418784451,0.5419816528478515,0.4619490165341694,0.0706973380158958,0.6926510933264071,0.6849138996457115,0.6569093559444754,0.8381825224062683,0.27157823335072057
0.9516320362229342,0.20533904609911818,0.29213627049180335,0.35334950309777235,0.28752670940170943,0.17195971457673442,0.46244772304832715,0.4584021226415094,0.7776326714454272,0.8086033647880991,0.3695108176833896
5,0
0.9037066681366782,0.8449572097407521,0.09153833416128504,0.18858304671330878,0.12006100894989802,0.4114712182621143,0.09875708760467117,0.04846578997522388,0.9357516486158285,0.796951217835032,0.4950255965415761
0.9877119180863705,0.073238079293097,0.6476480198298689,0.741606091716659,0.6857775036469197,0.03748691633512022,0.8044941810702744,0.7997017441483496,0.5795320425231311,0.825493095969917,0.24329903032084016
0.9526141524473307,0.2046072996984691,0.27817790916420315,0.3475780597166134,0.2733875110924292,0.1736724820646994,0.4875677981595466,0.4866068666872873,0.7775832116886547,0.8135770533148958,0.3620869511013173
0.9751217845663638,0.12093244026110997,0.4729098360655738,0.5524532639288221,0.46857787274453944,0.06885930741459764,0.6855947955390336,0.6794025157232704,0.6550275270140905,0.8350855404208627,0.2725690106704933
5,1
0.9032819028282015,0.8463705843690679,0.09110426895231777,0.18814248749394508,0.12016428767697801,0.41442639386443947,0.0980695563564995,0.04719854420074754,0.9359199544251195,0.7966222207303087,0.49618232746113455
0.9877606294775613,0.07300126932243475,0.646276022462987,0.7436754383389792,0.6862745098039217,0.0372033305956669,0.8017648345146062,0.7961480707710387,0.5793884789427146,0.8244463006717002,0.2455824747877538
0.9750281319630281,0.12286176751716002,0.46647298886352634,0.5499752403136483,0.46811400819839644,0.06902314660927544,0.6884538766803131,0.6814266380065281,0.6554727660244944,0.8355802348201898,0.2740510308019934
0.9542256515072913,0.19947623206242118,0.2825307377049181,0.34868057331021196,0.2810941951566952,0.17193177572928373,0.4856528810408922,0.481751179245283,0.7770171605714018,0.8137075629607291,0.3591107755845465
5,2
0.9035163894113555,0.8438567279092881,0.0919068162208801,0.1886634460129486,0.12057279952016803,0.41243775308814573,0.09927607121893928,0.048321747765640466,0.9357560525235971,0.7965876598909207,0.49467598452646044
0.9763351918921005,0.11947214328793121,0.47365766244109647,0.5585955427655909,0.4758180790569455,0.06687313254093574,0.6985385969929112,0.6891299365976624,0.6508969347392364,0.8375847669230437,0.2677923998892449
0.987548060050893,0.0730852007630215,0.6535361306740842,0.7471072482523776,0.6851491869542413,0.036792663885158255,0.8017392938145024,0.7971800286084052,0.5792381367871092,0.8233583172837654,0.24634000773906967
0.9537946429373227,0.19552653372308115,0.29778628694507603,0.3630057975185571,0.29151329881256893,0.16317787859509747,0.48850839823080894,0.48684754166092814,0.7707600136580539,0.8124513987488917,0.36193018251755277
5,3
0.9757716625490394,0.12287441818425848,0.4689603993793429,0.5538532674518531,0.46693163565591556,0.06780573331298212,0.6968194960760017,0.6889665346688407,0.6527613134951413,0.8368724231648603,0.2691564349384419
0.9034082893781021,0.8428334756379554,0.0922764914652694,0.1886329562040615,0.12058331130496075,0.41335708319156805,0.09864714674433739,0.04837580237307898,0.9357071395031098,0.7966144853376083,0.4951609354265625
0.9530125256495056,0.2015452574975185,0.2937754221619623,0.35962542229260785,0.2869995501574449,0.16604109256486468,0.48606646728345027,0.48222442899702084,0.7729543904899737,0.8120328893812598,0.3624138686103102
0.9875228884396233,0.07371135345567556,0.6474768099877488,0.7396190759408015,0.6840749865660898,0.03768675819874348,0.7994681765865403,0.7931377157053648,0.5806830345343237,0.8253079774215885,0.2429722599660749
5,4
0.9875701824808424,0.07368007899539547,0.6544613583138176,0.7475781317686762,0.6886243386243386,0.03676934782291383,0.8002920870950609,0.7971967654986521,0.5786500161205246,0.8233305614854523,0.24500524922753106
0.9035334189454115,0.839327035789553,0.0920071349698462,0.18852481534458915,0.12060286671685622,0.41429435314160523,0.09990947088622221,0.04964317137550106,0.935287908134739,0.7966492785715809,0.49521510767423405
0.9768812648679241,0.11763115896812887,0.4719279230456577,0.5590686971148319,0.4789503425867063,0.06658800424242987,0.7024332544778641,0.6934663963823482,0.6501852891205506,0.8375533568564877,0.2683368532850825
0.9538869042920752,0.20433244514657883,0.2938042430086789,0.3603589697762026,0.28869197251550194,0.1658166370154887,0.4842554122020556,0.4801054384017757,0.7713622251321562,0.8122329516788829,0.35855692959705343
5,5
0.9878523758502288,0.07208573307169408,0.6464816239569152,0.7446599653381856,0.6896232528001482,0.0370129240180465,0.8072416893696399,0.8050950207751517,0.5771556953643382,0.8249752756098429,0.24349826640992955
0.9037386993986095,0.8443637706031655,0.09115747640337823,0.18897545735688964,0.12063656508100945,0.41087860829610084,0.10012767075964074,0.04880884314846584,0.9356161636885915,0.7968135080647905,0.49388856852702
0.9525955255001954,0.20421398072760272,0.2933165195460278,0.3581131070025272,0.2866316020162174,0.168439098961731,0.4830712038890477,0.47651669085631343,0.7747005302862939,0.8113326673147266,0.3662689029799092
0.9763792636051503,0.1192949289126452,0.4755297880847661,0.5583987551128753,0.4730618673708105,0.06694181596459875,0.6977967177441291,0.6908728332566343,0.651334357516741,0.8375076582141231,0.269335766290233
5,6
0.9872788322367272,0.075345447156971,0.6472754560147772,0.7425706996122654,0.6854058825889812,0.037261765391573026,0.800840358133934,0.7958942333244752,0.5799793890548892,0.8235361419013898,0.24707055991911547
0.9038564238814552,0.8433780697407872,0.09243510928961773,0.18911048768704114,0.12084520417853717,0.410317031414972,0.09928748451053265,0.049351415094339435,0.935400744597185,0.7967435124859358,0.4941553196273347
0.976159136484752,0.11902672644721257,0.47046492878258533,0.5553155763124397,0.4718602587455047,0.06753255196337737,0.6984733987445915,0.6915712960098979,0.651978211587751,0.8378314426330297,0.2696316369033431
0.952866330992823,0.20456094702267283,0.2945603576751118,0.35850891073506,0.2903392903392904,0.1680479826362119,0.47271037512673203,0.46698113207547165,0.773524250506711,0.8101614422309853,0.3636695948456776
5,7
0.9523110604588768,0.20278067579280193,0.29340327868852456,0.3556233602919611,0.28590313390313393,0.16912741391641972,0.47411152416356883,0.46913207547169805,0.7758305293393541,0.8105347392648465,0.3656723205314983
0.9038000772476308,0.8512005991064657,0.09214659685863874,0.18904553696264148,0.11901672111096184,0.40777995385480353,0.09955429260982102,0.04731798873851645,0.9363075148184539,0.7971852097379015,0.49249685337666665
0.9875679784793882,0.0731151176607849,0.6566612791503119,0.747291377410934,0.6819248826291081,0.03671108340037152,0.7994921200062831,0.7931969173531754,0.5794614063123114,0.821564891754192,0.24796639112885105
0.9765440866356873,0.11961476941008195,0.4672911787665886,0.5544465330459957,0.47115949893727677,0.06737055836945995,0.7045789815306545,0.6958670260557053,0.6499212699715388,0.8392901318981909,0.26606622508076594
5,8
0.9529490222593889,0.19848891155519482,0.2965699873896596,0.3633468618344005,0.2925925925925926,0.16481252603532157,0.4847583643122677,0.48092888243831633,0.7717421325084459,0.8103945469817799,0.36457149597451743
0.9875059977745262,0.07415961870596577,0.6493397085610201,0.7425365061979499,0.6873417220639446,0.03738825347967267,0.8038517141676993,0.7991221174004193,0.5795328742648082,0.8249371338601947,0.24368710227642948
0.9040252450991122,0.8407893303678718,0.09286800743620083,0.1890286859168765,0.12070079595852795,0.4106646835324368,0.10064001839573838,0.04942618167671692,0.9351378977025185,0.7968665915129547,0.49351477044623454
0.975754080591984,0.11944477749448587,0.4720081967213115,0.5557553263294307,0.4721628679962014,0.06798623173597637,0.6934634448574969,0.6845283018867925,0.6525317159075387,0.8367937036463005,0.26875736474361905
5,9
0.9760880911201807,0.1204896832712117,0.47406611126041387,0.5588789158516775,0.4716500864041848,0.06685474374672322,0.6973459686757267,0.6879369007114136,0.6513978066959532,0.8365462786165166,0.2685537748178566
0.9036303467842852,0.8478225676137867,0.09170342015478078,0.188596733452846,0.12025105933735364,0.41143345648091134,0.09965467137169043,0.04825208313379936,0.9359590096836237,0.7968767260780453,0.49409329391393636
0.9873266469730622,0.07508503341891537,0.6444156150489444,0.7384008631353542,0.6821722109491895,0.03777534322802317,0.8015966409028911,0.7975702456902403,0.580595207871456,0.8252836542730171,0.2440460151992194
0.9533463881254373,0.20157647997296096,0.2903981264637002,0.3543208674107423,0.2858642332326543,0.16926771434563723,0.47963775610028786,0.4758405447581217,0.7742829838239448,0.8116495198556717,0.3616950032200228
6,0
0.9765675650522505,0.1196561974227831,0.45520753400767355,0.5463749160038543,0.4652603503667334,0.06933763633478186,0.7062089693901763,0.6981934965877158,0.6518002601733928,0.8398896201814788,0.2679110649827602
0.9035649402297012,0.8436364677994423,0.09266966788414177,0.18893463563510676,0.12060286671685638,0.4114598195449075,0.09919679488414196,0.04821585687750496,0.9354643758464629,0.7966385249014216,0.4958072141705323
0.9871423434567032,0.0759378103647152,0.6530128489144882,0.7435729120470573,0.6796411796411796,0.037169799499611994,0.7950241133326637,0.7896226415094338,0.5812105255132047,0.8234112637461264,0.2473785450346171
0.9536169281331567,0.2017140879308364,0.2909771524461082,0.3539251177784885,0.28254481010386523,0.16960500792872432,0.4850276615051371,0.4815034913088694,0.7761870797643959,0.8127532509068442,0.35986245458715876
6,1
0.9034338269868948,0.840471534374067,0.09154713114754087,0.1882091693549452,0.12014779202279202,0.4150780771048328,0.0992681226765802,0.04862421383647808,0.9356401099370837,0.7965563063940861,0.49558824680610125
0.954607392412277,0.19647981855156801,0.2929650187169227,0.3606263354749272,0.2896336675864235,0.16436444697248237,0.4921406199689723,0.4885455355816371,0.7711212314094739,0.8133384333783664,0.3573845160728478
0.9876075454250031,0.07408819694787389,0.6505057551447507,0.7431486166849602,0.6882665535147806,0.037173397987053394,0.8037385641593502,0.799678843837816,0.5787146372269143,0.8244954102124146,0.24480955798958806
0.9764540516085832,0.118864336458442,0.4713311475409836,0.557999632281791,0.4721253561253562,0.06653387146214364,0.7003271375464684,0.691532075471698,0.6500631924497353,0.8384914252016255,0.2680671008799567
6,2
0.9875303784542315,0.07313229163966783,0.6516512235685439,0.7458228779062608,0.6843903546802098,0.03702463005495313,0.8031625451214912,0.7987147935466229,0.5791609798814193,0.8241487900707034,0.24423257569897483
0.9039724908250866,0.8475352092651264,0.09197141656158031,0.18903699072777919,0.12033019212506396,0.40872193097594123,0.10035268325231178,0.048805031446540914,0.9356849005187152,0.7970034812059722,0.4936460980725742
0.952649517797114,0.20279437590323424,0.2978390461997019,0.36096767597020984,0.29308037641370976,0.165391203854216,0.47825842063760277,0.4744997141223556,0.7728558927394611,0.8108553360387734,0.36324278502391444
0.9758264189176861,0.12113120203591962,0.472818614489688,0.555771162652038,0.47195800018380674,0.0677367957659436,0.6952422352800096,0.6868837492391965,0.6532967473890446,0.8368050322242649,0.26961414650592974
6,3
0.9876553288706451,0.07220791270504673,0.6519066925201248,0.7467157876557428,0.6918583871988893,0.03689733803124837,0.8020546028700484,0.798201122607696,0.5783748674482274,0.8236609938416217,0.24731630759257595
0.9034856757985371,0.8456158514464829,0.0917530946804952,0.18889856851027942,0.120719227862085,0.41138924917059905,0.09923374554282682,0.048016942626107006,0.9358696289348758,0.7967233774285711,0.49480571224135766
0.9526030276438566,0.20556128354688158,0.29150521609538005,0.3560250264407676,0.28794353794353794,0.17018004325465752,0.48090571138898275,0.4759862778730703,0.7748318225339178,0.8108202845461019,0.36475495402713837
0.9766690348020125,0.11626137233855738,0.4747514109110454,0.5579575036942672,0.47460417542384764,0.06723738163874124,0.6982753367054666,0.692236313021961,0.652375308596301,0.836462647677495,0.26968057925305805
6,4
0.974709746732248,0.12173193116770059,0.47193041150886583,0.5535596487251826,0.46916681202395494,0.06828362488348767,0.6863060465822015,0.6782595302271851,0.654330139934515,0.8349667953025147,0.2733327423681545
0.9032227719155613,0.8440375004180873,0.0917533494216527,0.18833716834580472,0.11975935326189141,0.4139367772124941,0.09839035344290775,0.04740925198735746,0.9359436479486121,0.7967826309573912,0.49586129905185444
0.9876456403608603,0.07258145723006143,0.6460158793625406,0.7412508865693264,0.6837309032430987,0.03749600817980468,0.8030128362887452,0.7970153178620734,0.5799610104958561,0.8246047886169121,0.24514953909758477
0.9519642500944661,0.20940931005263347,0.2744692287019619,0.34232825486459556,0.27257017420951846,0.17742044900646053,0.4766286793832653,0.4721930095886173,0.7791619298115822,0.8125047727102716,0.3650595511563416
6,5
0.9042908042027634,0.8491271059128649,0.09254141275427008,0.18942070325568933,0.12034426694112554,0.4063727553967571,0.100566379260009,0.04854292205867816,0.9357919036150816,0.7971577042529777,0.4907456079557787
0.9875758164223951,0.07415770813725966,0.6530846318716331,0.745849074170452,0.6850593458367311,0.03684825114154096,0.8003730608062842,0.7949063270884724,0.5795897609149887,0.8230571303474679,0.2457167742448032
0.9765746484895104,0.11745376770015589,0.46938972310235566,0.5563760895233951,0.47890780243721426,0.06728957036988698,0.7021961200837212,0.6960044395116537,0.6501406881997794,0.8378957164229797,0.2688373646608123
0.9533956771750518,0.20511075795111638,0.2938318197900696,0.35989993103735474,0.28793375555965484,0.16678838394493353,0.48287020940868125,0.47696484321976373,0.7722554414408588,0.8113555565316407,0.36284954897842703
6,6
0.9034260464973969,0.8443785321828432,0.09108762586336011,0.1883557155845476,0.12043906460150111,0.4137385836074893,0.09750344385107462,0.047754046547265394,0.936187092393288,0.7966064491295063,0.4950901561697854
0.9875873701542345,0.074086229453839,0.6460195777803986,0.7399608716918243,0.6858513189448441,0.03766733216063298,0.8005803535610174,0.7966472105334601,0.5802293331522737,0.8250072338560427,0.2461073184864298
0.9539643481214843,0.1932336031191885,0.28689775997997746,0.3537160044745795,0.2843783301798569,0.16895601502850405,0.4913022503476262,0.4922655912429785,0.7741756382988745,0.8132739859092688,0.3603322479132076
0.9755056842078851,0.12241080174132651,0.47670265227242437,0.5573623618940392,0.47013179533504745,0.06731760482006577,0.6918427176836823,0.6822825586746433,0.6538235068440159,0.834766444430205,0.27217217908143454
6,7
0.9763098862171123,0.1190140548663994,0.47379781420765027,0.5581768217591913,0.47509496676163354,0.06696366991928067,0.6973513011152416,0.688443396226415,0.6510320493092621,0.8378382803234247,0.26793520723793524
0.9038597206720851,0.8449463684930785,0.09205678553320934,0.1889067535787199,0.11976091872999084,0.4106820640466683,0.10023761161997435,0.049620696362575045,0.9354654827424316,0.7968934115663429,0.4928215490220812
0.9878176718288691,0.07268115094031943,0.6471384399976665,0.7429789102376683,0.6886678630450873,0.0371861940470818,0.8053420471232586,0.8008997515611359,0.5781346515828797,0.8248764898289407,0.24108276360954367
0.9533438607570529,0.20140074514735556,0.29630250089745125,0.36354623527518937,0.2905774949570571,0.16382328636452792,0.4861476677611049,0.4814212918330808,0.770347801083661,0.8118684966718953,0.36137468082332985
6,8
0.9876548485474315,0.07352090490155777,0.6499115461728977,0.7456304474760957,0.686681424091496,0.037010766374128604,0.8048193415527801,0.8002036106963484,0.5785221023017467,0.8240793795645902,0.24299599543443096
0.9037350707935721,0.8451932828109554,0.09173532659475081,0.18851635099731562,0.12024858656983023,0.41199849541344624,0.10019839358976829,0.04891973799980448,0.9355047720696287,0.7970158235171342,0.49481560946677594
0.9529910318181574,0.19984589157070648,0.2932847601700061,0.3573955548748181,0.2879814287221696,0.16939013960317728,0.47572628390472255,0.4723410202655485,0.775377285369081,0.8105341651906992,0.365531975930897
0.97604146158601,0.11953581148103432,0.4767159802745568,0.5584257517271397,0.4730618673708106,0.06701304866834304,0.6968446822014687,0.6867771130541492,0.6509690543150836,0.8364526655267303,0.2681601891807074
6,9
0.986381069371468,0.07865371923472092,0.6521441754424058,0.7430294554917599,0.6742797305711214,0.03716791838342122,0.7875624707649129,0.7818568036986129,0.5836228589596932,0.821911371695717,0.24868344315248905
0.9035211321507117,0.8400492303384044,0.09200401472064251,0.18868636733211736,0.12108262108262113,0.4136307429889293,0.09902511190349739,0.04926838659992333,0.9352834281024706,0.7965432639914813,0.49519784111025167
0.9523686389891195,0.2023894997741184,0.3010455660255582,0.3653027972008711,0.2918321107297486,0.1622002391087647,0.4766560313789772,0.47045015599465156,0.7714039463778583,0.8103929529154619,0.3636394789594414
0.9766406185763651,0.1205641746904236,0.44913699718350547,0.5401610894266766,0.4663453694290699,0.07030346602906223,0.7074333065850023,0.702834344609758,0.6525346213568736,0.8427349169358146,0.26364416743100344
7,0
0.9761144641584025,0.1199011127204638,0.47596961215513794,0.556790885653737,0.4720079679429273,0.06742834779170308,0.6979327228216521,0.6884798281945083,0.6519350644368179,0.8366139434892582,0.2692056083238541
0.903312476417005,0.8440233481309783,0.0915824343837594,0.18859346888402068,0.12044048831613596,0.41327027340381206,0.09780996590712093,0.04774660279597187,0.9361019451844538,0.7965935326455784,0.495899170888395
0.9528111732454637,0.20508628358060693,0.292804404955575,0.35682453791917823,0.28570496509427823,0.16567788942646303,0.48046198813814245,0.4769408036871669,0.7730064808753122,0.8122902627078318,0.3604770112950213
0.9879798397837783,0.07198782783303076,0.65263403535383,0.7450971479338192,0.6846123429753324,0.03694779769954114,0.8045879691489501,0.7986436580944068,0.5782392446228608,0.8236834391009756,0.24320797355722612
7,1
0.9754509004869666,0.12083309947697701,0.4765846994535519,0.5589842107792187,0.47040598290598296,0.06690215123803685,0.6882125154894672,0.6809748427672955,0.6537046060730427,0.8347449814567224,0.2738131552869258
0.9034995288203349,0.8403414845687913,0.09088790879587272,0.1880287342610708,0.12014982573358235,0.41552219638710636,0.09867340969562027,0.048558567187050594,0.9356575030879717,0.7965617794440495,0.4956058789175717
0.9876362353239401,0.07350265612874568,0.6484183791272222,0.7429993056718438,0.6872717788210746,0.03726257488735414,0.8014817529713599,0.7970236513420144,0.5793189068758072,0.8245268885077628,0.24384175881009013
0.95370970831684,0.19720500171603605,0.2880958385876419,0.35392816746125433,0.2839798378259917,0.16935475630938998,0.4928510151558479,0.4917561683599419,0.773434787412016,0.8135079563119277,0.36005794184101386
7,2
0.9766997696314477,0.11894571073100182,0.4668687146989944,0.5577406315372107,0.4750532691709163,0.06660578301004678,0.6992596295023585,0.6920247344220707,0.6501430588649104,0.83887274250219,0.2669440395304066
0.9042043267259181,0.8435744958760834,0.09154845833687264,0.18897859595677097,0.12036667995217215,0.4097144832602833,0.10048731629331453,0.04968227588229562,0.9353410610599571,0.7970941604949762,0.4924271329041918
0.9872139275071895,0.07509173745630363,0.6512625826862236,0.7451549986143953,0.6807017543859653,0.03700240562579438,0.7992434618143872,0.7947964250248261,0.5800297316948525,0.8230685713388366,0.24824287971297815
0.9523770602281445,0.20375764974899702,0.29282331511839715,0.35674539330906097,0.286229819563153,0.169187679045143,0.4777915461930332,0.4754437456324248,0.7746276539157154,0.8100829862336696,0.36642122402718647
7,3
0.9872513202606591,0.07483219394293783,0.6502199120351858,0.7439759678200406,0.6872549311573704,0.03719975904892678,0.7985959094853825,0.7933863651304975,0.58035401526124,0.8239496458102186,0.24603403219425068
0.9042053170005668,0.8448033032954441,0.09226693161119387,0.1892879905921248,0.12057900946789868,0.4081791270217243,0.10078479966955811,0.04920907185058171,0.9352154080816397,0.797029354768367,0.49292358561517324
0.9763908682756056,0.12139051079955909,0.46646921063507374,0.5533251955342244,0.47075582369700025,0.06801848919807015,0.7002905251319858,0.6931980339305533,0.6525089826656987,0.8374838449466516,0.2684871091148657
0.9527433146929656,0.19958910054479734,0.2956967213114755,0.3593156603834057,0.28928507834757844,0.16675979615816897,0.4820225371747212,0.4746757075471698,0.774874894209071,0.8109108194131185,0.3649656208208099
7,4
0.9040608805130811,0.8474770671250276,0.0926564068250254,0.18958966258751736,0.12054479911622751,0.40681021054585115,0.10080798118503914,0.04924913361571087,0.9353826111897391,0.7970438365711459,0.4922560123894012
0.9875671915495312,0.07321442172555631,0.6532668092183417,0.7477452652812333,0.6883025723605434,0.03676280314170072,0.800428317439793,0.7952556740497675,0.5795060896921274,0.82290380276284,0.24528388325854547
0.9762357454077384,0.11925622241802789,0.4743482934694975,0.5586108665777476,0.47343655130540385,0.06663264626712918,0.6991285270278507,0.6895298484379833,0.6500608363548322,0.8379075135579663,0.26842874224983587
0.9534454365680318,0.20048915463435057,0.29253187613843357,0.355886739640467,0.28513242587316656,0.16870290899870952,0.4808205975492221,0.47689727463312365,0.7752044104013763,0.8121254091883884,0.36056950537834637
7,5
0.9036110879475163,0.8439074964605231,0.09099223468507323,0.18820352499294912,0.120347878242615,0.41328420353530176,0.09816082958325184,0.048421052631579364,0.936244141848263,0.7967291060659174,0.4949104523200881
0.9767009209766755,0.11729388809849683,0.4704655737704918,0.5569286435822034,0.47740170940170945,0.06738428527638701,0.7038215613382899,0.6968301886792452,0.6500075913007817,0.8386210132070012,0.26409470303295046
0.9876846890261498,0.0736841928507029,0.6544215288794877,0.7474896532538976,0.6893667861409796,0.03668621018372334,0.8040399195213921,0.7993372556975722,0.5778632286303025,0.8237826242882857,0.24486579070033493
0.9523048764309044,0.20396880515487312,0.2946100347739692,0.361754252677701,0.2902529569196235,0.16612017797263529,0.4823138447673764,0.47830188679245284,0.7713893914524839,0.8105839442633058,0.3648510983323752
7,6
0.987320276867279,0.07513389053104996,0.6492953695714696,0.7425795199189663,0.6854800819713103,0.03726649565571237,0.7992173742907454,0.794359483614697,0.5796642046231725,0.8243344669391756,0.24492730079835678
0.9032777262515781,0.8495474706854421,0.09148050624309861,0.18864245310101796,0.1206619134080274,0.4119583925170908,0.09886934915345663,0.04757063251539728,0.9358688696073725,0.7967562270079881,0.4959385815690207
0.9764387493823709,0.11803062824469046,0.4664408616718602,0.5527460427340715,0.4716747898566081,0.06813458272780466,0.7003287351377921,0.6946203025105253,0.6520949836711599,0.8390278988078277,0.26890817084624147
0.9534807400682808,0.20041486813689197,0.2959264778936911,0.36105515062992355,0.2905119571786238,0.1667128201912865,0.48608764222147127,0.48253287592910227,0.7708220645105159,0.8110689472946069,0.3598877379866765
7,7
0.9029540007653966,0.8471029445089072,0.09168248490077652,0.1878865730363884,0.11914829809566657,0.4158137405688535,0.09690862844844417,0.046137040714995026,0.936725752111097,0.7965024169850983,0.49602800411450876
0.9756718879026276,0.1233655511645036,0.4703789739165063,0.5534191763261525,0.46882821781607215,0.06829553497595962,0.6950318317956745,0.6869146742036513,0.65364492913734,0.8362135249392507,0.2705681506934445
0.987672941580181,0.0729324845445003,0.6459131032901525,0.7417536080471989,0.684009722471261,0.03753226057686061,0.8050146879143161,0.8015701279852221,0.5794737166813508,0.824973671849026,0.24576887860260774
0.9525010236023864,0.20945531600249284,0.2910153767950185,0.35726518594224016,0.28900814947326586,0.16860970057575186,0.46837266937552235,0.46230802983764807,0.7758005617530792,0.8108527446525545,0.3643905661206344
7,8
0.987576614549964,0.07330732347307206,0.6478688524590164,0.7415775905980976,0.6851178451178451,0.03742260141003381,0.8030145319364649,0.7993962264150943,0.5790306636326352,0.8248146923701447,0.24433176840015236
0.9037561691155094,0.8441842565294283,0.0930224894966637,0.1891733942923497,0.12074618104768842,0.41002556719430416,0.10087612785115158,0.04896179008248769,0.9352795986497966,0.7969169594942095,0.4936709074774464
0.9760770651559477,0.12020612092196267,0.47113679118516527,0.5584228451541856,0.47316799775816176,0.0668926411248109,0.697909683710159,0.6886019177234767,0.6509164132869646,0.8372897951744104,0.2684941274079735
0.9532274693330516,0.19701116405369332,0.2926841203816981,0.35737161866444334,0.2872602797975933,0.1683740539155657,0.48446429562226045,0.480484370599831,0.7743743071674888,0.8116667529153545,0.36371621436034124
7,9
0.9033643701718456,0.8417206901058343,0.09268210241676533,0.18858738134035602,0.11981966105677455,0.41342989701255284,0.09973939370712442,0.048220190624392034,0.9355141313682136,0.7967044183431286,0.4955988441123229
0.9758011567908523,0.11894120593636504,0.4659618601538976,0.5491582729402991,0.46768998197569633,0.06887207728703,0.696426674759123,0.6888409703504041,0.6534671685662385,0.8380593934907539,0.26981749360138074
0.9874694554863863,0.07417636062950694,0.648698842141465,0.741193150863276,0.684816607893531,0.037469025559093955,0.8009722619388047,0.7946958701675682,0.5802339586962091,0.82442485473939,0.24402093199950048
0.9545235905763874,0.20007343348428044,0.29118368400671235,0.3576632887157843,0.28864661148125725,0.16724489500373707,0.486081433129409,0.48242460258505415,0.7740925657271938,0.8117976968444619,0.36257180718080995
8,0
0.9876848693448927,0.07299893129037285,0.6463940021261121,0.7416935325665042,0.6846066334120942,0.037472612028702904,0.8033038557671568,0.799459076566424,0.5793615142547855,0.8250232850946715,0.24422380980430558
0.9032858614915389,0.8415837477391475,0.09208380818795481,0.18851339454875854,0.12116641528406219,0.4141663966551722,0.09802596266624292,0.04770457067904332,0.9358598719825182,0.7964647555988609,0.4962817093890245
0.9757100794166902,0.12294376152224185,0.4722814207650273,0.5560228081210784,0.47148622981956323,0.06732602346650318,0.6923482032218091,0.6833647798742137,0.6525934807139947,0.8352656450219864,0.2722478440052941
0.9535560333956761,0.20037060219038436,0.2854961832061069,0.3511171280598645,0.28322568017224514,0.17222526844692715,0.4815970941286643,0.48051274665130345,0.7776846767549916,0.8115287092264398,0.36248641452458397
8,1
0.9037010169520486,0.845159423848513,0.0919036467045834,0.18874100670636784,0.1204139775568348,0.4113924421817363,0.09820954404066451,0.0483057373892955,0.9358332530796505,0.796584623258276,0.4948445601659581
0.9765385175501518,0.11812932553614755,0.4649590163934426,0.5531067394520208,0.47150997150997154,0.067967446187119,0.7009913258983891,0.6918867924528301,0.651507360484204,0.838915524082474,0.2679955778588202
0.98744349847467,0.07396853467112363,0.649875456177953,0.7437926095941154,0.6841935711193661,0.03712215057040044,0.8003336529746344,0.7948529901993465,0.5798496674501338,0.8233165816276091,0.24533232361099638
0.9527382559088295,0.1942349958742398,0.3013164431197217,0.3648616124616074,0.2927350427350428,0.16231275408628015,0.4957755998648192,0.49133790737564315,0.7705935794133396,0.8116318959013645,0.36503026608557515
8,2
0.9033999512978131,0.8467159131316497,0.09145901639344273,0.18884167682822062,0.12064102564102563,0.4116607489526922,0.09925650557620791,0.04783018867924527,0.9359850738613077,0.796788042948888,0.49400212279652306
0.9750579114051,0.12323768318428616,0.47268434190109965,0.5542580580547725,0.468725452264547,0.06813207744715526,0.6882371839001331,0.6803633822501745,0.6548598762899153,0.8358296840620902,0.27388822840348415
0.9876178025519227,0.07357312820399242,0.6443830888697153,0.7384801924236055,0.6851202079272254,0.0377177297489151,0.8032478966934065,0.7976564051638528,0.5797684095343012,0.825094865720974,0.24414953659886696
0.9530349373258662,0.19942745430963865,0.2872451019592164,0.35078778377377606,0.28341787691381193,0.172698706015363,0.4751110708133104,0.47194354962417545,0.778008663857671,0.8118825873188079,0.35912317904833346
8,3
0.9867108980894593,0.07630689970514443,0.6557817141599735,0.7454791362361942,0.6737031300789691,0.0368998939148837,0.7889398967091639,0.7829175636317589,0.5820598546458008,0.8216256271566338,0.24815544928275238
0.9040777469198015,0.8424663571981401,0.09253187613843344,0.18904733043272093,0.12027615731319424,0.410049125743414,0.10104049881001564,0.05011480483178565,0.9352690444709346,0.7970161752297198,0.4930261986001695
0.9764154044391214,0.11750345693265032,0.4504688954112679,0.5406642468745153,0.4647855783226963,0.07036359166401558,0.7091443320725312,0.7044904012523687,0.6531970279873801,0.8423838840161779,0.26598222207632893
0.9533395376266122,0.2013756443337975,0.2942319368548877,0.3581841665128309,0.2886356441911998,0.16652153839749628,0.48225251273578407,0.4779035639412997,0.774565722883329,0.811112206994804,0.3614278896265845
8,4
0.9765867972544433,0.11644337720544956,0.4735705717712915,0.5611389498913525,0.47579505709587017,0.0663416337085614,0.69971590050473,0.6927442859334253,0.6512555420999451,0.8366296323712447,0.26840118015990144
0.9038600384147837,0.8462524385571364,0.09132111861137904,0.18866472572137122,0.1202446790682084,0.41086690628023964,0.10031707850426391,0.04918608953015152,0.9356006662000075,0.797013951293861,0.4935368935678828
0.9523115400771339,0.20844178801782667,0.29750315258511983,0.3610676092560338,0.2883629191321499,0.16477774677554996,0.4836145267372033,0.47663280116110296,0.7714249076733714,0.8113062522343238,0.3647444973150108
0.9872719988724739,0.07526137273822267,0.6568144697840423,0.748296252612158,0.6886386812586077,0.03668517654830172,0.8003950671476975,0.7946390029938034,0.5789487331680884,0.823074469615316,0.2450865040347237
8,5
0.9768122399158445,0.11701897578582313,0.46879871002418705,0.5558176151841849,0.4748493764887208,0.06706731453735047,0.7068224754707783,0.6999845344880914,0.6497862949608851,0.839211079643625,0.26500440457820934
0.9034512276579388,0.8460732834507317,0.09296448087431675,0.18898843652535774,0.12048907882241239,0.41169900654780145,0.0990164188351918,0.047916666666666385,0.9356467886575052,0.7966700771887574,0.49443583466717733
0.9539952047730937,0.20386353048907227,0.2943917169974116,0.36024080919164075,0.28967718441402657,0.16581580522267145,0.47921849232747293,0.47515959710597244,0.7725718173151409,0.8119897601628443,0.3606623070871141
0.9875979987635014,0.07397821656819203,0.651017323567027,0.74545610138472,0.6884787133014083,0.03700224353191052,0.8022621213319623,0.7973504616619831,0.5785183794748241,0.8233372860328678,0.24590228596090508
8,6
0.9875705713409005,0.07352999014875775,0.6492372495446267,0.7429251488389693,0.6869262424817981,0.0372849684388588,0.8040969640644363,0.7987945492662474,0.5794521953221192,0.8244614011529057,0.24458533780955172
0.9037360809221519,0.8401243385370538,0.09187194232254753,0.18865098995946605,0.12037409943169108,0.41283367133557314,0.10111134899472546,0.05028153709374655,0.9350885777079819,0.7968202059976893,0.4949043158460445
0.9534370446679907,0.20071654552964863,0.29508196721311475,0.3595965893065104,0.28933942887431263,0.1673776438132216,0.4723783176277341,0.46602310955097265,0.7746685465991061,0.8102034100590289,0.3667395176242457
0.9762240209041732,0.1205513062741595,0.47231926901370597,0.5557615716615217,0.469922002708888,0.06763792133090563,0.6970260223048327,0.6893442622950818,0.6521112779754757,0.8376790013215802,0.2681009555317262
8,7
0.9038854958904622,0.8434205747988128,0.09246564000662377,0.18895905150167297,0.12049267604823133,0.410214268463732,0.10048439788216718,0.04894225271583741,0.935253488931169,0.7968571741210416,0.49458545590498115
0.9874379280057971,0.07490790518203391,0.6496681604174938,0.743715040516766,0.6836916767712616,0.03720421447418244,0.7991407365482821,0.7953776849252463,0.5801672741316486,0.8239284800535663,0.24601694132952254
0.9521087158711349,0.20382517121446453,0.29526127049180334,0.36196614279769335,0.28926282051282054,0.16515001963701847,0.48025092936802977,0.47756485849056596,0.7700998762566705,0.8112708788779296,0.36343800084407313
0.9759391305719359,0.121596904330394,0.4679394065158747,0.5538892060853889,0.4703379133758881,0.06778894676008264,0.695010430881684,0.689276331502269,0.6516316665195002,0.8380047152516251,0.26892469873080393
8,8
0.9534957849933088,0.1986037008471514,0.2851457890126392,0.3498758780252823,0.282812466018573,0.1723443117018447,0.48849286302108463,0.4865331989053723,0.7749368044178984,0.8129359682178071,0.36031615025440267
0.9758511550866472,0.12063516302703742,0.4804168255178549,0.5616162492754715,0.4763687360586586,0.06640507737284781,0.6920261663928994,0.6805470235483398,0.6512890340455466,0.8346644463539893,0.27153802545009287
0.9036082135796393,0.8424420072074353,0.09121656600517669,0.18824752065889505,0.11977807767281445,0.41361896554505695,0.0989434552925062,0.04802383316782488,0.9357274366671732,0.7968557690286704,0.4948620397502129
0.9877846177129738,0.07235033762841009,0.6500930763225846,0.746664658960043,0.6916084864802814,0.03694344295396708,0.8048667565396189,0.8006773101112722,0.5784409988862202,0.8244478641887069,0.24547902720027032
8,9
0.9753376418976077,0.12199266794267152,0.47364124889463305,0.554906292995996,0.4716695629558701,0.0680359923634833,0.6906785543506764,0.6828622876379862,0.6537640660835652,0.8356488354217332,0.27105650760838684
0.9034782233499833,0.8502128206949444,0.09133727219771987,0.18862262551431147,0.11958580994113976,0.41081683254332513,0.09748457343422728,0.04687290489416701,0.9365573362439074,0.7968248465699681,0.49408037565005314
0.9876325705547997,0.07371812052835705,0.6451053864168619,0.7388518701856227,0.6827431827431829,0.03768565079040702,0.8032793414763675,0.7987601078167115,0.5802094935224826,0.8259791334608488,0.24329784489309167
0.9539027955556794,0.20400549994183215,0.27866405676535355,0.34923390723348324,0.27633201513798533,0.1716985980488891,0.48881984131387674,0.48482117713320183,0.7749381426882845,0.81428540524714,0.35890360928947823
9,0
0.9524533529476821,0.20248545155175607,0.29361916771752844,0.35932497737106994,0.2875082182774491,0.16691166068018012,0.4785816414069202,0.47785195936139324,0.7738755089801483,0.8107664230756548,0.3659124985033576
0.9757290733935258,0.1208584486954942,0.4759360453349525,0.5586548749106441,0.47444690654567206,0.0670323676195978,0.6942799883733382,0.688733597328985,0.6522338232090681,0.8354928780324381,0.27178724709468505
0.9875731727080218,0.07314164205353801,0.6505702066999286,0.7432560967747684,0.6850097031256452,0.03712412243096798,0.8022870534992729,0.7963904840032812,0.5787930114241215,0.8240604764503683,0.24613881128883597
0.9034929803556656,0.844921781947076,0.09069956175945465,0.1881098110610666,0.11977095145411976,0.4139498040945404,0.09889948102616958,0.04817859144405018,0.9361138309153061,0.7968295692659889,0.49486923490623036
9,1
0.9875009463932276,0.07436667644983502,0.6542217521593513,0.7455715913369216,0.6875593542260211,0.036923294121783246,0.80094868822534,0.7971867180631635,0.5791699942493506,0.8238213584550698,0.24333770679920275
0.9034511765697472,0.8449497358505568,0.09197493777358173,0.1890515572706689,0.12061275935621485,0.4117513241467337,0.09863952198368958,0.04824656722315479,0.9356484992491437,0.79653322434158,0.49481214030691417
0.976982371131953,0.11683320117543,0.466349949815992,0.5572202524292894,0.47512064654921804,0.06661992272131079,0.7042106061755559,0.6979899884482095,0.6483395861422144,0.8403573882141944,0.2646429607754293
0.9533141675389938,0.19655578512643046,0.29578109932497587,0.3622411155120332,0.2918971007206302,0.16429028377980393,0.48955827684233544,0.487597114317425,0.7719151288952207,0.8123995708049678,0.35999126422506755
9,2
0.9038015721029851,0.8449452321930664,0.09212605113395061,0.18893994803373865,0.12029287158820845,0.41033985020840263,0.10046805477974474,0.04934988757454306,0.9354064391579752,0.7969155958961011,0.49382612573073836
0.9760102794329341,0.12025995968311698,0.47388908266480645,0.5559812271170612,0.469406558768261,0.06751400576970319,0.6943446966700941,0.6874026495383381,0.6539925265630069,0.8372734570060252,0.2696204238604089
0.9532017740559743,0.20114088376116074,0.2931245412282848,0.35726039429317213,0.286835055491772,0.16774707996748656,0.4812739277589746,0.4762883694733877,0.773716690450091,0.8112889756458457,0.36308577348537135
0.9876281691043217,0.0729953814553213,0.6430313687673721,0.7396405887540782,0.6838001163260681,0.03755825201356368,0.8046847866634079,0.8020238950186067,0.5790003237289045,0.8251204130765614,0.24468547378820388
9,3
0.987998644602218,0.07119666836329572,0.6556026278627125,0.7504909330119645,0.6939722782419413,0.03642247474196639,0.8058560628211019,0.8024874567168399,0.5768522189897034,0.8233124699597292,0.24393733712512683
0.9035447325977132,0.8441076731043953,0.09153287138752758,0.18833968633751413,0.12034834199782635,0.41323983055578667,0.09853217337983383,0.0483952538416651,0.935997973678981,0.7966510050450836,0.4950491733045944
0.954165452370689,0.1929530580126396,0.29855494839101404,0.3628130715454405,0.293426189722486,0.1634045918811424,0.49519482307586393,0.4875751222921034,0.7685242176932805,0.8124142090553947,0.3565413569781906
0.976895729393783,0.1164190002834862,0.4742526518804243,0.5611860755548627,0.4806100217864924,0.06575524355036788,0.7053283767038413,0.6986607473177951,0.647830625890079,0.8391667730225145,0.26631120448639434
9,4
0.9039962998481196,0.8410875638970393,0.09301822418240807,0.18921299990872842,0.1207283034694207,0.41009783775120734,0.10169267639122148,0.050225074226606714,0.9348743149707683,0.7969322941653492,0.493678197077615
0.9863318896138635,0.0791647076291849,0.6492121597962754,0.7388752822372914,0.6699121326953041,0.0378155852340947,0.7853971920453316,0.779043780912255,0.5857731334483367,0.8225391585954992,0.24991454389669082
0.9760309774121763,0.12237225333242857,0.4456728936332444,0.5340846767452129,0.4581859139998675,0.0719271648912535,0.703864441946918,0.6960772268538833,0.6540676203109067,0.8415531742273725,0.265603141033666
0.9528777337402886,0.20615410442689786,0.28854981084489273,0.3511191946371821,0.2825991672145519,0.17287659847049852,0.47437803831855874,0.4696371552975326,0.7768560020201407,0.8113031706696932,0.3644024116116227
9,5
0.9751508147636712,0.1229085370727882,0.47405037984806075,0.5561621237513276,0.4688810135964608,0.06779188379142398,0.6871580983467827,0.6794600398834176,0.6540326387568369,0.8343917007712862,0.273088666297266
0.9036399284306296,0.8438658451552801,0.09209663503019871,0.18877527011603001,0.12088768930874189,0.41164360080235307,0.09835648601056557,0.04842105263157903,0.9357978964645948,0.796618322527139,0.49468506911769067
0.9875723205900993,0.07331539690539704,0.6464443188241944,0.7419172877002129,0.6837705079084391,0.037414163052324895,0.8017433662350981,0.7958100195185427,0.5801563185374914,0.8246067121378989,0.24418827708803087
0.953193303502242,0.2070785102088739,0.284432786885246,0.35154522183590364,0.2782905982905982,0.1713443343210381,0.48041635687732337,0.47743396226415086,0.7766265900697604,0.8122705953503649,0.36497628551497197
9,6
0.9535144264616904,0.20234811382111356,0.2797387295081967,0.3497340070987686,0.2781339031339033,0.17201559227163582,0.48867332713754646,0.48629127358490565,0.7758258104226532,0.8137255917014155,0.3611880647319082
0.975089902664857,0.12226907040513385,0.4751785592816815,0.5552458404268257,0.4687496305753568,0.06787398348304358,0.6898918693794444,0.678196195099037,0.6543261560622308,0.8347588933911627,0.27316217357642997
0.9033122982857384,0.8480408370568815,0.09201963884496916,0.18891211065958302,0.12027998322414563,0.41111357187276804,0.09863566886192521,0.047505028253998494,0.9361876131300679,0.796684803392727,0.49530335228879496
0.9878345968013764,0.07241738669137635,0.6471741373380717,0.742660476892486,0.687227302611918,0.03728838597797418,0.8056256011646346,0.8019263755112809,0.5784392566809491,0.825828164285729,0.24359015306498688
9,7
0.9767574287673692,0.12110237619125735,0.4738851784389125,0.5572137410260033,0.4726999871032793,0.06749321242044012,0.7014089678278029,0.6913424955353675,0.6515334579552902,0.8370187845791004,0.26721077210478067
0.9036025432956594,0.8445493533874586,0.09163514081546859,0.18847852402210513,0.11976039155526341,0.41220241136201097,0.0992851015155849,0.04772133526850514,0.9358758667129641,0.7969141889671718,0.4950361354938852
0.953040905074272,0.2050277973425257,0.2926860025220681,0.3568580854795135,0.28527284681130843,0.16843448137639408,0.47872462110380326,0.47375907111756166,0.7749593604999867,0.8117733464876097,0.3607552027436954
0.9875034266525404,0.0746019434743142,0.6511775571461556,0.7455627415031258,0.6886661851450585,0.03699328262411898,0.8022409550238232,0.7960005314908316,0.5786042424014768,0.823798531805535,0.24578318422017298
9,8
0.9759542247739152,0.11918567059919505,0.4657463330457291,0.5520081189077359,0.46986631602016227,0.068295586684642,0.6968980931023584,0.690016041555267,0.6529268331176435,0.8377645710282754,0.2705131876785768
0.9039064877840076,0.8459363402312772,0.09142562870139892,0.18866566506907212,0.12013543950716737,0.41094019901386447,0.09986570388680194,0.04828608120122502,0.935470989350483,0.7970417203238865,0.4934763271145382
0.9532439038734623,0.2015966270347354,0.2927646986318256,0.35777187305963615,0.2880920249341302,0.16606980565749715,0.4826285043463678,0.4781103702652858,0.774852601343328,0.8118480623911092,0.36288909206909276
0.9875880622213556,0.07412116749921377,0.6486202671956127,0.7421641834347353,0.6855451125913758,0.03739791000262892,0.7999312069216422,0.7957966830054388,0.5804889989296116,0.8242631254186351,0.24364215739956235
9,9
0.9037534019499895,0.8425285622944795,0.09259760013520385,0.18882517264996085,0.12065673921344022,0.4117641327281403,0.09950944697811687,0.04882318615055442,0.9354554357436287,0.7967856907320888,0.4936898084732394
0.9763364615611866,0.11650471582203573,0.4721700252705242,0.557675889512175,0.47821582604191304,0.06712481791002098,0.6989435326270625,0.6906704452233573,0.6518069582733927,0.8376464641309619,0.26845880806593914
0.9525966289928565,0.20189228585036428,0.3000256147540984,0.3636617987593136,0.29507211538461553,0.1655511416611321,0.47833410780669144,0.47308372641509433,0.7700117171471096,0.8097251341460576,0.3655783761720443
0.9874077040662946,0.0743205613507689,0.653832041190744,0.748305872272887,0.6863319859709752,0.036665358415845964,0.801484304752191,0.794973094475853,0.5789139010649614,0.8221662734105739,0.24683205595690985
