0.00672610103443283,0.31713933151852414,0.0009746780159660848,1.113837975510925,0,0.002166512744069714,5.076879304880877,0
0.023539396425040465,0.2534245392259284,0.0003879481663082148,0.9214110556878858,0,0.0006748846522523299,5.818337872107889,0
0.005743932725338026,0.4845873760311998,0.00021973507037433758,1.4941686883390848,0,0.0005158636595906596,4.907925499092997,0
0.0076860879248947245,0.27203166661932826,0.000345563307457679,0.7741461007860475,0,0.0006323305563018447,6.430815098163577,0
0.029855279326497085,0.259814068282128,0.0004068633789311229,0.9411200934177348,0,0.0007027293587391748,5.839110119866128,0
0.008353268008177428,0.31977840207386615,0.0010070332242539317,1.136686455544888,0,0.002199432309178442,5.070781334346871,0
0.002647450685250269,0.27582262129256857,0.0003383495623645162,0.7636383853438686,0,0.0006194196018454318,6.425527985500267,0
0.002646137902466341,0.4715121684812102,0.00028125566229059113,1.425888792854172,0,0.0005139265617860659,4.907230231066468,0
0.014062530525526595,0.3340942060816203,0.0010755613499972999,1.2142408411310863,0,0.0023717676480866836,5.0576389411563785,0
0.025859259986735925,0.24680754740638433,0.000405671584750195,0.939030439537418,0,0.0006809668899311022,5.827923498961378,0
0.018381342593229724,0.4596574048964902,0.0002601892824500521,1.4591370366494076,0,0.000547754666505284,4.903544480345695,0
0.0034253568136303203,0.27297172918997875,0.000334468188562253,0.7638281384517177,0,0.0006169368008152431,6.4212027005743435,0
0.010119803074051123,0.30794173622621945,0.0009408874879010237,1.0953556206746011,0,0.002053591955415714,5.078640343835511,0
0.01191227353916774,0.27512052820931626,0.0003456621310828427,0.7509768823411868,0,0.0006324411459950133,6.411199327516474,0
0.026459522254302696,0.2544059773468846,0.0003987308036875327,0.9510607947020886,0,0.0006928316206279067,5.7997140372396405,0
0.007381098248192854,0.49245029358795966,0.00027518721512183097,1.4674577536290732,0,0.0006611454828433199,4.906107315908955,0
0.012775295579996612,0.3065894106528979,0.0009492147743025965,1.1187308383306211,0,0.0020638480784507577,5.028039843593681,0
0.004270350275873025,0.2633306114374707,0.00035222272205180107,0.7625442209261594,0,0.0006336542145031583,6.421971262033834,0
0.025058346094740655,0.2754354397832567,0.00040458748558214945,0.8409926803509971,0,0.0007055756183616247,5.821132629479405,0
0.005831674750525349,0.4785503393957439,0.0002573321537291592,1.4798510663379443,0,0.0005982229315780153,4.904335752651019,0
0.006770307249855216,0.3228343358944964,0.0010249735079288658,1.2027096273699145,0,0.0021964765361160454,5.064236093440435,0
0.006175569596221148,0.27182355997244034,0.00034643737619862727,0.7881456148995253,0,0.000642740713086677,6.4199941851634845,0
0.03014598266871943,0.2611517479842324,0.0003954166422809754,0.9193868854742648,0,0.0006930506514144463,5.803295170499236,0
0.006413049585836834,0.47124332085638815,0.0002767644288770837,1.4799976105473962,0,0.0005990187637478443,4.909602785001998,0
0.027192547305778088,0.24736235092263656,0.00039192902248509273,0.9297186317772519,0,0.0006601090286468592,5.796344024007472,0
0.017719498310055044,0.3394179783234312,0.0009958892882669284,1.1295898771615225,0,0.002162856436111138,5.018119868549304,0
0.0034001894164935598,0.26643406886699167,0.0003502800264081696,0.7584135916723937,0,0.0006391149306525645,6.426585426639099,0
0.005662707802826444,0.4723285397114698,0.0002627815101585609,1.5224986868088726,0,0.0005898117929343042,4.9060572868873695,0
0.027850203965915935,0.25574741308546217,0.0004048284720605655,0.7999650141233586,0,0.0007011458773765745,5.824622821335002,0
0.02064075825600272,0.3001767092092114,0.001012142017451991,1.0839562337898048,0,0.002145947675109019,5.086246769639965,0
0.002169710973044553,0.2628186685252159,0.0003423688395217713,0.7520409420333309,0,0.0006155365175779308,6.4260749574529825,0
0.00590474439119942,0.4947306635704928,0.0002615492899236626,1.504941600660878,0,0.0006093855099512246,4.904476913836318,0
0.014761489259428773,0.30974822236455546,0.0009779233128541405,1.1224541851755045,0,0.0020763459905038394,5.063283396534572,0
0.01829848853246118,0.24861251916231175,0.0004149327355631988,0.941985528159661,0,0.0006906820929919486,5.809538290571001,0
0.005695302250194944,0.4538995181965729,0.00023792274470572314,1.476312346239597,0,0.0005858172545156054,4.914853135441293,0
0.0066326862127587816,0.26415432532139815,0.00034139886752558395,0.7597126084279052,0,0.0006241439160493428,6.419363068355856,0
0.00682223782582167,0.49731190341369835,0.0002655427737977102,1.5060026880647666,0,0.0006274017639561502,4.908708666297529,0
0.0023233542517515082,0.28560207500220913,0.00034290577859111645,0.7782752890844556,0,0.0006502606740475572,6.416023067329853,0
0.012881899343898592,0.32262898440662213,0.0010175723416259335,1.117656564719419,0,0.002188009287852564,5.061173442807469,0
0.026656556262132994,0.2633133688891165,0.0004059400387949741,0.9041764666840983,0,0.0007178277276285418,5.810812890758107,0
0.006089581728560188,0.5143623100336012,0.0002803381216014504,1.4935707615353744,0,0.0006658377513753665,4.9064519188735085,0
0.010312940348766439,0.3041530013027489,0.0009973473854508028,1.1098786265512406,0,0.0021193425258364752,5.065216414483001,0
0.026147403373612904,0.2664625527183077,0.00040569921423543634,0.8888898296722172,0,0.0007165271529693658,5.835722952318292,0
0.004330730926740495,0.27224496392936154,0.00034153005925928535,0.7980939833126091,0,0.0006375171886440716,6.434371841568941,0
0.007516781346766064,0.46979699984282614,0.0002690081048042379,1.4734563437573434,0,0.00063407430099186,4.904441067561604,0
0.0019108836605937762,0.26933888118929256,0.00034829283716233554,0.7858574371769784,0,0.0006415130696074748,6.393400563149672,0
0.017199501132535225,0.33930908884113686,0.0010019637054850398,1.1434189964793575,0,0.002288336905514762,5.001764827071189,0
0.029199043870903496,0.2510710961284498,0.0003920398998031634,0.9081493660628951,0,0.0006763794398732558,5.79225969415845,0
0.00668022908809909,0.4561608308947928,0.00023554594352902906,1.4851748212754334,0,0.0005332530136119805,4.90949257563792,0
0.0028104975191231008,0.2717390410528461,0.00034171201106630714,0.7594470607586326,0,0.000624677843644247,6.413606336885508,0
0.010364003388641074,0.30654415525995826,0.0010291445158306326,1.1049981823607453,0,0.0021794388211194443,5.076715172748502,0
0.02517301727958228,0.25962401039064015,0.0003999065685078795,0.8905046428038796,0,0.0006840615173564141,5.833073242663377,0
0.007380370311754602,0.47439750537690334,0.0002596555435858135,1.500976388885659,0,0.0006695743017522683,4.906453835835568,0
0.006706705418210196,0.2775765374022525,0.000327660821513694,0.771189575336781,0,0.0006032174751906491,6.415168336662292,0
0.018988386413603647,0.31510411633401003,0.0010069817219158339,1.101867560070251,0,0.0021593778493338915,5.074659562085613,0
0.03213030859994541,0.24837173050579187,0.00040737851983928665,0.9055777511766392,0,0.000712968307980406,5.812868147996101,0
0.004120433193214285,0.496039994863027,0.00025950830903417746,1.462223692155871,0,0.0005551127769696075,4.906802424995717,0
0.005489306737816085,0.28320920725085624,0.0003461645808473949,0.786709825405699,0,0.0006482145542035506,6.423087519526737,0
0.005094677448654078,0.30395436867531367,0.0010203598737684185,1.092286020479543,0,0.0022491939667156767,5.0650600514654665,0
0.02327032251570564,0.2551388438545605,0.0003932580714965427,0.9771473014844465,0,0.0006965372684622093,5.817170506394319,0
0.03092141179930806,0.3297684282940994,0.0010066783046347055,1.1654778285612928,0,0.002113289936108784,4.981636040618751,0
0.01029657423580313,0.2738614987606332,0.00034891492219678267,0.7199704868391745,0,0.0006355340133029842,6.425464101623831,0
0.02166233501920719,0.25599344332105006,0.0003881001999237699,0.9808979319390925,0,0.0006787533274873616,5.7955594266906125,0
0.006518935349542503,0.49273532942506737,0.00026815735357287024,1.4845487160830069,0,0.0006193580395165784,4.90448240342416,0
0.006335025170088857,0.4769939745468102,0.00028063765252305694,1.499564627903353,0,0.0005623488545397605,4.908544546494696,0
0.004589592297451539,0.2743834116083856,0.0003342941127105732,0.7462199473177121,0,0.0006053272766980291,6.407973375170197,0
0.014245967997906422,0.30959377602834437,0.0010200411357844312,1.1240392745174912,0,0.0021405535898778695,5.062466406027837,0
0.0267851394101893,0.2631089109916314,0.0004261831366417165,0.9134170175827572,0,0.0007568108511361611,5.794382293981658,0
0.004874481513954049,0.4731587116897367,0.00019533486063031864,1.4865021585598481,0,0.0004951730284731647,4.911714517961014,0
0.007558195979584258,0.32276279584610107,0.0010226586140278987,1.1573928331127552,0,0.002159161000323545,5.070419672861512,0
0.02678230977411105,0.24143845805723965,0.00040343497585694716,0.9720298664035294,0,0.0006732991253340059,5.825135223237898,0
0.004326093229401778,0.2646771414676656,0.00035802627282854627,0.7647250287014342,0,0.000652669962144939,6.438268464944902,0
0.03056389753961372,0.32698408277009117,0.000980096573385596,1.18024213019135,0,0.0020796068413726516,5.08591138284479,0
0.014803699923183075,0.24055818122197398,0.0004071623326165652,0.9072879547645507,0,0.0006892645443981776,5.811813254152326,0
0.0051391306140119546,0.47973090490629317,0.000276884220241333,1.448791608094612,0,0.0005953627601118121,4.907742740245889,0
0.007473795712819115,0.2721761967193622,0.00033434956242675036,0.7378409777112905,0,0.0006082447559832843,6.423785686439855,0
0.006902200072747278,0.3136813914673322,0.0009540643441270314,1.1504574714829148,0,0.002066866946197379,5.07761842671602,0
0.01468593428511783,0.25486307696870425,0.00040895396201959185,0.9825063913033818,0,0.0007021817919011639,5.817076724908299,0
0.017416800504885005,0.4673701412760661,0.0002891506635592382,1.4862348930757752,0,0.0005505019407426696,4.90646355093014,0
0.003929132718343803,0.2683956270193834,0.0003460055330668646,0.7585250140570861,0,0.0006298182406236445,6.417073685094035,0
0.019631216362500432,0.25430234533385265,0.00041592735826977573,0.8909018131666016,0,0.0007251751220832805,5.798808070991443,0
0.007352918061408101,0.31406981933344924,0.0009724602735020707,1.1159129548121687,0,0.002142414629916356,5.064236093440436,0
0.007798345879891561,0.27580797817969166,0.00034883106728453484,0.7396126033097897,0,0.0006270610099110098,6.432335821498625,0
0.006563044105592341,0.48067524518207944,0.0002657692357960406,1.5055219157403483,0,0.000591951333422218,4.907465518040982,0
0.0038075129784232165,0.31632126402160404,0.0009432337040538109,1.0902866591858364,0,0.002126454776273875,5.085820929582981,0
0.03666052722721409,0.26106995427422514,0.0004085834796405086,0.8888856540697203,0,0.0007028551761329391,5.826431998062533,0
0.01623518134107714,0.4782910026200061,0.0002722747543310816,1.5225484794935826,0,0.0005442988320057883,4.907607695962156,0
0.006040017561428773,0.27865624571599523,0.0003440069181471152,0.7765959832049203,0,0.0006413334387628677,6.41762916879702,0
0.02762300772141351,0.3001564912071537,0.001035959939227528,1.1298183021978851,0,0.002119368137992515,5.094238036229874,0
0.023930993365666703,0.2657143800018035,0.0004306029764570326,0.9630243909371896,0,0.0007490122000826831,5.817002685939799,0
0.006205127048367114,0.47795841581904214,0.000267247765663769,1.4770633776330726,0,0.0006248735792095335,4.90794284867923,0
0.0022382206580393027,0.27339236081764334,0.0003250709119211303,0.8319535685542625,0,0.0006062705259385225,6.390463776431795,0
0.022732374604776118,0.2600522193688605,0.0003964764916128563,0.8646955512453655,0,0.0007086474173077562,5.829908802437818,0
0.012621281506269608,0.30543751298950184,0.001057917173788516,1.1405616523400535,0,0.002249370631669114,5.080923784306892,0
0.0028320754575767715,0.26752121000111956,0.0003472710086706033,0.7745595086725288,0,0.0006318969249068709,6.432945930070591,0
0.004714539472052481,0.4806068029912493,0.0002654702259236269,1.4505790405268293,0,0.0005860664791868908,4.9051381939430065,0
0.030955000823719228,0.25350580915970283,0.0003994310615368284,0.9252916216732152,0,0.0006821948475029024,5.832589288800345,0
0.013699989512410547,0.3166398194626552,0.0009891687929896654,1.0963176110646242,0,0.002057472288065268,5.049071683269253,0
0.010054903920057617,0.26905994170561903,0.00035130895373023963,0.7346922179006201,0,0.0006312028728079344,6.431236044440355,0
0.008479964647440975,0.46575691694257554,0.00025532227258785517,1.4732603997866855,0,0.0006042602094234336,4.904979251266425,0
0.0052909956666285195,0.4858142593407709,0.00028074664215823236,1.4646002642058915,0,0.0006194395102996943,4.90551592563614,0
0.012170750938268367,0.33584564147290646,0.001050874354837299,1.1718156004649631,0,0.0023085324573580306,5.0428182248270685,0
0.024439965376334104,0.23915620059604079,0.00041386555808519364,0.9359614195262669,0,0.0007083900459282747,5.791207268648823,0
0.006059185693521374,0.2758234134704462,0.0003276620936608705,0.760097756001429,0,0.0006001465475379033,6.393848732705463,0
0.009296197557180998,0.47292108085947454,0.00022153901834036805,1.5285036184733953,0,0.0006500372082260809,4.9080302926784425,0
0.01694107403505013,0.3001322528814548,0.0010173045792175744,1.1064660373071202,0,0.0020390102878985036,5.066310211880143,0
0.022731933877671626,0.2665960445320721,0.0003940789928106743,0.9388081075223386,0,0.0007067162524789574,5.833274696310797,0
0.002051361764921794,0.26765498583612246,0.00033503761535863004,0.7838122899626048,0,0.0006115573551499185,6.422051210569933,0
0.0036374694352454898,0.49014386257473147,0.0002678260272743603,1.4122397429097846,0,0.0004853641884072551,4.908179103450263,0
0.01452734902642848,0.31918551916038823,0.0009980129795000396,1.1694228005846563,0,0.0021035320299275287,5.027505096830945,0
0.017737781967312988,0.2575377656006354,0.000392662978237297,0.8827669961342771,0,0.0006707998054010661,5.81535735116098,0
0.0067986774288014695,0.27343385297467776,0.0003462985631474613,0.7618565033564098,0,0.0006425104442499979,6.412566055022698,0
0.03031007916311399,0.2428177671518014,0.00039502792865465225,0.982150568046071,0,0.0006830908366655921,5.79103323577489,0
0.018010544348686236,0.33745975282237917,0.0009679276865359622,1.131627993973483,0,0.002179038375774881,5.023070772573383,0
0.005008434651678495,0.270060944379095,0.00034572414253214456,0.7583642607490733,0,0.000637613312328824,6.435466059102039,0
0.0061419581809306865,0.4721524799241541,0.0002509156051697057,1.4909681330474087,0,0.0006283820398708524,4.910296405145885,0
0.014707213348687222,0.3237431216132706,0.000999754267626329,1.1972134519400064,0,0.0022492302113586524,5.064520482611238,0
0.038040195685811476,0.2502524476355516,0.00039458408168831406,0.9678562683278359,0,0.0006573869641514317,5.82892038323845,0
0.005358256714116931,0.4739490242932888,0.0002619759695664499,1.45490387705793,0,0.0005374294372033904,4.907720744569995,0
0.006454514761183583,0.2667567303126022,0.00035994121679990904,0.7373870129636311,0,0.0006452570487717761,6.427020558407769,0
0.004421524059081999,0.2774639079743208,0.00034232487586414426,0.7636438819826119,0,0.0006305410804478981,6.41669698332201,0
0.009732810472618411,0.3147802758099945,0.0009591399088833161,1.0997230889048173,0,0.0021036037705193093,5.090838417064499,0
0.01634290215412916,0.4827458137586201,0.00026439353687891185,1.5130899409964735,0,0.000571038871651388,4.907166733820367,0
0.03283954081885406,0.26647344101418324,0.0003998540400979868,0.8313472154840699,0,0.0006739111878209217,5.826342558336871,0
0.008272177642963202,0.3155682325706959,0.0010114758961179274,1.0761655712783251,0,0.002312088623727746,5.041476498300146,0
0.00458249995374177,0.2687001007568207,0.0003463469250861484,0.7796507899839918,0,0.0006277327849057069,6.434441693123525,0
0.03515357962632106,0.2566793586680899,0.0003799405994146202,0.9180039929575277,0,0.0006466050037773392,5.820788369471401,0
0.005808278230954381,0.4810031083784916,0.000283499952999234,1.455816398999497,0,0.0006012606947322623,4.904901588882395,0
0.006417791001905988,0.48134850666590756,0.0002746945344932187,1.4902113800359826,0,0.0006108678728257077,4.909586845802024,0
0.011748753629838918,0.3213291049617438,0.0009551052660460302,1.1052749943211873,0,0.0020659736894480286,5.081379109208632,0
0.042153331277626147,0.25192185093235203,0.00040321687497150104,0.9027069786335071,0,0.0006727261583711293,5.80510500747428,0
0.00518901652319409,0.26619317603999254,0.0003500469071629188,0.7864366208539398,0,0.0006409906769517726,6.414639606313638,0
0.02440489343766815,0.30446034226692237,0.0010120334039607835,1.0934347801097404,0,0.002039625452291881,5.008455380982796,0
0.018250873744576082,0.2464976563022189,0.00039938420614345454,0.9857977441983575,0,0.0006960641722029168,5.808263809454756,0
0.006072143678707061,0.4920057962128293,0.0002685727548876832,1.4854718723986942,0,0.0006321225971421118,4.905674069733343,0
0.004763589063058349,0.28140731477824044,0.00034717886383402706,0.7513681007774424,0,0.0006412123914938085,6.41279035111016,0
0.010536305031075846,0.32729947843379825,0.0010853429813928455,1.1846034755543406,0,0.0023545834824816535,5.049152161693025,0
0.024465840755185736,0.2431608580343764,0.00039577823466691964,0.8976113974555288,0,0.0006751171997380302,5.799423964447045,0
0.004006007857644506,0.4932023935030461,0.00022529454448066378,1.523117284437504,0,0.0005329265805652626,4.906606105801903,0
0.006881934847545762,0.2691220849812531,0.00034230862030266637,0.7761187735856202,0,0.000631909798668022,6.406871062790332,0
0.005686934369304189,0.3138848012684822,0.000981531761258944,1.1517615595739055,0,0.002171458987530957,5.086574195439696,0
0.009157269766674275,0.2768113030360145,0.00034934816067565396,0.7409213858576281,0,0.0006469812382911894,6.428361641299648,0
0.017885570931695474,0.2533749565705161,0.00039855281404506057,0.8883432391612058,0,0.0006937145879695466,5.816334655181187,0
0.006552907076676311,0.4547102098658655,0.00023194030423276965,1.4502512357846968,0,0.0005339528597250093,4.914297356397719,0
0.021981629732559266,0.26133742517742914,0.0004043587882378345,0.8833732607044567,0,0.0006954391660096785,5.813743483663874,0
0.008105669262021512,0.3221156609933288,0.0009601302036856968,1.128374511058591,0,0.0020308510879344624,5.076466731087562,0
0.004887590685529519,0.2727402177746917,0.0003391200936433319,0.7521190733225046,0,0.0006219955207383688,6.427299061355209,0
0.00807825268054016,0.4867550517254938,0.00025640362449787116,1.4618642483573965,0,0.0006303541961084581,4.903728966333246,0
0.023668496744435837,0.3217068418538251,0.0010646984689677776,1.1513471674036855,0,0.0022267668423511192,5.064247644613554,0
0.02469463602468583,0.3030234755261497,0.00042752121041180884,0.887837012029912,0,0.0007784002512072208,5.8191934485718635,0
0.0052264454090084345,0.4864327153284466,0.00025993584385390134,1.5020585159649227,0,0.0006025461643460509,4.90700632861747,0
0.001791100471330187,0.2723487389726559,0.0003218033318043226,0.7988684872110294,0,0.0005970990826773653,6.377873191863858,0
0.010671441474899054,0.31892934696742287,0.0009960122417358452,1.1391941677458135,0,0.002236526003492905,5.064236093440435,0
0.019340011956204634,0.24539950765686938,0.00040636266146298097,0.936841137011655,0,0.0006945245421476268,5.8213814839481195,0
0.004576826385811507,0.4543986959946519,0.00027601590244604417,1.4511104467366716,0,0.0005157651643036432,4.9081760126711185,0
0.004068604597377151,0.27026601572272413,0.00034324817885465964,0.7681839792251465,0,0.0006282077787981555,6.420743246286478,0
0.013215707762316384,0.2613808114872958,0.0004165712931864516,1.0141808648889195,0,0.0007433032229371102,5.814640686543732,0
0.017881289706078236,0.3178960120407236,0.0010113855933851447,1.2585559707659022,0,0.002132958764368243,5.070823652632558,0
0.005553020249244839,0.26640360070239133,0.0003415572077368195,0.7496071371150995,0,0.0006150479208869688,6.427594995750745,0
0.005336357313933875,0.4839875416530819,0.0002748339298590384,1.4852300289669946,0,0.0006348014744155082,4.905612751154353,0
0.00888037361377246,0.3175398790503022,0.0009359191989524201,1.15397929941985,0,0.0020197072353471484,5.0808660058505986,0
0.005448491926423243,0.2681532485062877,0.0003367890433675449,0.7552895635306633,0,0.0006098009437998957,6.431626097569501,0
0.019694025073318952,0.260445280092674,0.0004040548205900292,0.8655898964407805,0,0.0006909932868886679,5.825788772395333,0
0.0070797885149428315,0.4846776618436836,0.0002655977062008418,1.4990188507506002,0,0.0006244847617581574,4.908061769823738,0
0.006744878693584998,0.4901935215411484,0.0002685079100943131,1.4836342076796125,0,0.0006260763782668276,4.904724367347274,0
0.006528481554286064,0.31240671147705534,0.0009893528359583598,1.113905535232347,0,0.0022162574118193778,5.058099765451342,0
0.020124279885661775,0.27872619850078495,0.0003951522765235807,0.8979415061656426,0,0.0006985778782964743,5.823604655513209,0
0.001467089576141417,0.26315795831698774,0.0003449415344193987,0.7629925443644561,0,0.0006275841443301961,6.423798081288242,0
0.014720163444653864,0.2518348284923355,0.0003920043693136898,0.9036084865178029,0,0.0006766172139055067,5.8152329349468665,0
0.008962696985681196,0.3198800255519438,0.0009677679258707053,1.1296110568243873,0,0.0021202561967253487,5.088015152428278,0
0.0034836632505311216,0.27315794464882587,0.0003408145237518044,0.7682521501915154,0,0.0006250582249284265,6.408432990125235,0
0.014878393263940623,0.48363527457424355,0.0002697395217544076,1.4402688115294495,0,0.000509612391235162,4.909750917504754,0
0.010479918969969575,0.4720688153221717,0.0002447959026519553,1.4785175188936586,0,0.0006129303858636087,4.910216904576827,0
0.009269773056876818,0.2777034096715505,0.00034627753000555716,0.7346496078827025,0,0.0006313892183695481,6.412763367199845,0
0.009383861759269821,0.3291643332116176,0.001016106114470546,1.1829678989419097,0,0.002283275837168152,5.079517706063246,0
0.015497864069787065,0.24747522220244458,0.0003992135109966174,0.9948676194141978,0,0.0006871716043850527,5.802635635935598,0
0.013827926658482384,0.3072842793269144,0.0009856133234039746,1.1247212288254014,0,0.0021330784971001484,5.0640248894581195,0
0.032870644758276696,0.2551755509546673,0.000395004361899319,0.9217034792938629,0,0.000671053236535103,5.82925696718752,0
0.00806744017621179,0.47493017512687175,0.00026292320489405195,1.4772924888748986,0,0.0006195651469121186,4.908460041510075,0
0.002533440235526846,0.27493192476681083,0.00036165718186326374,0.8128612379220101,0,0.0006835660583289928,6.427550591392479,0
0.0028264947886021095,0.47760651874164384,0.0002988105425273401,1.4476467632080374,0,0.0005530776631871211,4.9048957041126515,0
0.0019757233980105537,0.26947980085459206,0.00032999580565996255,0.8142566632750652,0,0.0006090565327692892,6.404779760075831,0
0.011788890304775673,0.3094820377155181,0.001006776232361365,1.1945129114593838,0,0.0020199465863746362,5.035589745652775,0
0.020242280461249887,0.2641490496673522,0.00043427264983353933,0.939912430731311,0,0.0007814044135235955,5.808639928057083,0
0.006901349647111338,0.47983975068545864,0.0002506542801547198,1.4562439995244019,0,0.0006186284428050906,4.905485325912847,0
0.007819470809177609,0.27573910818210856,0.0003392063704146647,0.7621108703647077,0,0.0006188089672047387,6.424707502391858,0
0.020327460209581996,0.3404221438412281,0.0010389295260528045,1.154486986758164,0,0.00233705575659947,5.02532040689854,0
0.03128852428994241,0.2434034794582413,0.00040762898877795436,0.9092109543146908,0,0.00068335537727723,5.798314740881784,0
0.030756648795888616,0.24586394504298717,0.0003784678323615778,0.9050758628644522,0,0.0006360799466620771,5.829737788728891,0
0.013214658910186118,0.3101461973472184,0.0010206458818746312,1.1079899201941676,0,0.002236947311318036,5.039278489866443,0
0.009433471428268558,0.2706687018893465,0.00035318883920526755,0.763828005262821,0,0.0006587994188022839,6.429619316186183,0
0.005622986712489692,0.47205146517356095,0.0002803311718171913,1.435797249209882,0,0.0005351668015740192,4.906461981781303,0
0.021961355976412876,0.24624869502163882,0.00039952458486073624,1.0193836068712379,0,0.000711668657557386,5.794557746115387,0
0.016887492659415415,0.31715497069060977,0.0009962953163107097,1.10073329324413,0,0.002078914275301758,5.041773703099983,0
0.003341823514146053,0.27209958041622545,0.0003450636125203787,0.7450341596438218,0,0.0006282399446796992,6.397143226663476,0
0.004556786584649114,0.4888636711198901,0.000265548472584688,1.5475163003245676,0,0.0005503368855418145,4.909445951072925,0
0.010518346237523943,0.2963421933680954,0.0010325673579841042,1.1347575221185076,0,0.0021355762578895,5.046527604416074,0
0.01725812356042824,0.24960765435802054,0.0004462292992045008,1.0057805405471538,0,0.0007577864833918675,5.784774352137383,0
0.006139513761165359,0.47840942145199006,0.00021149251839529517,1.5462318259752714,0,0.0006165537790322285,4.905520390880984,0
0.005173842496244363,0.2722761555239574,0.0003283984285428567,0.7391077849073491,0,0.0005998067903056519,6.399262126637619,0
0.011919262431171355,0.3257307866049575,0.0010750686949528585,1.113251773718857,0,0.00235006049547605,5.014436699167251,0
0.02970140969277652,0.2394896355644454,0.0004137017635262782,0.972232911583337,0,0.0007041393153732909,5.7964469509205685,0
0.006549280144788238,0.48178070473794593,0.0002522194726770309,1.423921686517884,0,0.0005462562155065939,4.906073981654421,0
0.00808090548475926,0.2783229930241371,0.00033376805023323345,0.7480129059507515,0,0.0006073356559861875,6.40323445112572,0
0.02165474083039813,0.25128788980176475,0.00041816298303465723,0.9675704074526491,0,0.0007226650276700968,5.782726193293716,0
0.017083270311374694,0.33784937178973473,0.0010184405807734493,1.192625291172131,0,0.00225800947996025,5.018236686277649,0
0.012240472048214934,0.27935301426332326,0.00034378570035542317,0.7418518943223404,0,0.0006341102764804579,6.415518352288736,0
0.00628025997537519,0.47514546096752597,0.00019731906251104143,1.5250778253731407,0,0.0005762324077939064,4.907464893396719,0
0.0031518706011896547,0.26237195451736284,0.00035512088854637916,0.7758676083269568,0,0.000634295498441088,6.416725704820055,0
0.031054181466287772,0.26659550635982543,0.0003896079113809492,0.8856335202543126,0,0.0006743277661249997,5.824445849593982,0
0.0094177239119798,0.31058712749549644,0.0009510939591720315,1.1048256152068208,0,0.0020615740131518217,5.063121573591966,0
0.008098953385594604,0.5346632833931557,0.00029860419127186716,1.499393595498699,0,0.000639773455455258,4.909047013908984,0
0.00734015211942864,0.47093720931607935,0.0002652490608634875,1.483229210214358,0,0.0006459874676610325,4.907468131547812,0
0.0164344181025997,0.3102454158631621,0.0010029450005052019,1.1141688743131164,0,0.002159287737607545,5.069522704546105,0
0.029457009291670583,0.2492249189741933,0.0003961577755167827,0.8926726541423285,0,0.0006754384297226212,5.818995328517622,0
0.004771804272127006,0.27579717888962757,0.0003373043523937314,0.7709474807001481,0,0.0006400415095910368,6.424892951097443,0
0.013487025787361509,0.32921439665042057,0.0009435216858764109,1.151263535199798,0,0.00205810072121765,5.074603211574383,0
0.019939164598253914,0.26535036612227125,0.0004137084338103763,0.8683598234832138,0,0.0007036277745050959,5.8334346980165614,0
0.0057560982092071875,0.4747711375983667,0.0002694077088926441,1.482675871629121,0,0.0006382974776941343,4.906298703397348,0
0.0023374161896996537,0.26709754675121616,0.00034583463436683055,0.7617603972608523,0,0.0006294366795025936,6.423992121186608,0
0.018536072777741296,0.24571291337994147,0.00039919249084547867,1.009135092935552,0,0.0006717943017383382,5.817195055707437,0
0.00598640097028702,0.3221730874406704,0.0010132344134352778,1.1450025550797172,0,0.0022119748496121417,5.050851071503407,0
0.0041040587751123014,0.2722388121138135,0.0003411786743967746,0.7671898374156843,0,0.0006290767001337293,6.425452087316361,0
0.004806924321826736,0.4898790147299455,0.0002690202868509736,1.4937603667834778,0,0.0005898844037546342,4.907680886310246,0
0.008590569417178312,0.299789660172748,0.0009857807833225647,1.1067128576882292,0,0.002135850362645348,5.069481293660822,0
0.017276051495430128,0.25322749695248203,0.00039977965577975576,0.9746994216085373,0,0.0006951051077034902,5.817270436045804,0
0.0053186804338844935,0.4770781957494674,0.0002575130158488728,1.454215104319302,0,0.0005773679605355834,4.905137844897688,0
0.010376347948493875,0.2783357246510464,0.00034529847347949374,0.7431784970436965,0,0.000633421336670856,6.43004792260497,0
0.00793446693058173,0.31269564939389455,0.0010547321670881151,1.1497396076240172,0,0.0023025281467359475,5.067357594051831,0
0.006975664584490254,0.26937106069600164,0.00034018371804048463,0.7552008034631568,0,0.0006211578128068946,6.431905039934493,0
0.020088061209004193,0.26581710235743455,0.0003849862393447249,0.8397727125045378,0,0.0006767430952863395,5.8262825959226685,0
0.012187734103114231,0.4796301134623913,0.000298583774301691,1.4837508699858937,0,0.0005028220374773826,4.907685247078566,0
0.013774162621411179,0.32317649357142253,0.0010179471463906814,1.1207826476169782,0,0.002171901201994505,5.098188474497024,0
0.022061121508967205,0.2508348112160706,0.00040081865981084284,0.9678684952869576,0,0.0006976860962420983,5.820017203648508,0
0.007434915000655854,0.4731356091055008,0.00027241901119886175,1.4539115271073655,0,0.0005746239188052588,4.904255737390577,0
0.0020603433663684,0.2762205633898839,0.00033617360853178713,0.7872525819182823,0,0.0006345119940398681,6.431611799563798,0
0.005881036032729152,0.4668231378709143,0.00024303182673890677,1.5206177058582941,0,0.0005765343553266481,4.911668459599954,0
0.006932532958791593,0.26578189650299494,0.0003507784725128889,0.7792674457216006,0,0.0006301069629840682,6.389825054441426,0
0.012313482056877892,0.31331137046401475,0.0009587081057360476,1.0792405686831323,0,0.002092739616234788,5.061172985406587,0
0.027322208669842002,0.2486396168956823,0.0004043694062054085,0.9243750071843644,0,0.0006814049839520983,5.807677107634634,0
0.00597555489832674,0.48307639710335204,0.0002855611678624357,1.4934627278969865,0,0.0006113827816027419,4.907750549193299,0
0.00021527940361942832,0.2715347868574925,0.00033441458004101316,0.779551702830807,0,0.0006138550064254918,6.400957116853287,0
0.019153275282250998,0.31412608859783797,0.0010461071627534525,1.1066066066224862,0,0.0022426216948044217,5.082390764487217,0
0.02665243840338609,0.26583225256416865,0.00040075971572525976,0.8951400340932611,0,0.0007202516287053172,5.822844902674098,0
0.004941655187702676,0.268989822039991,0.0003423684850984213,0.7558370800627197,0,0.0006151850018438099,6.424838702241067,0
0.006079352012610194,0.49201186711879247,0.0002724952658299337,1.5044635615632336,0,0.0006487001293328162,4.908243672599661,0
0.020048526358528537,0.2536186660656618,0.0003924420896046474,0.8796775741160228,0,0.0006623812922055219,5.812712345181981,0
0.005658901338094269,0.31917187869230457,0.0010106031192281776,1.128510904581466,0,0.0022487936459168216,5.088486982922744,0
0.021802779597402712,0.2493806735254573,0.00040303095683962497,0.9661974374638758,0,0.0006872857685906159,5.818211845326875,0
0.012062255030032776,0.314669195773387,0.0010007078472054245,1.0950278648589507,0,0.0021562306184786644,5.06230886554305,0
0.004946450834958399,0.27546902334671314,0.0003464081851265499,0.7927295994286072,0,0.0006400618525977804,6.418598198855966,0
0.005363033777281222,0.49252130433847713,0.0002766542967921014,1.4949242803258336,0,0.0005425185341681032,4.909648692637544,0
0.037557340739346794,0.26406005894361523,0.00040182634707402136,0.9058065829067956,0,0.0006962478529081016,5.823926210215078,0
0.009619650622846532,0.32240716928186536,0.0010099128624699851,1.1360333148325703,0,0.002239870965681782,5.045299178470126,0
0.008382011738643086,0.2735919370859274,0.00034452390924632776,0.7475307714821049,0,0.0006328455762954029,6.435762134709324,0
0.005957321076840112,0.47646426291189686,0.00027423174493195515,1.498521434973529,0,0.0005931788123032523,4.907967942986024,0
0.006617776880333961,0.4905775706781198,0.00026537965320110073,1.494709104016422,0,0.0006131324104002724,4.906197300005993,0
0.010064243068934331,0.27625122481593517,0.00034459136191956565,0.7618505243445666,0,0.000636866477722388,6.3950444043017525,0
0.01866995895173635,0.3272797241269401,0.00100001243613592,1.0872149701181932,0,0.002128203618904799,4.981430049550718,0
0.017196148244054736,0.23083880606650786,0.0004150345771493873,0.9083905723299782,0,0.0006912820011429389,5.782919635175048,0
0.02662346406077014,0.28096798199376777,0.000419745328085755,0.848069233647336,0,0.0007163249769893044,5.855306668388932,0
0.008938434486627483,0.3122930660832792,0.0009525627404470497,1.1506705599104534,0,0.0020812204286585513,5.078495258708574,0
0.003873837769360483,0.2643465733471577,0.0003430515421730453,0.7514472717178895,0,0.0006265779753973437,6.425188055375782,0
0.013888502841438957,0.4676459900475653,0.0002697723041918565,1.433053063519311,0,0.0004883656233375318,4.904386467733896,0
0.008759764087396302,0.30648231490370365,0.0010056980437729997,1.0813663300655596,0,0.002090708141481139,5.050711534363223,0
0.01662841096724492,0.2494308964771775,0.00038458409900221657,0.904002391446207,0,0.0006849753471804828,5.8019631615112575,0
0.009288907031950278,0.4717619777331473,0.00025132458330735883,1.4601615673680053,0,0.0005914384085209596,4.906153566126452,0
0.007435719416584663,0.2780421102300128,0.0003501797824881223,0.7525965123377413,0,0.0006564787182290483,6.406992156494787,0
0.003906802278905091,0.4743157101793236,0.0002190682005175558,1.519187578498629,0,0.0005688711547252892,4.907030247165805,0
0.006184550315208648,0.278338803811252,0.00034113784140997065,0.7484971966295806,0,0.0006165760398205638,6.422444728042504,0
0.012597964729893774,0.31006830989408324,0.000962408416382249,1.114193006061994,0,0.002027892403721033,5.102356283777705,0
0.026028913993546336,0.2581249991465969,0.0004016783730128636,0.9635574314642287,0,0.0006956369488332508,5.801446021999077,0
0.02745037328195353,0.2466571427184879,0.000404682433297905,0.9706788744068839,0,0.0006868422367764608,5.828774295376169,0
0.009169162529606631,0.3194214637740752,0.0009766194740881875,1.1259274503500472,0,0.002199875287415055,5.063364585597036,0
0.005809873039980262,0.27085608676690315,0.00034476479231168675,0.7481002008789577,0,0.0006288724119551567,6.433063471517248,0
0.005612416563083415,0.4624641262603398,0.00024417619317426616,1.4406220447071485,0,0.000566021935532753,4.910122189346803,0
0.024596982558488828,0.2648197735865801,0.0004391734497496983,0.9235030574715104,0,0.0007684159031165481,5.8036816900841535,0
0.0339805949129655,0.3119844712673323,0.001013309545223728,1.2507522160950937,0,0.0020413409718863617,5.046331170293226,0
0.0019370172382568995,0.27821975924750003,0.00032576436824186775,0.8066706059444456,0,0.0006059053563329545,6.392555651411778,0
0.006046694190603746,0.48984515805202183,0.0002630784858039675,1.4873082838244613,0,0.0006344939732927366,4.905466760050394,0
0.006512484375153751,0.5038009666855005,0.0002769135822818351,1.4831437846984477,0,0.000645362225004238,4.908227127117355,0
0.01697328700815342,0.31849750812990946,0.0009764787024244704,1.1787923174748811,0,0.0021784997697067857,5.044154354655185,0
0.031709146777583186,0.24493706049391029,0.0004003788877169145,0.9518623648934337,0,0.0006792216889579583,5.827483603575028,0
0.006036534190209136,0.27125164829934684,0.0003312705358587089,0.7381176713706057,0,0.0006072462045799499,6.421100775932288,0
0.007572484063227337,0.48663896854365074,0.0002623188384761952,1.4767256135847493,0,0.000612465185530251,4.901823644025707,0
0.005801832062341861,0.27316318088843417,0.00034889903687807276,0.7906219267655294,0,0.0006423701633142066,6.41321978240758,0
0.005537692875531422,0.3243190096029224,0.0009964498540205773,1.1541930245253162,0,0.0021703809813516275,5.04667577240903,0
0.018964446959903652,0.24633497725395634,0.0004065154731210892,0.9539561514897266,0,0.0006986136112153001,5.795777092360674,0
0.016631543196954618,0.4744375104001919,0.00028742759402426227,1.4518193747254942,0,0.000540128388427762,4.90503007397256,0
0.0035060359047094647,0.27841099883936016,0.00034433996353186707,0.7608235281478687,0,0.0006319813384350908,6.422863463331962,0
0.010566348073250117,0.31586491942440564,0.0009714911058919814,1.1160625940018267,0,0.002082756338770496,5.050586329829226,0
0.01788453185877445,0.2557701077830961,0.0004129577572023686,0.9042301960737975,0,0.0007349020814284631,5.823290765997353,0
0.013361633328168726,0.3137486862171683,0.0010564209471732,1.1172312270983205,0,0.0022015197426633747,5.051459430869125,0
0.031031253762421884,0.2612839347916586,0.00041285598935960775,0.8860304395775079,0,0.0007187504049458436,5.818096553034185,0
0.004335115468102762,0.4823433126813777,0.0002717692531102202,1.4498126624773626,0,0.0005269071287883739,4.904039250623164,0
0.004059631746250958,0.2690614196992022,0.0003449385533622597,0.7901259594905816,0,0.0006330875437063422,6.422195790317625,0
0.02645423464225953,0.2667007304379641,0.0003930996841470497,0.9005928213621781,0,0.0006924709970719912,5.8279342234251095,0
0.009710472383846383,0.3190995225973064,0.0009572170224640723,1.11837536587523,0,0.0021286722607495143,5.056255847492985,0
0.0008674159123080172,0.2603468606573748,0.0003549892389394137,0.7656433845205592,0,0.0006423087526784047,6.4295537248282715,0
0.003423557539338082,0.4926505939447659,0.0002537102288008925,1.5142760728028808,0,0.000533059753108386,4.907871152716129,0
0.0071824819271274765,0.2675437404728767,0.00033746606869387424,0.7323259791558352,0,0.0006163284231533863,6.436148748056521,0
0.013360351986755975,0.2579410750770187,0.00039956591665276205,0.9814165198999845,0,0.0007047097494526236,5.836519956447867,0
0.014269449264990741,0.31101766250698715,0.0009838835534795721,1.1638137498952936,0,0.002000725442065743,5.092686067800101,0
0.00811641666967406,0.4792207811519128,0.0002701114694643333,1.4135005973036174,0,0.0005877203923381966,4.907792353127435,0
0.012892960195484797,0.3209078281030851,0.0009916818239577149,1.1587888033651763,0,0.002125202294788506,5.086699492005005,0
0.024215565419406365,0.25662708545961815,0.0004051292873592066,0.9095811138020863,0,0.0007079812748468621,5.820284818843768,0
0.006493658212172411,0.48844356134496114,0.00019922461395421504,1.5796226873660193,0,0.0005920101228715692,4.9129983981341345,0
0.004865821422869204,0.2667848224559695,0.0003379219774943681,0.7515137720584326,0,0.0006056940178837466,6.420529526305466,0
0.005310527079947863,0.27801521999488416,0.00034264432663063554,0.7824079142557384,0,0.0006363130732751827,6.408072524516944,0
0.02818035722437067,0.24749146095806596,0.0003999584365089231,0.9212464348874488,0,0.0006778112915914326,5.778089129580241,0
0.024121008809518958,0.3177909868853394,0.0010366543811677746,1.1458818246639304,0,0.0021803243486717533,5.020724746219369,0
0.007646571300307072,0.4531436670323004,0.0002470160993185265,1.4780146899422217,0,0.0006228454521633277,4.907985470978171,0
0.00928237135796521,0.31049007104731513,0.0009947559505391744,1.1090009055913004,0,0.002202789893664742,5.0782183140531245,0
0.0347856080885026,0.25468786286627165,0.0004100052195178986,0.9406487037361233,0,0.0006973361042677146,5.828373300982787,0
0.0049995142540814885,0.47559894575532163,0.00027344099023699425,1.4930286089111435,0,0.0005809706698906325,4.909894893133913,0
0.010993267432280046,0.2699550986687654,0.000356454945417948,0.7607983207464919,0,0.0006566958651719654,6.422119297587402,0
0.005584645763637458,0.2776248185630617,0.00033949043782310196,0.767100518510957,0,0.0006262251158697823,6.422680924500764,0
0.021214365663418513,0.24781929854046852,0.00039693520399701015,0.9358501784006518,0,0.0006781413162900439,5.822177652744261,0
0.005843594356808382,0.3079214984288591,0.001054032014688249,1.118807971045738,0,0.0023215266970796253,5.093173787785516,0
0.005477340318214272,0.4735149748159138,0.00026465867279075006,1.4927755089487489,0,0.0006238588863956094,4.907296181122377,0
0.007690018610452445,0.33679511369755405,0.0010074749316953215,1.1322354217156034,0,0.0022751042751336754,5.023070772573384,0
0.0323175786638137,0.24834107485106555,0.0004034856041283389,0.8938922269008711,0,0.000678898690327558,5.787281379436319,0
0.00923312262411357,0.45941413535638403,0.0002722414239720966,1.4759364358605551,0,0.0006694216162778636,4.9077240601025,0
0.00270276870666461,0.26921152355048983,0.0003339456423503032,0.7670913256375846,0,0.0006129237033771341,6.404179598802879,0
0.005018913427714183,0.2749979880432818,0.0003372156344602772,0.7655434336291147,0,0.0006168613954635857,6.414293763600346,0
0.026130338847781057,0.27099780775740173,0.00041540766275644046,0.8649627826026347,0,0.000725245881781561,5.810429514917827,0
0.010796613592909565,0.3020922830890161,0.0010051058137003834,1.1027914479919607,0,0.0021707955050116446,5.128135705265322,0
0.004085967602045253,0.4976918759485306,0.0002660721644867696,1.4411991339169123,0,0.0005663799063226515,4.904275382298505,0
0.008967788263243875,0.2846545356494157,0.00033954915853910613,0.7452185741920182,0,0.0006347880655987542,6.410734346855198,0
0.019073359173655526,0.23809317900776955,0.00039779129920520904,0.9606525895261915,0,0.0006928788900743496,5.801058420286415,0
0.026327093072661456,0.3457389552848801,0.0010595804734101866,1.1727453842542546,0,0.00235732691330803,5.009597794243085,0
0.005160842681861837,0.4989951904684182,0.00024243117177091152,1.5562964672112023,0,0.0005822152882198728,4.908709494961924,0
0.016948969835064158,0.3191597105174388,0.0009686242347546475,1.2132362566757864,0,0.00201634274644603,5.0570774452740705,0
0.017405721825294554,0.29898312938946975,0.000418358156864782,0.8735425205893693,0,0.0007744490625985148,5.835299102504397,0
0.017929851286069318,0.4850978709032513,0.0003034016493460955,1.4781318371777141,0,0.0005838727602159205,4.906666444079045,0
0.004643941816079716,0.26402699637080596,0.0003334016091075025,0.8008970413751042,0,0.0006111604836503692,6.409204433836335,0
0.0064732663370587265,0.46021585361844153,0.00023662213838607191,1.4547712930792902,0,0.0005259549894885894,4.90989035086017,0
0.012713587435929645,0.2988286362170288,0.0010351405873033456,1.0960106298713952,0,0.0022601106415703447,5.057210316086094,0
0.025005254660941202,0.25304046710717215,0.0004004519425584702,0.9669979432995668,0,0.0006855706112735402,5.82208153363157,0
0.005600895658571969,0.2677896331626784,0.0003514086885787852,0.7379407686050521,0,0.000635872547152917,6.44907576204915,0
0.007945513750943885,0.47808327346430285,0.00020154467955897545,1.5364165802974592,0,0.0005989763611360061,4.909888609039081,0
0.019077802061411853,0.3237926386905805,0.0009683009455752939,1.1453361996300948,0,0.0020542681173606617,5.063336481060368,0
0.03001477939404701,0.2699110449534654,0.00039742836013764086,0.9388100216280395,0,0.0006811884570825662,5.849933848303321,0
0.006611172738775539,0.2712476269477333,0.00034790856611620385,0.7807711479289751,0,0.0006367181385288506,6.417057679753915,0
0.020358710970799568,0.25463192764905973,0.00041306964365903044,0.9383908773124822,0,0.0007275231579580903,5.814314225327822,0
0.00861543628106206,0.3149062766010915,0.001036945906833432,1.2306639973137838,0,0.0021454539999364005,5.088634375367558,0
0.0067820282343932226,0.2688785736186949,0.00032930476719771794,0.7665771432426448,0,0.0006032723696417623,6.422213463486782,0
0.007277765400192895,0.47230079858107477,0.0002815983757372897,1.487878325458789,0,0.0006312142793464714,4.9066683160983064,0
0.014531152950041717,0.3035974613206092,0.0010455791314286545,1.1280170023999554,0,0.0021268535650151897,5.033088580730313,0
0.024423841819495494,0.25299630759078284,0.0004091479486917078,0.9735803711158719,0,0.000706698500062287,5.806622047488773,0
0.005830959509998707,0.4906628185816949,0.000257720371891318,1.440537081474919,0,0.0005494146833475341,4.906294767863611,0
0.007132991933549937,0.27283605003421474,0.00034208251930128926,0.7774740644655371,0,0.0006332485136336249,6.427868690616504,0
0.011473200930335464,0.3160813767923442,0.0009672490874592813,1.0932699433769928,0,0.0020854535850353276,5.054798898521418,0
0.018494506724055948,0.24309466960555656,0.00039775885057442405,0.9356439571348505,0,0.0006738935909273709,5.818726436783361,0
0.004155906650657865,0.48068133316282835,0.00027884937666433266,1.4574515766081118,0,0.0006062519238269179,4.906255419610581,0
0.005520541923937666,0.2682562533021538,0.0003471720311856115,0.7492889830939777,0,0.0006288893878333335,6.423117604123679,0
0.005287388485526748,0.4661335700153659,0.0002752703703753543,1.4932063722537652,0,0.0005611793254795534,4.906476159692076,0
0.004989385567481713,0.27268295696066314,0.0003544285706430887,0.7794950650640198,0,0.0006603553719652209,6.391757521517729,0
0.02032783832783777,0.33112800825252414,0.0009282895554321477,1.1595077271516327,0,0.002034030015703871,5.028090762133045,0
0.02679686256645792,0.23792779229555747,0.00040781438510717103,0.9166551350632377,0,0.0006970712772675258,5.81240222467981,0
0.007047681839668363,0.30887083130368764,0.0010217564132876124,1.1053895013662955,0,0.002201138265449488,5.05948830562296,0
0.02910131836759331,0.2559041868770192,0.0004102484443615899,0.8861363700544019,0,0.0006917712123111406,5.802858575030147,0
0.00798988881938294,0.4580098162265713,0.00023269542548208372,1.4775931173661647,0,0.0005709240713960719,4.908336191012806,0
0.002768383681431258,0.27472881179681735,0.0003519168186389129,0.7762220537527725,0,0.0006562226705438398,6.4229358708068425,0
0.020048074332847353,0.3186170841133729,0.0009496393745397481,1.153048259586646,0,0.0020600151260602374,5.0389559868228675,0
0.02019598483065259,0.26649083967263193,0.00039904159332511266,0.8791121701796648,0,0.0006897973011575365,5.8295174779751955,0
0.006705242237095507,0.4937885463623177,0.00021969032779183134,1.565496947177097,0,0.000627456081370361,4.907990516485702,0
0.0022070183006549504,0.2701407583523127,0.0003453457410198891,0.779333376942479,0,0.000645355518922474,6.429311774102054,0
0.012018318984292113,0.32334184090527746,0.0009896461482270273,1.1866231806672962,0,0.002185502216665117,5.05099284113408,0
0.01907733247272203,0.24400010518375298,0.0004047071414222578,0.9107635227584854,0,0.0006914020941369647,5.806370645202271,0
0.006356141619477097,0.48519058102505425,0.00024450014695559774,1.4837523172023719,0,0.0005730548323925952,4.908905036475936,0
0.007006763385938142,0.2707059486631672,0.0003372896603154839,0.7675983560497597,0,0.0006284117321606556,6.407173452442181,0
0.025781677084476762,0.27290030160789697,0.0003904344664667032,0.8557254720028805,0,0.0006842098369980777,5.853900480358275,0
0.012424640857573804,0.3221405389110265,0.0009108560333447765,1.1123951542385457,0,0.0020412013297591717,5.096516184280775,0
0.002875395114207646,0.26956458198756195,0.0003492657483874714,0.759618412820781,0,0.0006385910265872591,6.437732404562283,0
0.007744310104442851,0.493708329812582,0.0002865051899138366,1.4795241664750753,0,0.0006140684244968324,4.9088016439676,0
0.018315121602962954,0.26248949170456165,0.00044920001496468956,0.9183678274690305,0,0.0008021705281258724,5.799947586647816,0
0.013841561577269838,0.3201541711791455,0.0010229409575553574,1.1874064223464116,0,0.0021396024821792215,5.069380117971872,0
0.001279023538378582,0.2687462926509663,0.00032491842609947823,0.8031712854380461,0,0.0006004646472254397,6.379854986225449,0
0.004481994541392441,0.479025159119963,0.00027538193148568307,1.4818218529528941,0,0.0005947306051788633,4.90597606724848,0
0.004302366738404673,0.49050557494982217,0.00028052012302086994,1.4447226415286227,0,0.0006070388312647603,4.9069305117137825,0
0.0031318344066575965,0.2725043593385014,0.00033694566106062465,0.7782003964253891,0,0.0006197047958738133,6.400004656522937,0
0.00962117138246149,0.3307624265264291,0.0010552094045151346,1.1265534157889738,0,0.0022824762965292025,5.0164866835530315,0
0.017502349400466848,0.24614285242325726,0.00039951016665691456,0.9975010124971764,0,0.0006759127571138503,5.788211486902105,0
0.012392254016557865,0.3302698539245959,0.0010085382512708138,1.1259162475123554,0,0.002209509421535092,5.067820124241593,0
0.033383528755898985,0.24224026441283003,0.0003928085625945002,0.9214234862368749,0,0.0006586659659134563,5.8076651327803015,0
0.005773474569753089,0.4831386484463911,0.0002617231074479065,1.5121751883382004,0,0.0005791548187938306,4.909940667227613,0
0.018765614715663764,0.2723022880675616,0.00032310388387882304,0.7950464853404929,0,0.0006092689104744697,6.397802939569487,0
0.006081203965523772,0.479917679390103,0.00027299405702459293,1.4655084775261646,0,0.0005723318129633085,4.905811916136172,0
0.004923957213634048,0.3131349308365256,0.0010112453711305764,1.110880300568128,0,0.0022666913826345212,5.063364585597036,0
0.036560431890242946,0.2502408837494588,0.00041531247076228987,0.9127837598226384,0,0.0006926732663282459,5.813976448719196,0
0.009274510249341256,0.2806293715700528,0.0003356531440440053,0.7418334309240472,0,0.0006127570964946251,6.434456049046155,0
0.005136979689922584,0.46788453929703044,0.00026556123148740085,1.4442674712921129,0,0.0005418583822127538,4.905185072964652,0
0.014683184503450589,0.31017136121769906,0.0010200926422450278,1.105529733835297,0,0.0021481346511298014,5.067754674057566,0
0.02407328182460547,0.2585836152179434,0.0003986084865648035,0.9462083438890901,0,0.0006998987161516531,5.810765748110266,0
0.0038696088278543928,0.26944929227875064,0.000347686931748062,0.7782451124852571,0,0.0006333409691649575,6.413991248133908,0
0.01633871867575511,0.31723167022585574,0.0010101456545242628,1.2604319909295514,0,0.002108487085723023,5.092481029441137,0
0.019996842386388256,0.26819625192446334,0.00039231381873014914,0.8406242712808015,0,0.0006782105169489737,5.837868356358071,0
0.017576268822346502,0.4783067134875304,0.00028423526143061157,1.463253147243964,0,0.0005823412646234503,4.904995211818657,0
0.0089308116826258,0.2756552730759995,0.00034915274938067306,0.7273903388014612,0,0.0006294423290427951,6.434506788706399,0
