[4.8758620689655165],8
72,105,118
[7.3809523809523805],11
15,20,106
[5.746666666666667],9
44,67,138
[7.406593406593407],7
12,22,101
[4.762315270935961],9
70,106,109
[5.019540229885058],7
73,102,116
[7.78021978021978],7
13,18,104
[4.955172413793103],10
73,107,113
[5.088669950738916],10
71,102,108
[7.395238095238095],11
15,21,106
[5.803076923076922],11
44,65,143
[8.307692307692308],5
10,14,106
[7.521978021978022],11
12,19,102
[4.851851851851852],10
65,97,108
[7.7142857142857135],11
12,20,108
[7.653846153846154],11
12,18,98
[5.695],10
45,67,134
[7.450549450549451],10
14,21,102
[4.61576354679803],10
71,106,111
[7.9120879120879115],10
10,19,105
[5.558333333333334],11
45,67,134
[5.813846153846153],8
50,67,141
[4.907407407407407],6
69,106,104
[5.783333333333333],9
45,66,133
[4.756321839080459],10
77,106,109
[5.718333333333334],11
44,63,138
[4.706896551724139],11
72,103,114
[7.686813186813186],11
12,20,106
[5.0061576354679795],10
69,99,114
[5.321428571428571],9
67,99,114
[7.5],8
14,20,106
[8.016483516483516],9
9,18,104
[4.738916256157636],11
70,102,113
[5.779999999999999],10
47,66,136
[4.860837438423645],10
70,103,115
[5.698333333333333],9
46,66,134
[4.985449735449735],6
72,100,107
[4.873015873015873],10
70,98,103
[4.929885057471265],8
75,105,114
[7.7142857142857135],11
11,20,100
[5.5600000000000005],7
48,67,135
[7.467032967032967],9
13,21,101
[7.247619047619048],10
15,22,105
[5.693846153846153],8
45,69,137
[8.153846153846153],10
10,15,105
[7.071428571428572],9
14,22,100
[7.59047619047619],11
14,21,106
[5.703076923076922],7
48,70,140
[5.533846153846156],10
50,69,134
[4.86551724137931],10
72,107,113
[7.79120879120879],10
11,20,100
[4.741379310344827],8
73,100,112
[4.923645320197044],9
70,103,110
[5.658333333333333],10
47,65,132
[5.646153846153845],11
49,69,137
[7.538461538461538],5
13,19,102
[4.799261083743842],7
70,103,112
[5.015873015873017],7
70,102,107
[7.571428571428571],11
11,21,104
[8.025641025641026],9
8,17,101
[5.628333333333333],8
48,70,131
[5.583333333333333],11
48,66,135
[5.438461538461539],10
51,65,136
[5.661666666666668],11
47,70,132
[7.871212121212121],11
8,17,92
[5.799999999999999],6
50,65,137
[4.962962962962962],6
68,102,108
[7.747252747252746],11
10,20,103
[4.788359788359789],8
71,103,104
[7.401098901098901],8
14,20,104
[7.3076923076923075],7
13,22,102
[7.758241758241758],10
12,18,104
[5.631666666666666],7
46,67,132
[7.6923076923076925],9
13,18,108
[5.41],9
46,65,135
[7.521978021978022],11
13,21,103
[7.434065934065933],10
14,19,103
[5.052910052910053],8
70,105,104
[5.698461538461537],9
51,70,135
[5.706666666666668],11
49,63,137
[8.25],10
7,16,97
[5.8015384615384615],11
47,65,145
[7.171428571428572],10
14,22,105
[5.7738461538461525],10
48,68,142
[5.651666666666667],11
46,64,134
[6.500000000000001],6
54,26,120
[7.434065934065934],11
13,19,100
[5.496923076923077],11
47,69,135
[5.652307692307694],10
46,69,138
[5.680000000000001],7
48,65,130
[5.556923076923077],11
47,69,138
[7.4190476190476184],9
14,21,108
[4.702380952380952],8
69,100,108
[7.999999999999999],9
8,17,99
[5.515000000000001],11
48,64,131
[7.554945054945055],10
13,20,106
[7.846153846153846],9
12,18,100
[7.890109890109889],7
10,20,103
[4.828817733990148],11
69,103,116
[5.573846153846155],10
50,66,137
