[7.258241758241758],11
13,22,96
[5.6000000000000005],9
47,67,136
[7.483516483516484],10
12,22,105
[5.021367521367521],7
67,99,103
[7.862637362637362],10
10,18,103
[6.550000000000001],6
52,27,113
[4.7844827586206895],10
67,100,115
[7.6208791208791204],11
14,20,100
[8.016483516483516],10
10,17,104
[5.181216931216931],11
68,101,109
[7.3999999999999995],10
14,21,107
[5.611666666666667],7
48,70,128
[4.879310344827586],11
72,103,114
[7.126373626373627],6
16,21,102
[4.821428571428571],11
73,101,106
[5.669230769230769],10
48,68,138
[7.637362637362637],11
11,21,99
[4.9088669950738915],10
69,103,115
[6.171052631578948],8
54,26,114
[4.862068965517241],10
72,107,109
[7.274725274725275],10
13,22,97
[8.032967032967033],9
9,19,104
[5.366666666666667],11
47,67,132
[7.681318681318681],11
14,17,107
[7.736263736263735],10
12,19,106
[7.434065934065934],11
12,22,98
[6.157894736842104],11
51,26,113
[5.795384615384616],7
47,67,138
[7.34065934065934],6
14,20,101
[7.357142857142857],11
12,21,99
[4.857142857142857],10
68,100,112
[4.759852216748769],7
72,104,112
[6.171052631578947],6
55,27,114
[7.741758241758242],10
10,20,103
[7.153846153846154],6
15,20,95
[6.657894736842105],7
52,23,119
[7.461538461538462],11
14,19,105
[7.609523809523809],11
15,19,108
[7.895604395604394],8
10,19,104
[4.90024630541872],10
68,105,111
[7.626373626373627],8
14,16,104
[4.754926108374384],9
69,100,113
[4.911375661375661],8
66,100,107
[7.521978021978022],10
14,20,103
[4.880459770114943],10
74,103,114
[4.8953201970443345],10
69,103,110
[5.313492063492064],10
67,103,107
[7.833333333333333],8
10,19,100
[4.963054187192118],6
74,104,110
[6.368421052631579],10
55,25,116
[5.055418719211823],8
73,98,116
[7.637362637362638],10
12,19,100
[7.527472527472527],11
12,20,101
[7.835164835164835],11
11,18,105
[7.5989010989010985],11
13,20,104
[4.9655172413793105],8
70,109,111
[5.546666666666667],11
47,67,133
[7.450549450549451],11
14,20,103
[4.93103448275862],5
72,101,109
[4.993103448275861],6
75,107,113
[6.4421052631578934],9
53,26,117
[7.395604395604395],10
15,21,102
[8.14102564102564],7
10,17,102
[6.484210526315789],8
55,25,116
[4.873118279569892],6
75,107,124
[5.103448275862069],11
71,105,114
[7.626373626373626],10
13,19,103
[5.6707692307692295],10
50,71,133
[7.5],11
13,21,106
[4.855911330049262],10
74,101,113
[4.961822660098523],6
73,97,112
[4.75],10
69,107,110
[7.538095238095238],10
13,21,108
[5.833846153846153],9
46,67,139
[6.31842105263158],10
52,26,115
[4.7007389162561575],10
69,101,111
[4.96551724137931],7
71,106,113
[7.7523809523809515],8
13,19,110
[7.756410256410256],11
11,19,95
[4.836206896551724],11
69,107,111
[4.995698924731181],8
75,105,124
[4.791871921182266],10
74,104,110
[4.721674876847291],11
66,102,114
[7.357142857142858],10
15,20,105
[7.3619047619047615],9
15,21,108
[4.83743842364532],11
72,99,110
[4.868226600985222],10
70,100,114
[6.3619047619047615],10
59,24,118
[7.571428571428571],9
14,21,105
[7.7333333333333325],10
13,21,116
[4.734126984126984],5
69,98,110
[4.78062678062678],8
67,100,101
[7.747252747252746],6
14,17,101
[5.611111111111111],9
49,69,144
[6.231578947368421],10
51,28,112
[4.879310344827586],10
71,103,111
[4.858620689655172],8
76,105,111
[5.141625615763546],10
73,102,109
[6.352631578947368],9
54,22,116
[8.032967032967033],10
9,17,106
