[6.164285714285715],8
53,28,120
[4.863300492610836],10
72,105,109
[4.661330049261083],9
77,101,107
[6.252380952380952],10
57,28,118
[5.689230769230768],11
51,66,138
[8.076923076923077],11
9,15,100
[5.9795321637426895],6
53,27,109
[5.766666666666667],6
42,63,136
[5.518518518518519],7
51,72,138
[5.445],10
45,70,133
[4.894179894179895],7
69,101,102
[6.092105263157895],10
51,26,115
[5.508333333333334],9
47,67,133
[5.444615384615384],9
48,70,139
[5.708333333333333],7
48,66,133
[4.697044334975369],11
70,103,112
[5.019540229885058],8
75,102,116
[5.4738461538461545],10
49,71,132
[7.34065934065934],11
14,22,103
[6.619883040935673],7
54,22,113
[6.349999999999999],7
55,26,119
[4.650246305418719],10
71,106,111
[7.928571428571427],11
13,16,111
[4.793103448275862],11
73,107,110
[5.543333333333333],10
48,65,134
[6.231578947368422],8
56,27,116
[7.6098901098901095],11
11,21,102
[4.767241379310344],11
72,102,107
[5.713846153846154],11
45,71,136
[6.3236842105263165],8
55,26,118
[5.656923076923077],10
52,68,138
[5.392307692307693],9
50,66,140
[7.7032967032967035],10
11,20,104
[4.733990147783251],10
68,105,108
[6.155263157894737],6
52,27,114
[7.340659340659341],11
14,21,104
[6.2631578947368425],10
52,27,116
[6.165789473684211],7
53,24,116
[5.410000000000001],10
48,65,133
[5.925000000000001],11
48,66,134
[6.37719298245614],11
47,26,113
[6.364285714285715],6
56,28,117
[6.207894736842105],8
54,27,117
[4.763546798029556],8
70,102,111
[5.34],7
49,72,128
[6.0815789473684205],6
53,27,114
[5.430769230769231],8
49,67,136
[6.368421052631578],6
53,27,107
[8.358974358974358],9
6,18,103
[7.743589743589744],7
10,19,99
[5.865],10
45,70,134
[6.118421052631579],10
50,27,116
[5.4446153846153855],10
46,68,138
[4.882758620689656],10
70,106,115
[4.9947089947089935],10
68,101,107
[5.543333333333334],11
48,63,136
[7.483516483516483],11
14,22,103
[5.5369230769230775],10
47,68,136
[6.265789473684211],10
53,27,115
[5.466153846153844],7
50,66,140
[4.997536945812807],11
71,102,109
[4.68103448275862],10
68,105,109
[4.586206896551724],3
72,106,110
[7.5054945054945055],11
13,20,103
[5.2683333333333335],10
46,67,132
[7.346153846153846],11
14,21,100
[5.504615384615384],11
49,68,137
[4.9523809523809526],7
68,98,113
[6.023076923076922],7
45,65,144
[5.741666666666667],10
45,68,136
[5.776666666666667],9
46,69,133
[6.248538011695907],10
53,25,111
[4.734126984126984],11
70,100,109
[5.0209359605911335],11
72,105,110
[7.395604395604395],9
12,21,101
[6.318421052631579],9
55,28,112
[5.59],10
46,67,132
[5.581538461538462],11
48,68,137
[6.51904761904762],10
53,27,121
[7.538461538461538],11
11,21,98
[5.513333333333333],10
48,67,128
[7.769230769230769],11
9,20,101
[5.6450000000000005],10
48,65,130
[4.678571428571429],11
70,103,107
[5.1428571428571415],11
71,105,104
[5.433846153846153],10
45,71,138
[5.596923076923076],9
48,71,133
[5.083743842364533],7
66,107,114
[4.916256157635468],11
73,99,111
[4.892857142857143],6
72,105,103
[7.21978021978022],11
14,21,101
[5.5030769230769225],11
50,70,134
[6.315789473684211],7
55,28,115
[4.689655172413793],11
73,107,110
[7.395604395604396],11
14,21,103
[5.872307692307692],7
47,66,141
[6.255263157894737],10
54,26,117
[5.95],9
48,66,133
[7.56043956043956],10
12,21,102
[6.410526315789474],10
53,26,113
