[5.76268115942029],10
45,61,130
[6.622807017543859],6
49,24,113
[6.421052631578948],7
50,26,114
[5.7446153846153845],11
47,67,142
[6.192105263157895],6
53,26,113
[5.5092307692307685],8
50,72,134
[5.446153846153846],9
51,71,135
[6.097368421052632],6
55,26,114
[6.368421052631579],10
52,25,113
[6.273684210526317],8
56,24,116
[6.2894736842105265],8
56,29,112
[4.84367816091954],6
74,106,115
[6.439473684210526],6
52,27,115
[5.984210526315791],7
54,28,115
[6.131578947368421],11
51,29,116
[6.378947368421052],11
54,27,115
[6.307894736842105],11
53,26,114
[6.529239766081871],9
52,21,114
[5.705],10
45,62,135
[5.487692307692307],10
48,68,137
[4.841133004926108],11
70,101,114
[6.3771929824561395],8
53,24,108
[6.413157894736842],10
54,27,117
[6.289473684210526],9
51,26,114
[6.68421052631579],6
47,26,114
[4.87807881773399],11
72,104,111
[5.4799999999999995],7
50,66,134
[5.93157894736842],7
53,27,112
[6.344736842105263],8
56,26,112
[5.332307692307691],11
50,70,133
[6.16374269005848],11
49,28,108
[6.213450292397661],10
52,28,108
[5.626666666666668],11
47,67,133
[6.499999999999999],10
58,25,117
[5.636923076923077],10
47,66,139
[4.823891625615763],11
72,106,106
[5.736923076923077],6
46,70,135
[5.410769230769231],7
46,75,136
[6.3157894736842115],10
51,27,112
[6.471428571428572],8
57,25,119
[4.710344827586206],10
74,107,112
[5.836666666666667],11
45,67,133
[5.799999999999999],11
48,67,135
[6.197368421052632],8
54,25,113
[6.273684210526316],7
51,26,116
[5.535384615384615],10
48,64,139
[6.326315789473685],10
54,25,114
[4.988916256157636],11
73,100,116
[6.510526315789474],8
54,25,116
[5.565],10
47,65,136
[6.078947368421053],11
54,28,114
[5.747692307692307],9
48,70,136
[6.257894736842105],8
55,25,115
[6.436842105263158],6
55,27,112
[6.223684210526316],7
54,26,115
[6.302631578947368],7
53,25,114
[6.305263157894737],11
53,24,115
[6.223684210526316],8
53,26,117
[5.6],10
48,67,135
[6.356725146198831],7
51,26,110
[7.796703296703296],11
11,18,107
[6.292105263157895],8
52,24,118
[6.344736842105263],10
50,28,116
[4.897783251231528],10
68,101,113
[6.263157894736842],6
55,25,115
[6.5058479532163735],9
49,25,112
[6.157894736842105],8
54,27,115
[6.449999999999999],10
56,27,114
[6.2368421052631575],10
55,27,109
[6.298245614035088],4
51,27,111
[6.3315789473684205],8
51,28,117
[5.86153846153846],10
49,66,139
[6.3921052631578945],8
54,28,115
[6.277777777777779],9
52,26,107
[5.06896551724138],8
74,104,112
[5.6800000000000015],7
47,66,137
[6.46578947368421],9
53,24,115
[6.242690058479532],11
53,24,112
[4.948275862068965],11
69,100,112
[6.315789473684211],6
55,25,118
[6.413157894736843],8
53,28,115
[6.017543859649122],7
53,27,108
[6.205263157894737],9
55,27,115
[6.119883040935672],8
50,25,110
[6.610526315789473],3
52,26,117
[7.5],11
13,20,95
[6.523684210526316],11
53,26,116
[7.743589743589743],10
12,16,96
[6.099415204678363],8
51,27,109
[6.342105263157895],10
51,25,115
[6.542105263157895],6
53,28,115
[6.318421052631578],8
52,25,121
[5.823076923076924],6
45,71,140
[6.318713450292396],3
53,23,111
[5.050574712643678],11
71,103,117
[6.423976608187135],7
53,27,105
[5.69],11
42,67,135
[6.178947368421053],11
53,28,118
[5.325],9
49,70,129
[4.912561576354681],7
72,107,108
