0,0
0.9037215970124538,0.8412090156643888,0.09164015985645507,0.18858567504658674,0.12028178197332429,0.4129930835248504,0.09950248756218882,0.04879376701398663,0.9355461612740592,0.7967728840001269,0.4942823384485889
0.9750152744675493,0.11824498040985224,0.47170047235343154,0.5532634060290722,0.47119609831474246,0.06829737172970718,0.6916860941339551,0.6842021106491845,0.6544682351182011,0.835779246978307,0.2780808865330206
0.9541614692119093,0.19788633365831976,0.30396696283318736,0.3674569977956851,0.29610056327613576,0.15868066144761275,0.4886063736201368,0.48638916894714096,0.7688028391809502,0.8121470271043104,0.3580847253370511
0.9875673997025033,0.07332577485782574,0.6478132814670743,0.7423476081148471,0.6836061615722635,0.037299435605516115,0.8016760128536323,0.7968404221298369,0.5792904933128413,0.8246514643034606,0.24561040474997253
0,1
0.9877168068674191,0.07213352947029386,0.6466238679353432,0.7430495921742202,0.6873568027414183,0.03718513784162092,0.8047677229833362,0.8005937458767649,0.5786469377975345,0.8245072462480371,0.2443923951270746
0.903843340798236,0.8500169103823365,0.09141547682002449,0.18907501353919642,0.1201635879055235,0.4082226972141012,0.09909261702042593,0.04769730168391195,0.9363056551991943,0.7970170048069615,0.49271603465266733
0.975767211817596,0.1186342074401274,0.4832,0.5622902461052258,0.47416524216524225,0.06600347399611724,0.6915539033457249,0.6843018867924527,0.6510605252359479,0.8342078015677354,0.2743188474258667
0.9535753276360533,0.19608818153590174,0.30152307871177764,0.36446472713816197,0.29548806853771403,0.16240623869991092,0.48369321627250916,0.4807440117757259,0.7703827953797422,0.8119129849455704,0.3584837912530892
0,2
0.987404338772699,0.07403893679788978,0.643405234397469,0.7400447584593739,0.685809966511721,0.037619855554898246,0.8012130698493443,0.7977093677590203,0.5801409555896324,0.8250416226376109,0.24417660530456223
0.9034838374834848,0.8418591938401749,0.0916824849007768,0.1886695774074919,0.12025790973159378,0.4133760950347667,0.09986304050088018,0.048877855014895666,0.9357625315854291,0.7967672394287408,0.4948866597816567
0.951788697291087,0.19912542322089527,0.3023469748791131,0.362200799103549,0.2942876468056325,0.16578472176790088,0.48043646866893097,0.4730283697570245,0.7714428785244295,0.8090989981077075,0.3658536223333478
0.9751756449263701,0.11807377309445494,0.473790242938969,0.5558451607828694,0.4729115893774529,0.06754739403101315,0.6897478389394007,0.6815336818974008,0.6536113679173011,0.8349721472367017,0.27519773039806167
0,3
0.9034416450718008,0.8461465010112159,0.09104417346361954,0.18829537167470412,0.11988267160680921,0.4134328437089314,0.09835735345285412,0.04719769495306264,0.9361387254376825,0.7967842404801447,0.4942560322689155
0.9756703437462562,0.11702743909116897,0.4803022540983607,0.5602795193680922,0.47803151709401714,0.06702195235069479,0.6904187964684014,0.6833579009433962,0.6528286251025873,0.8341076443121876,0.2739092675802951
0.9873127600671429,0.07532707374351608,0.6500091413248826,0.742818542463452,0.6888126330505515,0.03738890220431236,0.8009286770497919,0.7962264150943398,0.5797302048804616,0.8243627732387766,0.24631236175006926
0.9514821672835424,0.20042019508694306,0.305792349726776,0.3668580784274573,0.2953044212303473,0.16294971787972706,0.4788379457524439,0.47371069182389935,0.7715273028465502,0.8088415304656456,0.3670268643426135
0,4
0.9752115250808511,0.11932977736666661,0.4842558662809386,0.5636190922458677,0.478319646947098,0.06583037322418489,0.6873387273124862,0.6776470588235293,0.6520897197615217,0.8329070047237352,0.2761600884488703
0.903278358088724,0.8433388310086876,0.09057377049180348,0.18816571314304154,0.12051875593542255,0.4151699426960934,0.09748683395291202,0.04740566037735883,0.9362265015900723,0.7964773001595328,0.4967781059177828
0.9551431883790262,0.19658363748095065,0.2873232386434739,0.35512321653691115,0.28653139340162237,0.16844571822568805,0.495417009563268,0.4945700705746795,0.7726474328654641,0.8131446301693283,0.3556429447089824
0.9876938807420278,0.07270012960181835,0.6497325280414148,0.7452654759520579,0.6869595641525467,0.037022034241627366,0.8031565903606601,0.7990334326381995,0.5785546652844686,0.824339618661925,0.2456971633059325
0,5
0.9520706502357916,0.20572446313411707,0.2812004230565837,0.3478634661868494,0.27704255123609967,0.17432100103165157,0.4704700803453651,0.46652465003043203,0.7805592048658476,0.8107334378925929,0.3663996966715601
0.9734962702457797,0.12388560975954077,0.474500512295082,0.5525725567483786,0.4686053240740741,0.06863162909024725,0.6754327369888476,0.6672169811320754,0.6563307457298955,0.8331170901465801,0.2785835354738569
0.9036836827531631,0.8474827086019974,0.09156420765027301,0.1890180125626053,0.12060778727445404,0.40989189528626413,0.09891960966542757,0.04770047169811342,0.9359855333572724,0.7969382907977541,0.49369496470390006
0.9876378841070271,0.07182801352237583,0.6454284265675175,0.7393554804583408,0.6851900803790838,0.03767028953829983,0.8036893675187472,0.7990663295078777,0.5799982585202093,0.8248475388268277,0.2429265359226554
0,6
0.9037111363553632,0.8462637370138879,0.09102263856362208,0.18884407172632023,0.12062286136360212,0.4108707263657708,0.09989968726028214,0.049016671658181354,0.9358704431026985,0.796840070863843,0.4935903478504058
0.9756836137046224,0.11830506130631072,0.4736620526886522,0.5563795571861162,0.4768698659749244,0.06772915830934306,0.6935761503189505,0.6860289259232067,0.6513102957166531,0.8363254138768415,0.27032226842372653
0.9874410122284744,0.07393450683863112,0.6511219625624928,0.7458065352242292,0.6898931118789278,0.03704649277845053,0.8023412164834294,0.7993576876756322,0.5792175590846804,0.8239022946784296,0.244682587063061
0.9521961374303822,0.1935915700308851,0.3021979356405586,0.3623703924833927,0.29095705392001686,0.16596420421647762,0.4764697783285144,0.4716142557651991,0.7735489901062351,0.8094229712049351,0.3672243110743009
0,7
0.9752087919362985,0.11928946507688648,0.4737228759948303,0.5559688972530297,0.4714567743613387,0.06776512962618288,0.6853877122892533,0.6778360604399906,0.6542891232503083,0.8339475211085334,0.27460728402108675
0.9037549714132346,0.8397921728138251,0.09272803699033205,0.18895718708379766,0.12033019212506374,0.4121468693426392,0.09983795634353254,0.049830672472181925,0.9351033216544117,0.7966241319401448,0.4941650992071798
0.9523934024019288,0.200811909309418,0.3029850746268658,0.3635548079040432,0.29215035931453853,0.16480369558155883,0.47944293402874105,0.4757814700084483,0.7719765707776285,0.8105815485212912,0.3640044343575552
0.9875001079765156,0.07317049363919079,0.6481172718625864,0.7429287845564307,0.6826813686881945,0.037300036860207664,0.8020477815699657,0.796896129821624,0.5796067732805277,0.824132509064107,0.2457166519628458
0,8
0.974778245615328,0.11905469319014783,0.4764147980654481,0.5601503362101989,0.47605636877667534,0.06645867318716239,0.6848694611801907,0.6761367743801054,0.6531985340936446,0.8343773366512808,0.27661046345754114
0.9046856883246991,0.8480663802315924,0.0929767040552203,0.18967743114912916,0.1204828310091467,0.404962409856254,0.10115437292115065,0.04995034756703126,0.935210461525174,0.7973539268204901,0.4899479525767451
0.952481033325863,0.1977792992907226,0.29222875735202103,0.35363266179138464,0.2867488745351341,0.17038355912228167,0.47583643122676583,0.4765087138124729,0.7766823180797339,0.8103482707531334,0.36472476735489606
0.9877094154981976,0.07269256509607877,0.6472434513738987,0.7426895465669641,0.6853119201873652,0.037222283027052785,0.8029078305044385,0.7999597126166655,0.5795409077434645,0.8251079831931907,0.24403853800919695
0,9
0.9760609212105444,0.11647052897431287,0.47379693283976737,0.5584721035900804,0.47578347578347585,0.06679393047722945,0.6956019906463604,0.6871728545343881,0.6503803096085902,0.8365729767757357,0.2723212653032148
0.9038341195880137,0.8434916718223853,0.09238875878220143,0.1892070071791076,0.12119890691319252,0.4098329494769196,0.10071314771261664,0.0491336157104354,0.9354276230393701,0.7967796754172775,0.49365675876253934
0.9874032197226266,0.07388586047724188,0.6540629791248966,0.746176548152941,0.6879726987640656,0.03688088662614401,0.7990425503463403,0.7935523279489616,0.5791053246856779,0.8237373564981407,0.24657510061778726
0.9536635127292681,0.19294250082393954,0.3015700761948742,0.36600615476275006,0.2966373741021629,0.1616720477149193,0.4861511073878213,0.4843741695455753,0.7706506787957974,0.8113458247066134,0.35864513724394304
1,0
0.9876826142964499,0.07330984454000916,0.6515429122468661,0.7451050658178495,0.6905584883526061,0.037058087258608305,0.8063771047452439,0.7985432852386238,0.5782896265297273,0.8249917435578252,0.24284634133028749
0.9038137945798523,0.8463795811197856,0.09201963884496944,0.18912506148443375,0.12023659739395781,0.40952542972419115,0.0992017813673503,0.04823292788047168,0.9356913509786754,0.7969553178769335,0.4935711887119213
0.9528079131085303,0.1960938233096215,0.3055876241052874,0.36768291226308425,0.29836282653184065,0.16071189577436004,0.4853133671919996,0.4816901408450704,0.7701041600443886,0.8104881892106867,0.3604817176152378
0.9755258724151092,0.11694371373737386,0.47842831121519647,0.5594015244075166,0.47812372812372816,0.06700721397513063,0.6912432878975631,0.6830937406409103,0.6525329168050773,0.8348055552255351,0.27365309237484575
1,1
0.9039289899519802,0.8418664947335098,0.09255464480874309,0.1889230826612444,0.12066714150047503,0.4112274387154728,0.0999264250309791,0.04956761006289301,0.9354929109389987,0.7968471528735477,0.4924915014380775
0.9876187411258811,0.07274756079771616,0.6443678799666577,0.7406890108068209,0.6846878168912068,0.03748071204797783,0.8041963329342828,0.8007291333546528,0.5794742772094076,0.8254248108865214,0.24303696976417993
0.9742019360853215,0.1208783295066759,0.4846727975476476,0.5623420575275546,0.4788293609431821,0.06645974916119858,0.6787408952156436,0.672035588280411,0.653899403171301,0.8299681220205876,0.2814024702214558
0.9545299064718367,0.19293243043399544,0.27823455233291294,0.34983473540184906,0.27992548761779534,0.17071242464493716,0.49656848727480696,0.4977068214804063,0.7759094567722005,0.8149778965674305,0.35809004634644553
1,2
0.9754432391252154,0.11863904461575736,0.4714807194531095,0.5560377022755546,0.4718617714569132,0.06740816227756474,0.6891019369986304,0.6840883049423268,0.652819471740494,0.8360744885858021,0.27505382954851365
0.9034809530437743,0.8420957863745153,0.09102585769815802,0.18836352864550815,0.12087702293887853,0.4143590961711252,0.09789981987506208,0.04827854503014922,0.936005905520141,0.7964753859155577,0.49491536347261333
0.9874196539302875,0.07386706821176209,0.6455953258834873,0.741298066556335,0.6852394049625884,0.037415947572569025,0.7997324449132374,0.7964483906770254,0.57998961369771,0.8241844622281117,0.24570088920144761
0.9530817979384479,0.19672535554005227,0.29914951312708005,0.36340758698678804,0.29049118522802736,0.16461177594031054,0.4841937557648769,0.4808625336927223,0.7716284967650994,0.8114242510439506,0.36352961221635205
1,3
0.9765389983947194,0.11427310773520075,0.4752567455508069,0.5609964950738933,0.48188056359262593,0.0661955190300482,0.7004614294186567,0.693429263637031,0.650008422360211,0.8371814611639097,0.2688146297626834
0.903779249262182,0.844108115636468,0.09200299575601228,0.18918063664177015,0.12136462897884204,0.4102608271928108,0.09995659804125101,0.04875011972033272,0.9356197496714178,0.7968724981614707,0.49397876150422304
0.9525022016250766,0.19411977024462299,0.3069937492628848,0.3675486505365587,0.2955174322080797,0.16216848734152556,0.4908132973175363,0.4838876068956155,0.7685457706875148,0.8111101194188322,0.36332301307396947
0.9872985779641944,0.07478608840762388,0.6546569520340013,0.7497810334794723,0.6838134430727023,0.03641726174933488,0.8007710312543026,0.7961565338923826,0.5788748689189822,0.8218430215814577,0.24926278464431667
1,4
0.9751988158858621,0.12095768521999312,0.4846220216366895,0.5590905187194968,0.4719079091548728,0.06720282709981718,0.6870701202534503,0.6787411198533342,0.6542571174155541,0.8332631036902668,0.2750913494650101
0.9038298149643419,0.8437155918433767,0.09079959852793579,0.1888185365942474,0.12054479911622773,0.41136950463234234,0.09995447993323758,0.049518675394686074,0.9356550375587274,0.796911475570511,0.4943698997690481
0.9876523128601624,0.0732694491924323,0.6481967213114754,0.7432969657736939,0.6882783882783883,0.03716272679501967,0.8037041954328201,0.7987735849056601,0.5790576088868065,0.8238525461924701,0.24320939543220127
0.9537715275255175,0.19760047982247836,0.30433255269320847,0.36677010556448897,0.29513634513634524,0.15986111313841975,0.4817312798725438,0.47676549865229106,0.7712944779881612,0.8116654472849749,0.36207320136975096
1,5
0.987731166953891,0.0719726404615054,0.6488006902502156,0.7437368882239528,0.6896886089868546,0.03722916543427644,0.8047870605882735,0.7997219463753724,0.5787103427423728,0.8243289702172282,0.2449493268018028
0.903895860559427,0.8462688612055279,0.0913348946135829,0.18858218416824202,0.12023954881097737,0.41097441837673054,0.0993475457097337,0.048883326915671876,0.9359277256245159,0.7970262497320973,0.4930177554594586
0.9757968337559901,0.11870077953666683,0.4731508971214664,0.5586204478643851,0.47301298876102027,0.06702517561058413,0.692108421391564,0.6850096568117665,0.6517585678790583,0.8359300043518149,0.2723938903546882
0.95153214859887,0.19655056962386458,0.31365266393442626,0.3687690603476502,0.30072560541310545,0.16272243313834675,0.47386152416356875,0.46869103773584897,0.7691301260515002,0.807019734462535,0.3682754074849528
1,6
0.9874008624770866,0.0740125493028678,0.646808034465395,0.7400116559567422,0.6843343737541691,0.037643705116943066,0.799193067485441,0.7932899735977849,0.5807506151607559,0.8251863040385201,0.24438562641547035
0.9036975661806851,0.8473416329955086,0.0926696678841416,0.18888336283022855,0.11955478794857027,0.4105098573713357,0.09977464029123406,0.04745331899501448,0.9358978379516165,0.796895594604698,0.49350396661338536
0.9522338737625252,0.1990342971842293,0.3030158928794895,0.3614844670441908,0.29446945477479824,0.16678408497952962,0.46814608814098013,0.46495751116232176,0.7752069714045889,0.8078951534639294,0.36566346333198635
0.9747194250375274,0.1208978246888775,0.46863921098227374,0.5506651331896028,0.46742176823477644,0.06877839443562518,0.6891830628343458,0.6814542107685229,0.6538105794476102,0.8351369189871054,0.27568271449565374
1,7
0.9756377588068685,0.11903510144361579,0.4744340359094457,0.5594978154839213,0.4778637000859224,0.0666370274140786,0.6925267008910133,0.6848457622042528,0.650867332981615,0.836265639095165,0.27195978211489746
0.9043063730003015,0.8474418737162908,0.09211887437538346,0.18940788244101087,0.12037417919770882,0.406838658069282,0.10037174721189562,0.048632832206639054,0.93549835534617,0.7971701630920373,0.4905567929796997
0.9876982550246135,0.07138684533118783,0.6500942480150798,0.744553122567699,0.6877314194387364,0.03718351585638201,0.8001761589575533,0.7979751495628161,0.5794552335581408,0.8243272016929858,0.24669654605168156
0.9529311530832235,0.19687404588204876,0.2989110924973076,0.36230039293033467,0.2924283070268472,0.16604767310129104,0.47998806067348654,0.47833631731166504,0.7739468923440058,0.8096032145898919,0.3664062394839813
1,8
0.9522810896341763,0.2001067059326721,0.3024649133152495,0.36412704283577674,0.2937342433745312,0.16393810465064138,0.47744109545077695,0.47438577439934837,0.7711897367620906,0.8101282232936842,0.36352599516668826
0.9750875709613811,0.11923284711911847,0.4749491938761686,0.5551720426670371,0.4743354288808835,0.06774714645080714,0.6880549325632123,0.6778106970216747,0.6544828436941524,0.8347716466065177,0.27268513019488905
0.9034791119010227,0.8448194859993661,0.0921074869021466,0.1890708895978141,0.12070079595852795,0.4110377720708831,0.10029509830222716,0.04855086559035199,0.9355030267905893,0.7966704052890791,0.49515799014155326
0.9874232367772994,0.07365466674471582,0.6494535519125681,0.7418060854895048,0.6819701646090537,0.03734128960752929,0.8011410574142918,0.7964753668763103,0.5792945775201769,0.8248286244837807,0.24596623671589296
1,9
0.9034255639332843,0.8415742985137036,0.0906409922803364,0.18836057525212363,0.12035152775893537,0.4144486558402977,0.09869986821659721,0.0490166716581808,0.9358321772150275,0.7964740892027609,0.4957515458638476
0.974944418693286,0.11933059078894345,0.47573381714507873,0.5559880252454008,0.4705359053185141,0.06752595097715734,0.685778097770986,0.6768439108061749,0.652953641245556,0.8349384584911492,0.27631076858129355
0.9873539995749977,0.0743662077019488,0.6466530054644812,0.7414591318306214,0.6855808800253247,0.03749601760555381,0.8001729657166461,0.7968946540880502,0.5800766111567064,0.8250660089204436,0.24445727008742998
0.9531335647296816,0.2004566047377372,0.28693418155126005,0.3532251937784755,0.2830080367393801,0.16946120272246612,0.4807468235033014,0.47733032948465215,0.7751379540541062,0.8120251894381054,0.3606508576497133
2,0
0.9036590908558426,0.8434707758878035,0.09081967213114772,0.18873982022734115,0.12038461538461526,0.41230477929907006,0.09973977695167324,0.049339622641509595,0.9355401107919598,0.7968285640995254,0.494171080600046
0.9875742108843008,0.07324506559546118,0.64722461892436,0.7415256704166341,0.6878792422652074,0.03746013777675007,0.803287027978869,0.7975107580271434,0.5792383862816682,0.8253309956776375,0.24330929648175675
0.9532043394000433,0.195631128641558,0.3046696472925981,0.3648916675606419,0.29487179487179493,0.16396267002300513,0.4804832713754647,0.4765866209262435,0.7715568694743936,0.8094763901425837,0.3639274759967892
0.9750502217572168,0.12026958637179794,0.4784352925496468,0.5583521744650819,0.4746021819192552,0.06698952941557616,0.6885634841478526,0.6792452830188678,0.653767835636914,0.8344410701997581,0.275509622349714
2,1
0.9874088817669888,0.07329494286626342,0.6498178506375227,0.7424733971941968,0.682632953466287,0.037340668744252556,0.8008828996282529,0.7971698113207546,0.5803872161810989,0.8241862099101358,0.24564779400760645
0.9032302950450694,0.8428700758451204,0.091466548515729,0.18854840656845256,0.12024332024332024,0.4136682968858303,0.09884456947653986,0.047465578786333285,0.9360523017888658,0.7966383317963459,0.4956663623193814
0.9529822298073,0.19995420440962713,0.2890461997019374,0.3498115796476112,0.28030303030303033,0.17252584210347058,0.4785400473132815,0.4751286449399656,0.7779194799865732,0.8120023300660213,0.36146869789662006
0.9746164534618942,0.12023238405320591,0.4746346422671242,0.5558985117814882,0.47422646259855566,0.06776653771852073,0.684951442321547,0.6779581687874798,0.6541667859517218,0.8339880680173662,0.2778155236702626
2,2
0.954134554460491,0.1946018045683288,0.3013348946135832,0.36766534094738335,0.29517704517704524,0.15998600548832997,0.49960169941582583,0.4952830188679245,0.7674314145026111,0.8130438154676088,0.3580920661778186
0.9035155509358291,0.842317210334515,0.09167080642490477,0.18852455041252542,0.12055023166134277,0.41356164072522517,0.09834403514700923,0.04863731656184489,0.9357666737129218,0.7965299385483997,0.49518052991749156
0.976179644139102,0.11577235858275631,0.48207383713181395,0.564896271226027,0.48237324253584424,0.06516572298909873,0.6923716263184937,0.6831109065807639,0.6497084246591358,0.8353145225050738,0.27141119585771145
0.9876342017945503,0.07318725386036887,0.648698513426171,0.7437880416782962,0.6883966955651544,0.03722446717227482,0.8053723468041731,0.8026645026036382,0.5791694427163094,0.8247827813733969,0.24510116985532204
2,3
0.9874152940887215,0.07348608559235431,0.6502769926512153,0.7429134180858232,0.6833284212594558,0.037345634427090116,0.8002051019100116,0.7956148340923875,0.5801244817681452,0.824368897800828,0.24511759777419426
0.9033401557398161,0.8453020698834726,0.09152862415243335,0.18873671778139395,0.12049342939395297,0.4124544552903546,0.09910663889916105,0.04832559517929447,0.9359487353561073,0.7966884639992722,0.4946566292931716
0.953364088038322,0.19803764159348092,0.30102162033737234,0.3650986521356059,0.2928485899500392,0.16274787021529594,0.48219384731426107,0.4797921793820071,0.7709545027445267,0.811113217126533,0.3608635313607726
0.9758322364116133,0.11533531233916824,0.47277613544746033,0.5567387834002798,0.4740086871234413,0.06748408100742544,0.6912974587116827,0.684271574389112,0.6525977165555629,0.8357039202026689,0.2722085020661351
2,4
0.9752903286343183,0.12117115283333493,0.472648835202761,0.5555356682296227,0.4686552014487238,0.06767130776221783,0.6898695122134763,0.6836146971201588,0.6525945735365232,0.8365228449144605,0.272304341861891
0.9043642762715504,0.8485128958693963,0.09134741825195059,0.18887636640960093,0.11988664929841397,0.4079555631201272,0.10023259050156064,0.049016244576732926,0.9359849490585233,0.7972686253402492,0.4915948438507405
0.9514101997914288,0.19880556943451047,0.3078138087830562,0.36750646240474805,0.299207686069,0.16333160926269688,0.4726345209345237,0.46819997245558465,0.7708352677247687,0.8079314639344501,0.37031148128636676
0.9876297404779648,0.07290982716386474,0.6476195823040647,0.7424350766838247,0.6883464075244897,0.0372836538125078,0.8011788969801905,0.7961101059705347,0.5785840860928286,0.8247885265659751,0.24521717531045517
2,5
0.9038749705054911,0.8457734938299657,0.09185270615371954,0.18890945817182092,0.12023078354736655,0.4100082382896398,0.09906409370271413,0.04854460984166126,0.9359149563987383,0.7969005200348634,0.4928505753597432
0.9874022770724309,0.07524349839105529,0.6464271434283431,0.741950567166867,0.6827382193235851,0.037376565087229086,0.8012253409841585,0.7970021694826115,0.580126862438683,0.8242145672631515,0.24303811753769294
0.952519601748934,0.1963855668700302,0.2945106805762544,0.3547840787032447,0.28958387291720633,0.16941343030798428,0.4777233299538133,0.47547169811320744,0.7752530433593242,0.8109388241403922,0.3627432383231302
0.9749220198061065,0.11776505691707032,0.47516895282703253,0.5563775607995405,0.4743415314843887,0.06763668172899076,0.6845004172672786,0.6775510204081632,0.6539424099553671,0.8343714991419134,0.2763072056194562
2,6
0.9529731011319262,0.19614568205570587,0.29576706630780525,0.35936894643953976,0.291023514904112,0.1644094778483184,0.48529656549963934,0.48383553928470846,0.7722169568652454,0.8113110585011936,0.3611115048999613
0.9745910488693154,0.12170953737120335,0.4822819672131148,0.5614472983510979,0.47374358974358977,0.06644099315418403,0.6815613382899628,0.672754716981132,0.6534798933114506,0.8326672504613442,0.27795205204814555
0.9041897321626097,0.8439803397250785,0.09276962899050895,0.1894374734753812,0.12109761583445788,0.40828354476668827,0.10052827235374673,0.048798411122145224,0.9353589400254871,0.7969457290716891,0.4924733452491381
0.9875373853149152,0.0727626345454633,0.6497816098474105,0.7432802854099554,0.6871716006664105,0.03723294052593604,0.8043246163543046,0.8005353528758894,0.5788430738343293,0.8251026135556955,0.2462537334538273
2,7
0.9875755161898164,0.07376411926227203,0.6467300624234292,0.7433656137617826,0.6888098062475287,0.037287688621735454,0.8024051118548995,0.7968172967165781,0.5790292597660347,0.8251253320536969,0.2443843205704862
0.9041915603440246,0.8488619266828626,0.09315232240437166,0.18984825164507613,0.12108262108262113,0.40556124088927487,0.10087515489467141,0.0493514150943396,0.9353176613151442,0.7971410333420068,0.49231149535665375
0.9749227180562893,0.11933336887496368,0.47941712204007286,0.5599257283568716,0.47563650341428126,0.06684340743551939,0.6872750339293089,0.6791554357592093,0.6533680494492989,0.8331267608760478,0.277787838607308
0.9535389170518518,0.19756956992793673,0.3027797576621525,0.36445150843524643,0.29433502621908414,0.1613556248084193,0.4820591562954582,0.4781241454744325,0.7704185325269274,0.8112832467065004,0.3588360098237465
2,8
0.9760308454473096,0.11898142584469115,0.4741608118657299,0.5587733013112879,0.4737823904490572,0.06684822229358349,0.6954623237151117,0.6869421982629529,0.6515776944069948,0.8350324928056776,0.2724857718916151
0.9035264255156903,0.8435846527921473,0.09078925130978516,0.1882946382159716,0.12031897083443466,0.4141972730499854,0.09868547119917231,0.047947870064190046,0.935860752826911,0.7966789996908551,0.49422995626410904
0.9534912979056485,0.1939198715986971,0.2950091074681238,0.36110627440351717,0.29118919489289863,0.165988234581777,0.4860801321767864,0.4839412997903563,0.7731747442970283,0.8110485407612983,0.3611089037009513
0.9873994646159178,0.0734147449238621,0.6495174979653529,0.7440849650677566,0.6860035157907498,0.03717530020645422,0.7996783463840336,0.7949685534591191,0.5804398501820359,0.8229498891076477,0.24547672800721074
2,9
0.9037455713088396,0.8411981444468701,0.09190213361891436,0.18881499724827439,0.12063164826983935,0.4124078423177499,0.10003549345239199,0.049378970323314564,0.93540950546743,0.7966981202562173,0.4942102448291422
0.975141902920313,0.11970791462690497,0.47140542992289247,0.5526717091205774,0.47006294832381795,0.068488195803823,0.6921697988450857,0.685062271608621,0.6540859298593348,0.8359230258632763,0.2734424305737148
0.9513125966067018,0.1994798424808627,0.3024590163934427,0.36262273494124264,0.2907925407925408,0.16638732657111627,0.47527317787540835,0.47026872498570604,0.7735530054339065,0.808732705719882,0.36948420679820837
0.9876788499915315,0.07225626828169482,0.644824355971897,0.740937279742207,0.6863553113553116,0.03741552204819813,0.8023898035050452,0.7982749326145553,0.5785272803212398,0.8243577217195839,0.24625806127570538
3,0
0.9756826021371965,0.11571354532528894,0.47830728173846737,0.5602232013545047,0.4778926213034741,0.06648012551058473,0.6944900723322094,0.6862512798010822,0.6503763045808663,0.8353814858958839,0.27296055566309163
0.9034062520762176,0.8425765643239587,0.09155516171909606,0.18866703604115864,0.12102872102872081,0.4134359837511977,0.1003315583241236,0.04950535441101489,0.9356161762911892,0.7965549103449423,0.49486298130425166
0.9876086464619215,0.07352773589860082,0.6493442622950821,0.7429954678689896,0.6878713878713879,0.03726485753696586,0.8023632501327669,0.7989487870619946,0.5794245339703401,0.8245365953490875,0.24580363228832128
0.9531326842954695,0.19544106055265226,0.2980327868852459,0.36236762920031196,0.29041514041514044,0.16513304821264357,0.4861391396707382,0.48328840970350395,0.7731640922680134,0.8117554329321413,0.36278649829525067
3,1
0.9748637474696412,0.11951726857427725,0.47975153688524597,0.5599508121679184,0.47303463319088324,0.06694946101972002,0.6839858271375464,0.6761939858490564,0.6540698652928826,0.8329417194710956,0.27897487382720626
0.9038108174219338,0.8502711797297715,0.09124520404604103,0.18880211158673044,0.12018851912468964,0.409547565267865,0.09823617812228103,0.04769169008430352,0.9361980417150517,0.7969896635302798,0.4935398841913594
0.9874100218057825,0.07403848361896387,0.646709927140255,0.7420872974903889,0.6866690408357078,0.037376013603646493,0.802367306897976,0.7973008385744235,0.5795512184835654,0.8246725531349611,0.2444500491003644
0.9535120378119065,0.19981522066599272,0.2950569390564385,0.3554682562782615,0.2867053783084318,0.16703523602348339,0.47941201509690967,0.47348408468961534,0.7750307755437038,0.8104996109946356,0.36415459770254455
3,2
0.9525035146178484,0.19369400207750276,0.3013236187006678,0.3614674986386051,0.2956631845520734,0.16671472739726545,0.4668869613107531,0.4633682739343116,0.7732727701028916,0.8081396979783698,0.36413585775263435
0.9754576719663043,0.11774791127873671,0.47446737904028674,0.5575578784564634,0.4720232533997717,0.06728949085149308,0.6899899161687463,0.6848674661981513,0.653958291454784,0.8348617417157932,0.2751079913081954
0.9039179556450557,0.8437480579786654,0.09207092673134809,0.18918227604255705,0.1210099424385137,0.41001071548472245,0.09961307943251657,0.04907585675779752,0.9354409695761794,0.7969211280658355,0.49375452848610557
0.9876266052663039,0.07295494984789316,0.6467184354328446,0.7414873744029364,0.688049182786025,0.03734877451112199,0.8022565707950173,0.7981992717643163,0.5787119625078305,0.8245362103267383,0.24317167935988418
3,3
0.9871645568300955,0.07518783994808342,0.64944869027478,0.744670116483376,0.6825237501394086,0.03720037510722157,0.7969413539006998,0.7932988652387026,0.580391707323486,0.824141413483077,0.24754350197703207
0.9041236944946424,0.8439188533557114,0.09268852459016397,0.18940585318572828,0.1208831908831911,0.4085824307755184,0.10026022304832688,0.04949056603773605,0.9352061961428012,0.7969265046392038,0.4924268760690772
0.9532949034352948,0.19249855058924248,0.2994699864415137,0.36131319428985353,0.29458261037208416,0.16449087365394172,0.48575900718338594,0.4832174776564051,0.7726435497854223,0.8110429377785253,0.3602302569989564
0.9757048023133468,0.1191331014996228,0.47752979129633294,0.5602559146265668,0.477145047426172,0.06624931318202201,0.6889117809528075,0.6796241570053799,0.6510840242381116,0.8349046646017297,0.2735727627580356
3,4
0.9037487049711711,0.8419128640492004,0.09197315892295921,0.1889028495158922,0.12041096497055032,0.41168481929343725,0.09973611726409448,0.048821976732818184,0.9355284251213508,0.796783026929329,0.4934315420847697
0.9760841329005321,0.11759197683143538,0.472703616965912,0.5558952533641537,0.47669922669922676,0.06752103535464114,0.6964802029857793,0.687361485474693,0.6520265044193051,0.8369139718284189,0.2719869537441929
0.953842732770443,0.19824377840386026,0.3057755359394704,0.36599686378581575,0.29566074950690335,0.16095261767965352,0.49119245067200457,0.4865892597968069,0.7688630409393669,0.8120414621595174,0.35511536787531195
0.987773319006307,0.07210578822174943,0.6482240437158471,0.7437054495068223,0.6869064577397911,0.03708305483180638,0.804368029739777,0.8007861635220125,0.579015496056173,0.8251007764888345,0.24328943005983833
3,5
0.9525014259942831,0.20031407444843896,0.301898808821795,0.36486449754228034,0.29180757957736375,0.16393764522457846,0.4793666925195903,0.47275688882855976,0.7719757308638137,0.8105125662676593,0.3655548441287648
0.9876778979218546,0.07261826772383531,0.6451743246363426,0.7419728995778847,0.6880843465350508,0.03749098761363531,0.8042829467511389,0.799016741961201,0.579190314228417,0.8245669064447536,0.24458687896883774
0.9033308942401875,0.8470257568084487,0.09102585769815791,0.18838767023614578,0.12021617176256355,0.41314529109201237,0.09759322423638511,0.04755884069247229,0.9364860463050336,0.796566936816744,0.49568500419196504
0.9751283028134573,0.11942978467345569,0.47771558043449286,0.5593286910344354,0.47466008848122676,0.06693771437305665,0.6879892404872004,0.6804878048780487,0.6526564965588126,0.8344665498569666,0.27616154144816324
3,6
0.9034538817584687,0.8469191315425929,0.09035729298024398,0.1882620771848944,0.11977500182628409,0.41264949841888643,0.09898007816223386,0.046753749395258615,0.9364653367423192,0.7968877405774584,0.495145853138907
0.9758489653800397,0.11644065960808134,0.47866239958199996,0.5615775004021764,0.47848492071599646,0.06628360370716987,0.6934196300300656,0.6843569119747426,0.6511731081419113,0.8351824888667315,0.26973801511864737
0.951965805942008,0.1980733672714466,0.30294606794963175,0.3667474945569571,0.2956563029026797,0.1623174152935793,0.4835138192985292,0.4805578342904019,0.7698669515262909,0.8101921723997246,0.365087734804577
0.9877914463339953,0.07166550713641656,0.64722956695458,0.7431422781958008,0.6889072695524309,0.037239573891633765,0.8065182342673648,0.803435450057483,0.5780560813503899,0.8254475262508515,0.24385942812402694
3,7
0.9044232233212872,0.8440056863014863,0.09283954811857625,0.1897125823315669,0.1207357217719911,0.4068352805958628,0.1025290367317061,0.05044481376478632,0.9347752481710107,0.79718371996844,0.4908668818294557
0.9759693055611898,0.11688909223198596,0.48023218728072975,0.5634998728472043,0.4848293369694149,0.0651301714853221,0.6949358482924217,0.6873944644299244,0.6477291959719584,0.8366822611222563,0.2708109106837827
0.9542004140016481,0.19089312457478025,0.30092357423227895,0.3665793164087938,0.2945106536655833,0.16154513676521165,0.4984030577517148,0.4971565240499601,0.7678848532310011,0.812438220642461,0.35924075411901
0.9874293967975697,0.07328897742633056,0.6595124311898858,0.7507606125341648,0.689248430945848,0.036348390458462665,0.7993525288412735,0.7944440576481235,0.5784874785555424,0.8222087664312292,0.2468654055667746
3,8
0.9739749701069064,0.12247454307433889,0.47579634812741567,0.5555308569235281,0.47166052857109775,0.0681456071227719,0.6788769002931666,0.6714680165669581,0.6555868454150299,0.832765986160172,0.27902117818096356
0.903577615675444,0.83958594950293,0.0909232096635027,0.18823800046665823,0.12031788873894134,0.41510711039886417,0.09892388964977489,0.04917576961271086,0.9356553571042939,0.7965581144881981,0.49528497293455076
0.9522871757554371,0.20396811136381982,0.28810550967582893,0.35209621516666856,0.2845789687894951,0.1708156285267168,0.47958185426391253,0.47612427294651716,0.7755973077955479,0.8115862800390742,0.36267161310019236
0.9874608129376662,0.07410482012587424,0.6480651276904205,0.7411496110703517,0.681977634358587,0.03741527008269334,0.8006979743570288,0.7955204723398795,0.5802242008826528,0.8241495251241199,0.244711839751179
3,9
0.9742649720365384,0.12039318680351521,0.4752379693283977,0.5545400308246198,0.4684541861961217,0.06832400081411481,0.6818863173042331,0.6739348752282409,0.6569054280778873,0.8329689472290261,0.2792596342913012
0.9038067474520886,0.8456079230901986,0.09250468966642211,0.18910834664840853,0.12036682683448868,0.4098369905860499,0.09920656938356553,0.04838073782033214,0.9357740432021292,0.7969094907224171,0.49253165219795475
0.9874366573368398,0.0737703425440257,0.6503925190487183,0.7433165706729752,0.686449179406926,0.03733637391941305,0.8031179642913242,0.7977278766941269,0.5796297326428842,0.8241086319725881,0.24617852210287328
0.9526288460915949,0.200953734491749,0.29403078463271176,0.35710595087034575,0.28616167547465265,0.16733221043337593,0.478986350350464,0.4797637908685006,0.7739411020307185,0.8108800538301731,0.3619279897082336
4,0
0.9037513176160983,0.8470772312458053,0.09243786356425182,0.18903662877450267,0.12005636736819553,0.4093065356611961,0.09917256265739316,0.047372692229660784,0.9358249941537524,0.7969968950873814,0.49444203321917213
0.9875221485222542,0.0737265371967275,0.6476472892071841,0.740887067474225,0.6857637369582763,0.037505174203713174,0.8033546062397706,0.7979522184300342,0.579518017872925,0.8248053615590464,0.2455840495476036
0.9526418250852265,0.1965355309909062,0.3021287007585025,0.3637323422235138,0.29414891355189865,0.16510240892197842,0.4813294124174666,0.4764854970430864,0.7704649710005599,0.8092308511928651,0.3617982007487016
0.9751785940218918,0.11956079443208686,0.4712655737704918,0.5539093957092949,0.47218233618233624,0.06827260651885156,0.6884014869888476,0.680166037735849,0.6547496922445651,0.8349701641945723,0.27365258462092973
4,1
0.9032861071850097,0.8481280409782037,0.09142810537476553,0.18854792597772674,0.1204376975521253,0.41264969979976496,0.09717213190552798,0.04689758753402823,0.9363244814091245,0.7965821228328814,0.4956541105313031
0.9755449540560364,0.1180015701113502,0.4707527601204416,0.5540792963313125,0.4750276178847608,0.06790823103533841,0.6930581898186784,0.6861301501732767,0.6529083935584924,0.8368543027839214,0.2721029662251652
0.987294016378956,0.07424513559059051,0.6503197302639226,0.7431797235093835,0.6814572346487242,0.0371697294210659,0.7979382530517545,0.7915428877291583,0.5809986118265413,0.8241299606077256,0.24563607492957318
0.9522363197415077,0.1972293643162527,0.30435944140862176,0.36554482358528967,0.29711934156378605,0.1636393136776298,0.48054522924411397,0.4783508036338225,0.7717712275262566,0.8095589062059457,0.3657847454321673
4,2
0.9037358863365531,0.8400790132592062,0.09135618479880764,0.1885500471976017,0.12049267604823144,0.41322356857633225,0.09997746986594597,0.0496283590623216,0.9353615141982013,0.7967006534755798,0.49441511229184154
0.976311490402114,0.11439073915568576,0.4745704918032787,0.5597817472879391,0.48153846153846164,0.0666613875549198,0.6986468401486988,0.6946113207547169,0.6496276159212167,0.8367059025533609,0.2713659456069162
0.9876225046239551,0.07434616642708256,0.6550171140335076,0.7476511618847614,0.691201486073281,0.036797897786964864,0.8038727072184321,0.7998894187573431,0.579008035460643,0.823192048619087,0.24401734233726222
0.9521493544424495,0.19671673357358277,0.3074116832140383,0.3690322095024486,0.29772079772079774,0.16161655228191463,0.48010367034923296,0.4779962795641775,0.7698758719737406,0.8096959864170492,0.36591602092825287
4,3
0.9875199794219238,0.07327083081151473,0.6511730290216069,0.7444956316149508,0.6864486122436652,0.037188492992615535,0.802159549174406,0.7993999599973329,0.5794918881611686,0.8242031954501674,0.24573647549647107
0.9038830860883288,0.8481305162180803,0.0923326502732244,0.18911691379608342,0.12031101614434936,0.4090012447421748,0.10054600371747224,0.048584905660377764,0.9357811645123812,0.796930232894034,0.49292384581143855
0.9540511721713795,0.2003925326990777,0.29967691755414627,0.3632995905488561,0.29157568573626974,0.1624548130657456,0.48099204949393526,0.4778956066657485,0.7718985590156643,0.8125197033893182,0.3576179493028367
0.9758510965927897,0.11768433632257216,0.47646789889621843,0.5577181746952453,0.47648721353900647,0.06718054725005158,0.6949303159110769,0.6874088551454558,0.651787188545778,0.8355041424628542,0.27224692753908997
4,4
0.974317987102964,0.11917675009806367,0.47745078675357167,0.5562788501948468,0.47240815112301066,0.06789895866289314,0.6815664143563099,0.6749412745320905,0.6548463035564519,0.8326634597031857,0.278659344871839
0.9042309469969761,0.845755389994172,0.09210906311050737,0.18928267829399392,0.1206766750808203,0.4078966176449567,0.09963980969624608,0.04946720109492636,0.9357128657718574,0.7971241227223864,0.49142682040719515
0.9876037594939281,0.07243491464608631,0.6481550335192384,0.7431464917364754,0.6855914862787718,0.03727835016434232,0.7990393336654786,0.7948907475847758,0.5798916193223898,0.8234281006303086,0.2446240081326183
0.9538874702868617,0.2028883678992472,0.2823959646910467,0.3497024827618603,0.27641902257286866,0.17151205288019428,0.4832999714040606,0.47950653120464437,0.7764306682238591,0.8136881917008844,0.36086370675007406
4,5
0.9037061224013603,0.8404336771435669,0.09097515632922099,0.1884811598609551,0.12040708432461,0.41410036351608853,0.09979688038937634,0.04977630811126227,0.9356302006438567,0.7966633179525292,0.49394131983108747
0.9760320727277818,0.11613783933738914,0.47935471229834764,0.5618977910495325,0.47890489324752283,0.06629245763446676,0.6912720863756869,0.6818462001052392,0.65076011097179,0.8349711587620398,0.2740583273392905
0.9872588166119358,0.07445345969976272,0.6488664108824556,0.7422423956433659,0.6864884524458992,0.03736679029281126,0.800456115373461,0.7947276863374814,0.5793341496491752,0.8244882685203934,0.24382227250890326
0.9537205080992047,0.1928888415420554,0.30636451301832207,0.3697557810855232,0.2984749455337692,0.15867349545315212,0.4831073693417888,0.48201997780244166,0.769121192280772,0.8111944475959604,0.35874514884741204
4,6
0.9754716667795937,0.1183648810766966,0.4748243559718969,0.5598283271982238,0.4734319178763624,0.06648893251657122,0.6936035876556323,0.6860886492961964,0.650827031674387,0.836317119713848,0.27342321501515965
0.903548702234952,0.8433203364421,0.0915654463603161,0.18895898853749,0.12100143188226098,0.41204998065002163,0.09877304158560757,0.04848958842506601,0.9354949387784635,0.7967583409820357,0.49429547334713925
0.9876402366238766,0.07290145366326059,0.6466946795289104,0.7426011280356999,0.6856223065609349,0.03722608344746718,0.804114718237086,0.7998773925481915,0.5787642822965462,0.8240640052506971,0.24717646561198708
0.9528574729631981,0.1993638595852274,0.3024299500058133,0.3654470526258093,0.29334626497747074,0.16375092665259383,0.4818476627382741,0.4759266693429679,0.7705483139658422,0.8102742181654955,0.3631256598960017
4,7
0.9035920251757368,0.845854758038881,0.09104935565880568,0.1888577287954225,0.12046559105382632,0.4111976134444414,0.09941752976959617,0.04835031782867505,0.9360529734331928,0.796865867519505,0.49329371108400905
0.9874171996290017,0.07334722150899695,0.6482727324295195,0.7436492776958381,0.6858111771606581,0.03724403320130536,0.8020220990211085,0.7972057191356008,0.5791730146402155,0.8240684632217369,0.24745483022262996
0.9530227839307776,0.20046176115911518,0.290659550133435,0.35417621018317313,0.28565118487599117,0.1685749487336072,0.4809083311720123,0.4766418019599239,0.7754812754275997,0.8116090149169839,0.3614005276340604
0.9744451183425468,0.1206812229879814,0.47427881560554075,0.555335832201421,0.47165352591709186,0.06775718145332801,0.6840292786951385,0.6765686704695042,0.6549284210158017,0.8337162569478819,0.277980855693151
4,8
0.9534527009984529,0.1971693359085797,0.28364528204466255,0.3515909945503425,0.28117639141261197,0.17115967750889213,0.49199426279893455,0.48988263259545384,0.7749459610531885,0.812467054797611,0.3628897915305061
0.9038533457599466,0.844396452496792,0.09217318200924768,0.1889050901781309,0.12027175104098176,0.4105598609353589,0.10035268325231128,0.0486502177068211,0.9357222520332928,0.7967921987403969,0.4937792418331176
0.98749821462521,0.07291119496862486,0.647620673952641,0.7433499379836198,0.686105175688509,0.03730558996912009,0.8006892812887235,0.7977987421383648,0.5805581914238835,0.8250051328575474,0.2448551109648272
0.9736306864219422,0.12179895205206745,0.489081837620683,0.5644518039753648,0.4772473902908686,0.06588264823345961,0.6733473411992889,0.6624953389514505,0.654027946950912,0.8298452505754498,0.28156918239914264
4,9
0.9523098170892446,0.19883206634540807,0.2917008196721312,0.3522269730579737,0.28376513532763536,0.16962512452743433,0.48167402416356875,0.4777417452830189,0.7757809294214223,0.8114606754651404,0.3629152040987198
0.9744444515214882,0.12045672384222009,0.4732548915917504,0.5524283762647695,0.46954553809392524,0.06868599557675258,0.6816914498141264,0.6732958003651855,0.6565006717672462,0.8343689600165989,0.2767541531339728
0.904050778029966,0.8426243128284345,0.09187019069923058,0.18900513840455702,0.12079190650619243,0.4104060623943049,0.10061831424019413,0.049634193299961216,0.9352310887424344,0.7969077828713608,0.49313871229264034
0.9877226331651694,0.07263105445456866,0.6439254435212217,0.7395328498094942,0.684843695117668,0.03756328285634701,0.8051000662015584,0.8002843111915223,0.5788953547197616,0.8256994811613977,0.2430023962168341
5,0
0.9747630002360886,0.1203717085194361,0.47664757390216606,0.5569951497220073,0.4693417544823168,0.06740592696729501,0.6828205013361999,0.6767447147078881,0.6544833416555038,0.834160263784626,0.278193589398168
0.9034189757991709,0.8482023150867255,0.0915523586483773,0.18859842516927167,0.1195999767428339,0.4116333516138651,0.09815264395721102,0.0467269926838661,0.936345917111205,0.7968835036105425,0.49467983196465737
0.9874467584401392,0.07353740004092449,0.6503570000571202,0.7420427294089494,0.6845151235395139,0.037421467501688385,0.8007719907257489,0.7962395634738016,0.5809636283829883,0.8239314858366676,0.2448270390000697
0.9526000146393793,0.2003055916996147,0.29708421974721566,0.3586986540930776,0.2870316000086993,0.1658769773269885,0.48347001901302533,0.4810888664842286,0.772985337372006,0.8110418427928551,0.36302512807529125
5,1
0.9036681490741255,0.8385645025433031,0.09197315892295926,0.18852523091923212,0.12097190853667533,0.4138018022215152,0.09973611726409459,0.049486753348323365,0.9353168764789829,0.7966740240112954,0.49548479511976506
0.9744323460189412,0.12180483720095459,0.4794759261649671,0.5590058217116682,0.4733719182538081,0.06701270526787498,0.6840441413224834,0.6733471995245877,0.6538468217991033,0.8335832751528512,0.27860239869192377
0.9528988390208395,0.19480697502781955,0.293179827305719,0.3566101747310566,0.2911202453187186,0.16838049305161776,0.477170180765629,0.47895722310240524,0.7748314784477247,0.8105885489821187,0.36110484954862065
0.9871339069836792,0.07480802984026544,0.6501351740005753,0.744836112433094,0.6814614884790323,0.037122149145214056,0.7977695167286245,0.7941343925852365,0.5806659395719518,0.8235300360595428,0.2487839882123033
5,2
0.9748331591147739,0.11846023233102393,0.47971636742128543,0.5594828402032347,0.47349975127752914,0.0669604338278344,0.6830264943647844,0.6753369272237196,0.6539974011763118,0.833551588986625,0.2777306383750766
0.9041074967176786,0.8498578216915962,0.09141656158049599,0.18933333501614336,0.12076850025567953,0.4068645482102107,0.09993327614145464,0.04866956942428663,0.9361415359363682,0.7971439020186393,0.49132873461439663
0.9526394530108545,0.1960434996261231,0.2911130284728214,0.35556646621683136,0.28747081378660333,0.16851262723069038,0.47751348631802554,0.4764080011349127,0.7767215021550619,0.8107990615292973,0.3631263913374391
0.9876505345922136,0.07260986568238337,0.6487748363552107,0.742244992026412,0.6872036483343904,0.03729283563218108,0.8038278140475784,0.7987199146609774,0.5790501920480943,0.8238898777151166,0.24576864429326273
5,3
0.9874731533700865,0.07366089368567402,0.6499239479465948,0.7426808314364918,0.683731312597292,0.03726970379741412,0.7984133675698464,0.7926084419373662,0.5795327475756785,0.8245603737877822,0.2452930636315105
0.9033997607822705,0.8435845461042297,0.09112726043603148,0.18854111853279337,0.12042176990630615,0.41354050028493505,0.09897290461043207,0.04833689943590719,0.9358824331927484,0.7966553000126199,0.495707019905694
0.953390911461606,0.20125356810567654,0.2962564228040127,0.3614763277662066,0.28851469149976616,0.16498898554128305,0.48174554735615605,0.47699239650802583,0.7739371719572046,0.8113537624411646,0.36464049111993907
0.9758050286778477,0.11692312839399571,0.4656409567320613,0.5518911635765867,0.4738452197468591,0.06825527171373198,0.6939484429276617,0.6877667800804206,0.6537827011173394,0.8373341026787665,0.27367067259944955
5,4
0.9875438523506355,0.07317967720385993,0.6507602755999053,0.7458617824784615,0.6897580412073167,0.037019123267629475,0.803243359732773,0.7992070002734482,0.5789271898211767,0.8239000691639049,0.24355983105270795
0.9041614848001386,0.8463043667145851,0.09176965111391305,0.18917702979025436,0.12057856673241296,0.40824085063126647,0.10037174721189573,0.04948234155781284,0.9355031406836932,0.7970771218310791,0.49217426904729067
0.9536037857812089,0.19485759785126372,0.3014718200311116,0.36318373650307384,0.29604674860149316,0.16320752465470728,0.4863647464249858,0.482412890786393,0.7701422563939774,0.8109838548362088,0.3573663444054355
0.9756287155637137,0.11839590865528479,0.4751141112182578,0.559962916964376,0.47922462432266355,0.06649241590986042,0.693942707194402,0.6856085830558638,0.6502453997602344,0.8358514466931806,0.2732610645111521
5,5
0.9749828258953156,0.11909006491421181,0.47693635096568654,0.5575600070469513,0.47339584991406863,0.06713488189116439,0.6880935538732448,0.6806508288136888,0.6529311940246457,0.8338294709052114,0.27466727724607853
0.9039316176413852,0.8447386981175249,0.09158128415300537,0.18909477153391868,0.1205335944919278,0.4100029854654134,0.10085579306071907,0.04893867924528317,0.9353083111065543,0.796968686510723,0.49315469240904053
0.987551506184595,0.07364547139122415,0.6470774448841152,0.7424541646535805,0.6861283033696829,0.03727314206389187,0.8030637097807973,0.7973975276512686,0.5786870516321669,0.8256198939273842,0.24279761742164968
0.9524356458506337,0.1922955815940916,0.30459995106435045,0.36464386391533876,0.29489305608708605,0.16410104250383922,0.47752871331076957,0.4736693889045339,0.7742464585157945,0.8090369149305249,0.36813675475731894
5,6
0.9530303955628547,0.19444962824683648,0.30626253095883954,0.3678237140171494,0.2976900530857365,0.16154375978118085,0.4871493140060442,0.48144427853943256,0.7676535013269671,0.8104056229371457,0.36276396109859743
0.903713272635758,0.843853764396082,0.09212773224043741,0.1888851300772033,0.12081552706552678,0.41140478387571944,0.09859045848822817,0.048250786163521686,0.9358094822869674,0.7966103524947203,0.4935327493715529
0.976218509591553,0.11508795479780284,0.4692905024225128,0.5538681737491286,0.47514908243653187,0.06820706142040024,0.6971991029905332,0.6902452066305094,0.6527683868298969,0.8370672036710313,0.2708674223423916
0.9871771863488785,0.07517787691232555,0.6520908829450675,0.7440753241566306,0.6831808866896588,0.037157821241568134,0.7980043044414009,0.7926646805693478,0.5803173300506104,0.8230662964114357,0.24637726715501862
5,7
0.9759518955011383,0.11803586184500478,0.4773430866697146,0.5612096853702639,0.47848492071599646,0.06668208132016741,0.6932122809875738,0.684913177478764,0.6519251267396582,0.8345712084848362,0.2713538914570556
0.9037549158185576,0.8430515092063198,0.09198728671796591,0.18901813039195797,0.12053026338740608,0.41102896022003343,0.09957514604354756,0.04890257989988456,0.9354621670169943,0.7968473418662406,0.4935134238611315
0.9523656288300749,0.1993391033313281,0.3063300227354313,0.3683581473929638,0.2974192609229106,0.16169911822550245,0.4813448023227417,0.47756507368131107,0.7684597102456378,0.8102432831171357,0.36225098795590427
0.9878465472873407,0.07250783008284137,0.6473823373876257,0.743673789462771,0.6908066047850997,0.03716092739509261,0.804759430254094,0.8012037600595118,0.5783991349020423,0.8254082800646652,0.24420147310196222
5,8
0.9040894546977949,0.844101128818713,0.0919209751996638,0.18880527380972045,0.12037402293812532,0.41061212807151304,0.10054332284815559,0.04936623125302392,0.9354368548972596,0.7969796701440856,0.49292234179987104
0.9751741344419814,0.12007753526831635,0.47749508196721313,0.5589449198035675,0.47441595441595447,0.06692152855829155,0.6913457249070633,0.683577358490566,0.6516639310627843,0.8350929433480061,0.27492435379799923
0.987892244795567,0.07135204414811608,0.6445878386234158,0.7398116158347408,0.687124931805783,0.03761856261780175,0.805623665269319,0.8028770239528971,0.5783490412290446,0.8251913554464058,0.24344197721106348
0.9520805358570763,0.201312062304982,0.30402603664416583,0.36294859327701645,0.2923998659292777,0.16529636402430595,0.47701180844084845,0.4711431742508324,0.7715971903738952,0.8096984714092861,0.3661158353455331
5,9
0.9740224132359763,0.12034250401382418,0.47765112704918034,0.5542316709702131,0.47137642450142453,0.06852062206242973,0.6777561570631971,0.6700176886792452,0.6568438718198626,0.8322310662881496,0.27722578588632935
0.9033675465322581,0.8432292337011864,0.091820811782239,0.1887288902864972,0.12034370857900262,0.41358482468012536,0.09866210762777561,0.04873373019876914,0.9359218619368541,0.796440173864291,0.49495620779641486
0.9873276030343823,0.07400318438843367,0.6454570714087248,0.7422522961260982,0.6856342652952823,0.03736442149998355,0.8013735744439543,0.7967125039974419,0.5801219546121605,0.8244052525615175,0.24616095041205382
0.9539699693412528,0.2043222322778449,0.27858443924017695,0.34639497776842293,0.2725772170216615,0.1722784597644105,0.48757892252316043,0.4845762204252769,0.77644457796797,0.8143757061346114,0.3574880353575307
6,0
0.9875771832827368,0.07266313538903973,0.6440762702011394,0.7401753492654216,0.6858115616980862,0.037558959743240194,0.8011811542619105,0.7947945938712697,0.5801952100740086,0.8245219133919033,0.2478862004935976
0.9532687164767292,0.19894374968705889,0.29117647058823537,0.35429243792502285,0.2846070051952405,0.16964825038015613,0.4854307894161382,0.48102108768035506,0.7760909477660601,0.8119500409418796,0.3620585214319379
0.9033954238240485,0.8443442963139307,0.09123452659752429,0.18859375542688073,0.1199488342345486,0.4130088226155896,0.0992906456262802,0.04740084713130549,0.9360216747757808,0.7966953056015397,0.4948676252625395
0.9746889652527161,0.12064612093827287,0.47410626111001386,0.5567629938657598,0.4727399626998021,0.06761781980276267,0.6877323420074349,0.6785784648026065,0.653761537738976,0.8338637767833492,0.2760930738919839
6,1
0.9874885712528031,0.07404293826203157,0.6530054644808744,0.7464135152474121,0.6888727243337175,0.03687352668578303,0.8024994067863641,0.7986217048039609,0.5783892385999545,0.824030052471656,0.24474739095823678
0.9036760804313149,0.8398104303903486,0.09180327868852445,0.18871574790512036,0.12099450759244612,0.41302698509173214,0.09920285133943946,0.04983466251702007,0.9354168341166493,0.7965758878214076,0.49441077924751387
0.9530403790085619,0.19451684233847233,0.30190068899976247,0.3653352039423515,0.29464470044180197,0.16306309908293015,0.4892516566995313,0.4848236259228876,0.7694339381396729,0.8107829538373785,0.36323744891671056
0.9758005871484612,0.11648061646574637,0.4765422345118178,0.5600330399535309,0.4760580784677171,0.06652614340061788,0.6911213627745181,0.6832158823975145,0.6520684708468693,0.8348310837398242,0.27463048383584093
6,2
0.9878524217439958,0.07131602885189856,0.6462545537340618,0.7429042600888419,0.6886178379233935,0.037327408878557664,0.8058524370095002,0.800956498951782,0.5783741607965184,0.8254842630043208,0.24053018070707277
0.9035650031452982,0.8491137701872067,0.08999492986310637,0.18818259782276048,0.12015742943577995,0.4126188721836982,0.09719081746062147,0.04680023341762318,0.9364778500691682,0.7967635911810604,0.4940623936761969
0.9541099073305281,0.20058022659536914,0.2904562206125303,0.3545029826905559,0.285805781929813,0.1684967323367574,0.4784876516526902,0.4747696358051776,0.7744888237857602,0.811933390072468,0.3555579565143349
0.9747684980510881,0.12168135420868981,0.4780249804839969,0.5606383186096318,0.4756478089811424,0.0666755969613076,0.68355756181035,0.6770739742437856,0.6524694117149,0.833655245742917,0.2770492295410284
6,3
0.952954697164972,0.1969114669188398,0.3047974927675989,0.367798614295976,0.2950812803753981,0.16037490082883055,0.4832167067570523,0.4816592674805771,0.7704155754423254,0.8108686425552791,0.36313852529395596
0.987253187625569,0.07465506419778281,0.6505871410301126,0.7413892624896672,0.6809824008405571,0.03734409953281492,0.7984787365867807,0.7943262411347518,0.5808280003608688,0.8241092992949097,0.24507000149179733
0.9037484286828781,0.8394720856117399,0.09168618266978945,0.18847965318146137,0.1202831559974415,0.4139095124102568,0.10059934754570993,0.04974971120523669,0.9352852599800718,0.7967442865521001,0.49403882382512343
0.9755957179526435,0.11773505206201554,0.4702745407860952,0.5542076699772738,0.4724195929015207,0.06785546190073465,0.6978695450948778,0.6903387133439417,0.6516309390207548,0.8379452255472382,0.2725113083698602
6,4
0.9728491727319434,0.12317957784555267,0.4793174974907996,0.550759247917373,0.46732949590092454,0.06965482116009777,0.6649723086260527,0.6577281478629187,0.661239772889051,0.8296789873720767,0.2845905962463618
0.9032137906892731,0.85012840760528,0.09099621689785636,0.1885837640631139,0.11990649426546895,0.41149104122946967,0.09722619388046916,0.046057087566521326,0.9369795776648492,0.7968474266793641,0.49572120336728476
0.9877692894049125,0.0724927532946126,0.6400621450766099,0.7354230984671285,0.6780440571290245,0.038055767588190514,0.8030468693053431,0.8004192872117399,0.5806501953811225,0.825968446710278,0.24459213887440784
0.9532158725803468,0.2094947679169855,0.26840409135491106,0.33802291467151707,0.2698760562008426,0.18088337136564375,0.47520096590728567,0.4738268021286889,0.7834844053042683,0.8127983383242635,0.3632112075205592
6,5
0.9523922333065177,0.19501156665374464,0.30280510018214946,0.3646274615546855,0.2955576659280363,0.16300042762697303,0.47503786314195234,0.4730677847658979,0.7719163665101318,0.8100181373078521,0.362203800063146
0.9037255076077252,0.8364359360556706,0.09206768905341106,0.18838310223475258,0.12008700180743159,0.4148807091039133,0.09997201902706143,0.04917833231892865,0.9352525028569438,0.7965208236865915,0.4954423518867108
0.9874230227888343,0.0734330443389313,0.6502543810062184,0.7437074659493712,0.6860595343353966,0.037276709428059024,0.7999359056531212,0.796811971372804,0.5800422367806677,0.8240801676908115,0.2470048608644188
0.9755741486861701,0.11717961933012894,0.4709862086911268,0.5561847234157986,0.4765296431963099,0.06764809692481599,0.6887354694046144,0.680817610062893,0.6539929232532865,0.8357726569288989,0.27483141643389875
6,6
0.9755204351909736,0.11794484737608446,0.4768942816574159,0.5599506152649255,0.47738744195437116,0.06664855114731175,0.6948453004712701,0.6852622195810427,0.6508962872254859,0.8358467203472655,0.27460333561375094
0.9038452435932721,0.8499499424229391,0.09232184677149552,0.18933234285722628,0.12079190650619226,0.4081469092694807,0.10008724679462871,0.048517520215633436,0.9357625949436017,0.7969070783888895,0.4921466893003735
0.9526741828862477,0.1920670500270507,0.30433515482695817,0.3664799347945562,0.295051176532658,0.16257450359320186,0.48440038551562714,0.4822921034241789,0.76922825574857,0.8097883495219587,0.3629173493163335
0.9877268680881539,0.07257600520000229,0.6493808232102843,0.7438031350602915,0.6865174527045033,0.03711965035103826,0.8014629188842235,0.7964978960228044,0.5789110402281394,0.8237002750848478,0.24428429420212025
6,7
0.9873655774570514,0.07411663233871824,0.6531053528409426,0.74771625096494,0.6872223753944181,0.036740640151352935,0.8019480086874258,0.7982552241834043,0.578179073218587,0.8230386409217011,0.2457655206841409
0.9045164205837029,0.8491815545990562,0.09265207622534721,0.18977177285148356,0.12062706986564864,0.40446815391182434,0.10006982054233565,0.049478019346806124,0.9353919273301436,0.7973217343771959,0.49116132143348695
0.9753053566656079,0.12067922983872093,0.47469988382599715,0.5571512647919651,0.47595172398322005,0.06721751053341693,0.693674443110968,0.6845936710741346,0.6510915624929342,0.8359067577636109,0.2718488058997805
0.9517711804434678,0.20116316511625282,0.30107235301368174,0.3601840855613388,0.2896557633399739,0.16558658063366238,0.4786035721273444,0.47388282025819256,0.7728132395000659,0.8099600941853556,0.3673772670854125
6,8
0.9758926650867576,0.11595253833601332,0.48156705821608364,0.5615754768076103,0.47701729591493375,0.06637249396395184,0.6884933992916312,0.6805823800326847,0.6519061854804075,0.8347447022956483,0.27302593194177377
0.9033817993775942,0.8422909536260115,0.09092781735473343,0.18844177217810926,0.12059784311093208,0.4144652164400152,0.0987173748029353,0.048384866146398864,0.9357242296446391,0.7966284773117668,0.49585947391034385
0.9529933452037357,0.19664214845370742,0.30278688524590164,0.3646515586873696,0.2962962962962963,0.16356555343093607,0.4854221986192247,0.4820485175202156,0.7699297291752178,0.8105244179435946,0.3614252710963858
0.9872545395511011,0.07481623980023927,0.6504540629791249,0.7441786708186133,0.6869376293836729,0.037271169066585924,0.804605386322912,0.799714945025112,0.5794557009296151,0.8242615443935843,0.24476416913825869
6,9
0.9752071096875841,0.1188544856046776,0.4783988412667062,0.5572734517263168,0.4730488907195735,0.06734914522707153,0.6864931846344485,0.6790937334242632,0.654154162814576,0.8333018007800113,0.27449545966829814
0.9043474313951643,0.8461228733491495,0.09338190649666056,0.18995386219253574,0.12093941723571366,0.405369421589918,0.10249601699415828,0.050234601177997384,0.935212324112614,0.7973199753982648,0.4904272228577771
0.9875866647426613,0.07285444451532452,0.6461407103825137,0.7428494090608994,0.6882814973092751,0.03724053236719911,0.8015541098719534,0.7975628930817609,0.5797104391784087,0.8249799566362013,0.24557944868027265
0.9525029649161804,0.19948009136167605,0.30365882632454266,0.36534062076859947,0.2948098600272514,0.1623977496027709,0.47968859436452777,0.4750068362045392,0.772286622897007,0.81035993324389,0.36350931091028027
7,0
0.9754950695619558,0.11910550129591402,0.4683104177683765,0.5537173067341684,0.4727736421284809,0.06794825550351527,0.692544070032378,0.6857425441265976,0.6529350106556203,0.8363860728511294,0.2728939817367526
0.903777426992933,0.8451513440220799,0.0921545667447306,0.18891368485162596,0.1198616198616198,0.41034233249854557,0.0994613458766404,0.04811320754716991,0.9357162746099699,0.7969061006777939,0.4940787658842428
0.9874506043638775,0.07406819149503518,0.6508196721311476,0.7454786083572116,0.6861247499545373,0.03705174652727211,0.7989401249703392,0.7928408938846514,0.5799854925687629,0.8236303904545479,0.24551175634227193
0.9527088213870345,0.1939134954179515,0.30534880938135694,0.3680060153515722,0.29827188221348805,0.16188137623348114,0.47491384690527233,0.4720561906073543,0.7726915347037336,0.8091994699392991,0.367667786198502
7,1
0.9032962843634496,0.846851123773912,0.09039812646370016,0.1884562538578352,0.12066808363104636,0.4138771575294515,0.09793277079522422,0.0477388439652594,0.9360880973006562,0.796496829481248,0.4947157829642679
0.9749682274342368,0.1182699288661454,0.4820446624499806,0.5609382442349432,0.47684904771518954,0.06658936730308328,0.6805022978075697,0.6722032387461,0.6533550996933776,0.8327315204686906,0.27827864200623215
0.9879250741141696,0.07182025533640166,0.648630058466124,0.7441386616474146,0.6897575359113822,0.03724676518944425,0.8045207580523566,0.8015173505739543,0.5785246247392346,0.8246595271831476,0.2442810079707441
0.9533090651844133,0.19903593117825655,0.29647663322730616,0.35872155562547037,0.29170387379342605,0.16707435541206808,0.48576818509682074,0.4853562376795268,0.7710406727135787,0.8110343686538917,0.3600575180989899
7,2
0.9877783779732705,0.07256311873580934,0.6442211645807627,0.7401574821127642,0.6862318618591021,0.03752701356088996,0.8027474650570944,0.7977006830323934,0.5789582055615139,0.8251318210179819,0.24263633308175092
0.904384306794508,0.8491008033256462,0.09283515020387761,0.18989187916141737,0.12098861845054726,0.4043771936148595,0.10161719472383124,0.04903744852025649,0.9354588420063805,0.7971952243259195,0.4906399129973461
0.9525830409315299,0.19912826237859887,0.3029323481874856,0.364161850986928,0.2925243770314192,0.16348459871315352,0.47821875490863397,0.47448844007440866,0.7715414357296863,0.8099679541296366,0.365105362207915
0.9751935852895662,0.12018237630788045,0.4807360321177651,0.5609379565242559,0.4744578173149603,0.06685878601977213,0.6897807450117595,0.6819715055833653,0.6522210730824973,0.8329171805515933,0.2755429166037541
7,3
0.9873391760725537,0.07462742904144695,0.6472268235562917,0.741114333846504,0.685587222172588,0.03746258725487016,0.8011087652034249,0.794951022286503,0.5798258983527774,0.8251484260708224,0.2451425067092026
0.9033700255500537,0.8463798779859975,0.09049180327868839,0.18856665445863113,0.12081312081312068,0.41277135416810495,0.09683512508791303,0.04773074961754231,0.9363958233982883,0.7965787361251294,0.495998109235785
0.975351328708091,0.11919031174187036,0.4743169398907104,0.5565516044217365,0.47276488943155615,0.06748084396048533,0.6873192895497728,0.6801138065289007,0.653494652545742,0.8344118590150355,0.273569118218688
0.9532757696964982,0.19290342680699638,0.3025828517513858,0.364565517957041,0.2946975752731149,0.1631395302680916,0.4831109090422829,0.4800868738971087,0.7715554269756152,0.810723027449158,0.36279870860856056
7,4
0.9528324400207785,0.19450895389617223,0.2968925862490825,0.361137462331963,0.291682612578135,0.1663656022533699,0.4819397436608778,0.48068149816952965,0.7736431966143865,0.8102276556936788,0.363136082171309
0.9873193856618555,0.07453928001502069,0.6457546636517809,0.7408604199312665,0.6853423715492681,0.03749039894582187,0.7993718754005894,0.7958360442420298,0.5800141143010785,0.8245109408291595,0.2454493726003414
0.9036291532266633,0.8401855377598941,0.09261870381381115,0.18860726133036076,0.12011573151469518,0.4136414568124893,0.09985168634551289,0.04888063349300942,0.9353275070640262,0.7966732197326873,0.49484106420653534
0.9759946702240606,0.11744379121780085,0.46612021857923497,0.5534887183454021,0.4698422625251894,0.0680676249645913,0.6950463928431105,0.6873907040957202,0.6531927750032548,0.8371513863202313,0.2723442449614799
7,5
0.9038249251438947,0.8450873364292704,0.09155107187894074,0.18899311818575987,0.12063700781649495,0.410401356587624,0.1000476598989608,0.04930817610062921,0.9357448733731075,0.7969548309826484,0.49318839828296523
0.9750918242245721,0.11825502584825356,0.4749377049180328,0.5578427448689365,0.47676353276353284,0.0672791968938387,0.6919405204460967,0.6846792452830188,0.6531165367254842,0.8351286933450343,0.2733021464545618
0.9875597679519691,0.07324149170205416,0.6484685840966105,0.742203285020823,0.6859101093976538,0.037343640176325146,0.8031062720766251,0.7995434096555427,0.5795971287841525,0.8247303733581972,0.24398071395608678
0.9525195209707825,0.20095003157864907,0.30585138207490725,0.36678147485494994,0.2960467486014931,0.163072066401207,0.4772745773749763,0.47089932516182337,0.7703579098388914,0.8096609164575989,0.36497057006393274
7,6
0.9747970021816299,0.11823859676335993,0.48062897290063566,0.5593599551365558,0.4728065585208443,0.06685623161086232,0.6863212199377894,0.6795379283788987,0.654185473943375,0.8335925877059225,0.2757021405549578
0.9037608231736382,0.8443119045521112,0.09112021857923475,0.1885997883778529,0.12031101614434947,0.41165995868243577,0.09835811648079301,0.0482114779874217,0.9359852662084558,0.7968420316753742,0.4944755440758992
0.9876866639655828,0.07146171534612636,0.6465234595816847,0.7407111105181017,0.6881717261027608,0.03748824091070847,0.8052813741827972,0.8030318802862719,0.5787528476221488,0.8252287821997671,0.2447887217689691
0.9519989865758909,0.200665686094184,0.3046287367405978,0.36662644668189837,0.2941385956091839,0.1625356302478077,0.4786245353159851,0.4726692563817979,0.7700606760964567,0.8089785331576045,0.36666605689219556
7,7
0.9755120999603852,0.11754827319456759,0.4848312058575779,0.5653760181525911,0.48190939495287327,0.06512102042275163,0.6897894412036969,0.6821239466030278,0.6493747171812704,0.8350831156813256,0.2738804998272315
0.9037839509817677,0.8416504648641133,0.09183797380518721,0.1889941089799163,0.12078867634423185,0.4112171258385626,0.10027340138864266,0.04947589098532501,0.935408538557905,0.7968597302729491,0.4933118780431855
0.9556519207026546,0.19248759625808726,0.29265758485338256,0.3585858017795738,0.28853176036274625,0.16360458397673255,0.5033771401644065,0.5004517672070156,0.7689309327446031,0.8149327231138953,0.34987037137464394
0.9873490213626352,0.07423721094818797,0.6484634819907161,0.7438479929464693,0.6850983876073482,0.037152412698726614,0.8049726186193387,0.8013525393927098,0.5792900446079942,0.824638362402503,0.24505240470735531
7,8
0.9037860295272553,0.8405628097557285,0.09191746187097294,0.18864528558805976,0.12032430440390646,0.41291270224945587,0.10007582903327239,0.049394536750211104,0.9354698603821298,0.7967539279775749,0.4936614356866813
0.9873742636197955,0.0735808129136486,0.6538825039379267,0.744983100025418,0.687532317425556,0.03711278888001256,0.7985685747926288,0.792063385483113,0.5797360385632547,0.8237782108897742,0.24740748561448161
0.952299522364926,0.1967478051717566,0.2977573770491803,0.3579282950508601,0.29119088319088315,0.1675827117604986,0.481814126394052,0.47746415094339617,0.7757480508822346,0.8101701554020575,0.36199675432492395
0.9754817899867305,0.11905175505604845,0.47562756147540985,0.5565048108752271,0.4743812321937323,0.06763955055175232,0.691173907992565,0.6823850235849056,0.652996127410753,0.8355478684716648,0.274130237472143
7,9
0.9516402650589951,0.20027931010454597,0.297906683480454,0.3587638524281246,0.2878588647819417,0.16761716877176158,0.4755218758936232,0.47207547169811315,0.7757729396168076,0.8102313692689272,0.3670087050237577
0.9039695657609513,0.8464172609613807,0.09221725451233659,0.18900874365756437,0.12044950933839838,0.40963552713195095,0.10072847433442228,0.048904135696588524,0.9355843001206181,0.7970113127454628,0.49268511263145753
0.9874132362912378,0.07409005074498892,0.6547780887644941,0.7480770158218494,0.6845250503787091,0.03672906248030797,0.8017564084297244,0.7970942081388468,0.5790189786093906,0.8226515496476677,0.24566168444405584
0.9757857188549929,0.11862588311953948,0.47360589900585953,0.5588138133519768,0.4752800375290336,0.06653317058978735,0.6937788328033322,0.6844434341138137,0.6504901427622699,0.8363764704056829,0.27351521416005975
8,0
0.9726898910357549,0.12466756070953167,0.47964649531134046,0.5518873672707482,0.46504402471480666,0.06922763504623795,0.6683035782581426,0.6589642052954422,0.6594785297311193,0.8317878963461359,0.28322795824220875
0.9036378015207868,0.8466538383941871,0.09146871863499478,0.18897010625071448,0.11986161986161992,0.4106134126277464,0.09927167893179578,0.04817096649980723,0.9360855287950249,0.7968915768762528,0.4933223686847599
0.9875937961929261,0.073116624985884,0.6418140638481449,0.7364226390551804,0.6796464987254461,0.038048424870800665,0.803536489923694,0.7983118172790467,0.5809366428741136,0.8255467114355018,0.24426402762851201
0.9527969475314959,0.20604050557470968,0.2727322404371585,0.3420576575938333,0.27545109211775887,0.17734984332958686,0.48587360594795537,0.4833962264150943,0.7793372144713471,0.8141578746824715,0.3585537287560826
8,1
0.9516806835423796,0.2000331441623796,0.29404791929382096,0.35470884352475973,0.2844181459566075,0.16996309861590334,0.4793537317700886,0.4760812772133526,0.7769282061803628,0.8098189455377548,0.36679833098950904
0.9037365747140357,0.8418151776983461,0.09222183467038719,0.18892973040582944,0.12091592410741353,0.41187085452043426,0.10021355690896161,0.04933761541549608,0.9350196767040073,0.7967643812411281,0.4943283583808338
0.9873307255457174,0.07436579674897498,0.65066029143898,0.7438752660206793,0.684423472617917,0.03722620816445854,0.8011281495249896,0.7955319706498951,0.5799108007910473,0.8239104541303001,0.2431747804597837
0.9751313794758508,0.1189143913787635,0.47445302034828096,0.5575078569028213,0.4720032813418028,0.06726186050820208,0.6864449683942546,0.678525805741135,0.6544241740099557,0.834214389156838,0.27689704505182733
8,2
0.9764021717445183,0.11546875048686778,0.47500505970451323,0.559274638471746,0.48087181832037806,0.0667159572978517,0.6999556351063994,0.6933612858141159,0.6499444436001243,0.8365877584957149,0.2695804132772399
0.9042549789021914,0.8494341868049774,0.09145377382042097,0.18908187577582514,0.12004859212981062,0.40752974913889184,0.09931500386843545,0.04865434345369196,0.9359350557917413,0.7971448279966563,0.4920914788320011
0.9874553304670515,0.07328922124862491,0.6546564352982212,0.7483441457449891,0.688791901557859,0.03658733324782405,0.8006011231511511,0.7950488424996656,0.5788143121556868,0.8231753909911077,0.244020731970777
0.9527386798214126,0.19394970086671062,0.3055923729798861,0.36696247895061074,0.2981552201410358,0.16185450449177405,0.48205858314218675,0.4773183460457647,0.7697694671683906,0.8096742174723139,0.36559018296273293
8,3
0.9873365101123639,0.0736155858004244,0.6529508196721312,0.7457162723652722,0.6867521367521369,0.03690541571180429,0.8011019649495486,0.7972102425876008,0.5785855340289602,0.8234855829683634,0.2471901282675038
0.9040229277245662,0.8394625883702751,0.09291980505095276,0.18889229781391764,0.1209363209363209,0.41146971023337653,0.10019089721691954,0.04956654767975577,0.935090219476763,0.7967879920972835,0.4942145782575458
0.9532720909168012,0.2009660569693516,0.2992505854800937,0.3649610342900169,0.2898046398046399,0.16335736910478912,0.48457249070631975,0.48150943396226414,0.7706899583797433,0.8118381236410862,0.3605507085326789
0.9761116553479136,0.11625488821169708,0.47220739611132295,0.5573102930984211,0.4765785463459883,0.06691318692807968,0.6978905507045905,0.6902881380722539,0.6509655727432084,0.8373468827003561,0.2720477175286712
8,4
0.9874554189407684,0.07421864625417218,0.6483606557377048,0.7433408748011306,0.6904660154660157,0.03730819125954256,0.8015666489644184,0.796509433962264,0.5790574256990463,0.8246192094320105,0.24759415204357854
0.9036422952090213,0.845382126380732,0.09158469945355191,0.18858755354023649,0.11986266345240693,0.41186516388825556,0.09850347917262414,0.047314949201741674,0.936257536062627,0.7968597832991945,0.4934490948550024
0.9531199541005845,0.1978276588278149,0.3044171220400729,0.3674382690664142,0.295920386198164,0.16024206217431283,0.48043163981825693,0.47819706498951775,0.7704447208544227,0.8104891009901266,0.3619898897035658
0.9751924997948653,0.1194275191431095,0.4748723461435098,0.5557520249056682,0.4722806034281445,0.06785651173269323,0.690901334633433,0.6838076090318589,0.6540418967825283,0.8348327941122414,0.2741164915056424
8,5
0.9752295544902179,0.11946129680200587,0.47481605782883696,0.5552838652717154,0.47159970388316846,0.06794169551606707,0.6885665778766502,0.6812657851730797,0.6541149971405421,0.834557925657513,0.2755716910478868
0.9520193692609792,0.19990640372928403,0.3019211065573771,0.36258819872466064,0.29195601851851855,0.16404882992106873,0.4713057620817844,0.46441627358490556,0.7730163398902364,0.8094162819039153,0.36452793352015256
0.9876714140913985,0.07255097515762551,0.6456916165917974,0.7412343692856802,0.6856667781934687,0.03739836452378724,0.8014129039939675,0.7977573356610488,0.5795927479238392,0.8244167356081561,0.2447933750026855
0.9037187463498376,0.842099830638574,0.09121311475409838,0.18868843677802233,0.12051282051282058,0.41251743384080936,0.09951672862453537,0.048867924528301465,0.9356103816167446,0.7967024526051328,0.494306890391113
8,6
0.9758506372410746,0.11655561956604707,0.4784022898776997,0.5596896307108521,0.480599647266314,0.06670392859981088,0.6890600106213489,0.6831686133572925,0.6517956878415455,0.8348504937345247,0.2725115910018801
0.9034133213197315,0.8467653615336874,0.09163514081546864,0.18876767478010803,0.12046168456424877,0.41183457647900235,0.09884663044514341,0.04826318335752261,0.9361144429363578,0.7966605813019735,0.4944002318628108
0.9876566705929305,0.07314430297544783,0.6503232509812977,0.7444578004124218,0.6863287990048552,0.0370839461516211,0.8019529818315096,0.7970768004251927,0.5799374880798969,0.8243009858117472,0.24348027403663236
0.9536399874543083,0.1915134243564376,0.3063835072031793,0.3666324305850259,0.29810929810929815,0.16292910199367744,0.4853272501971387,0.48304745568896507,0.7703872433817063,0.8108266914295046,0.3611575347057331
8,7
0.9874990649939348,0.07412544739485091,0.6474895755983321,0.7415969619201621,0.6851702949263926,0.037427831273014175,0.8004999805707032,0.7971993951745449,0.5796387787577993,0.8243758030904702,0.24617220098704062
0.9540309792201639,0.19248618747856272,0.2981491274457958,0.36442367142511395,0.2919308887050822,0.16387439559389183,0.4836910900587601,0.48207547169811316,0.7725381219638131,0.8108027909908757,0.36575395130808724
0.9036640006750368,0.8454331051698252,0.09146072914117942,0.18892011725667657,0.12117475301554875,0.41072658572875886,0.10031626255340392,0.0484746080916173,0.9358036448859546,0.7968391569459193,0.4937972240289797
0.9753276992411564,0.11767350967475501,0.469871334334792,0.5550702624642339,0.47485272584874183,0.0677902470021823,0.6925902338600985,0.682327294595204,0.651970288726099,0.8363926724968205,0.27375912074585507
8,8
0.9874677366404796,0.07391143201385009,0.6435266176215027,0.7412474464462226,0.6825022902761418,0.03747593169131466,0.8043532518029082,0.8006667111140743,0.5793664660396061,0.8245696270149918,0.24593410229494134
0.9035031913432309,0.8425114742280176,0.09190847725081097,0.18889042537429718,0.12080076785959154,0.4126292435288763,0.10027234956165654,0.049298758954696986,0.9353516092153304,0.7966839414301478,0.4955025149911396
0.9521566346487962,0.20031583387497473,0.3033255269320843,0.36396498652591125,0.292918192918193,0.1640850107285174,0.47729686670207117,0.4724797843665767,0.7711559880415055,0.8097624946972084,0.3645917178867591
0.975036334075191,0.11974919268293455,0.4759670835223223,0.5565576477043884,0.47047960091438357,0.06768825185946839,0.6865127760553654,0.6794540979938848,0.6539061017482477,0.8346989904224851,0.2749644888889758
8,9
0.987838196387296,0.07084422806508853,0.6489227166276346,0.742458568778461,0.6894179894179894,0.03739458501802678,0.805788635156665,0.8031266846361187,0.5784400829474196,0.8257848047800908,0.24417203799279816
0.9040414727219859,0.8456236721867634,0.09151145824392787,0.18899287863519681,0.12038901567697396,0.4096237422545239,0.09902878607991628,0.04903684678455,0.9357873383075519,0.7969570276141305,0.49206546827098074
0.9541806150104415,0.19313646029089426,0.29726775956284146,0.3606139735577084,0.2932763532763534,0.16395005279111743,0.49534076827757123,0.4940377358490565,0.7697756804814688,0.8121776882077208,0.35357190984080766
0.9751361966024862,0.11991062740355504,0.4916278755987317,0.5735365751427015,0.48618292239691424,0.06332726582377485,0.6836936068658498,0.6732044413386131,0.6482946380475239,0.8314323543372596,0.2767379242024921
9,0
0.9521969784957519,0.19312461387306942,0.3042189006750241,0.36652078789273357,0.297343723814312,0.16344582624610074,0.4848020992783731,0.48226970033296335,0.7703884205508242,0.809799005878642,0.36607670586665314
0.9038734450116285,0.8379237701058984,0.09213783874205428,0.18881148663412994,0.12073376359090654,0.4128178284187896,0.1011304149912754,0.050269541778975635,0.934881461817393,0.7967909117252694,0.4936266934670591
0.9875545156355069,0.0728297506269362,0.6496064390128422,0.7446114420392606,0.690302076583665,0.03711505426597356,0.802933716264276,0.8000953613514066,0.579239618161054,0.8245946200780422,0.246615750640643
0.9759919705809355,0.11638669481616157,0.47870143281270167,0.5601257052692422,0.4793839872580031,0.0666473443399528,0.6932353716008547,0.6853662160154508,0.6503064226378782,0.8341585014490309,0.273992406264686
9,1
0.9759398087760056,0.11698867353419012,0.47805602168581385,0.5632096236275506,0.4805953742961617,0.06555055758522672,0.6927670286567339,0.6848610904768979,0.6497739088009998,0.8362695693227249,0.27175406015522824
0.9033097317310073,0.8470055618989969,0.09114091737042551,0.18790805240609743,0.1191688969466746,0.41458708108983977,0.09819383425331363,0.04663617305126733,0.9366712881792925,0.7968267280630656,0.49465161286179904
0.9877380655741809,0.07244892415857024,0.6519329581600195,0.7471645081394841,0.6888740060381853,0.0367959744040602,0.8060533762414691,0.8019149535342155,0.5787059649434422,0.8240757805823884,0.24445745628285456
0.95333171091663,0.19309905101976593,0.30370285452252666,0.36732464649019925,0.2965353734584504,0.16112684444399983,0.49169417942652144,0.4871355060034305,0.7683021225799257,0.8117216506795175,0.3595736464848779
9,2
0.9038933343864637,0.8448884575022169,0.09163768835899994,0.18895829472613773,0.1207228985006763,0.41013724916478544,0.10037174721189607,0.048846960167715,0.9356705649022049,0.7968775090536804,0.49384577822027165
0.9760617043757787,0.11616627555164591,0.4719390368852459,0.556409005054646,0.47695201210826216,0.06741065156585267,0.6993784851301116,0.6929540094339621,0.6524417268285823,0.8370288441031221,0.2710437933991445
0.9531251914816284,0.2032923612214978,0.30084451068057627,0.3634378247044189,0.29163429163429166,0.16559158949255504,0.47651233524839476,0.4718410520297312,0.7721199220352918,0.8098773998057488,0.3619761364990561
0.9873811806682582,0.07343699577171123,0.655678522814701,0.7497410946174693,0.6868051055776687,0.036478204160163896,0.7974850026169932,0.7914311014236086,0.5789961173188928,0.8220249712956513,0.24671454446807298
9,3
0.9875967494163183,0.0730492847343236,0.6481401921989827,0.7441076106106547,0.687808232635819,0.037097504430578174,0.8025894116138957,0.798672739102147,0.5782855545965238,0.8245205667381134,0.24253730805431775
0.9043977239686452,0.8524287736850422,0.0934864556851055,0.19030567334164633,0.12109023873729757,0.4027136291785075,0.09989463849074603,0.04824941983654507,0.935329665868663,0.7971959656865123,0.49079800555705433
0.9744717220947451,0.12071466971237446,0.4819672131147541,0.5601488717042323,0.47476131445597103,0.06675689319918852,0.6813189931609864,0.6720725910989486,0.6539360589136333,0.8321416363580708,0.2777739051262039
0.9538001949601957,0.20221271597138774,0.28302485457429927,0.3517026499503829,0.2783521735134639,0.1692132132156877,0.4901067274253508,0.4852099817407181,0.7735842422597878,0.8146702937879002,0.35881191924514405
9,4
0.9521065366975565,0.19819921488278103,0.3014730339748159,0.36137017980350944,0.29107312440645783,0.1658962717476451,0.47952696514196436,0.4756904566584631,0.7724988552092465,0.810123493564697,0.3634320393998374
0.9873831614121493,0.07446409797288697,0.6488761196552304,0.7422000633536123,0.684103347333588,0.03741265413794928,0.8011471786813832,0.7945795240874018,0.5798895041647473,0.8242290706351486,0.2454298713485843
0.9037241168448708,0.8446182912671205,0.09243841730323615,0.18927382524569347,0.12109007920526244,0.4099400342478029,0.1004496000311409,0.04874049194902702,0.9355340980133959,0.7967267810038184,0.49344721939497216
0.975421868963246,0.11722824219031319,0.47171287863455447,0.5574175180287191,0.47390758913392667,0.06708724010728938,0.6930102345220065,0.6844941377436136,0.6518194720959981,0.835242367456628,0.27482324080943177
9,5
0.9751884445639949,0.12063747553599358,0.4718729830902285,0.5555059935010872,0.4724745945218387,0.06768263420301233,0.6886982993296842,0.6796464121230128,0.6531715369031909,0.8355684234586371,0.2759094427803363
0.9038701130352702,0.8448249139402191,0.09164377492246317,0.1888174947677983,0.11988911988911993,0.41053748905746446,0.1010147694162562,0.049546149923508365,0.9355288402887937,0.7969682030187365,0.49372841670475315
0.9873588240763445,0.07355857764290819,0.6469945355191258,0.7412709899520082,0.6830609286749639,0.03747268575034195,0.8006261005674036,0.796332340284674,0.5800381904700217,0.8249274870110993,0.2452877989008212
0.9527493303218213,0.19751572523289807,0.3035027715532492,0.36445251268178813,0.296070835639181,0.16443603061762296,0.4778690059105132,0.47251255599294145,0.7712934289417076,0.8091821297735101,0.36266016907647997
9,6
0.9034964147248732,0.8436968400811689,0.09173670633269532,0.18857912827105833,0.12069937958262811,0.4132419650224919,0.09876776177985769,0.04800306484053252,0.9357574845497423,0.79661244745414,0.49480903118755004
0.9752969126785697,0.11885298372557582,0.47356893308250475,0.554413548412856,0.4702255849796834,0.06812561452378277,0.6891187762813091,0.6824002474481905,0.6537511687979732,0.8352456640579017,0.2733350394298823
0.9876394940069865,0.07285765914932912,0.6458567258028297,0.7394098296325182,0.686180384810522,0.03766370961759448,0.8029994398329684,0.7991858361333676,0.5797803272606693,0.8253975437671338,0.24360772205907888
0.9530361352469706,0.19353292084826812,0.3051954602774275,0.3651978679889828,0.29642778873548115,0.1623956622206852,0.47300543322848154,0.4720464441219158,0.7740364887472011,0.8096238877095919,0.36541127434993587
9,7
0.974338757258409,0.11915946805704022,0.47513108117077063,0.5538085087432755,0.4743878104201992,0.06826425122311713,0.6812756799060848,0.6756244748300358,0.6544888684733856,0.8344207879444072,0.2778377959657814
0.9036544151543472,0.8414312553208132,0.09147376225389248,0.18855002428845785,0.1205027988947589,0.41317397244729803,0.09833554389045601,0.048772162700293775,0.935745355831272,0.7966480912537988,0.49447758626964555
0.9874166080773523,0.07416007346302908,0.6485800046178712,0.7417977137417958,0.686098069900887,0.037433378497201686,0.8002251426776272,0.7951501461599786,0.5799327922809753,0.8238812614285895,0.24758774850137077
0.9530390014674098,0.19687012506012058,0.28788364353506724,0.3533841047082986,0.28333654649444123,0.16916409753309397,0.48181792771892556,0.47975599375797984,0.7764314870063983,0.8120366224026041,0.36232511609449425
9,8
0.9530610881321764,0.19769971906869732,0.3022950819672132,0.3638282487720337,0.29272976680384094,0.16198367827314386,0.4786176511083574,0.47622641509433955,0.772681195762856,0.8104183171960065,0.36342259039751396
0.9751616238420675,0.12068494705972332,0.4734664198836595,0.5548776447726249,0.4699476151089055,0.06799295765943636,0.6877773114282288,0.6818015824710895,0.6545068798231586,0.8355557247021974,0.2740393277728751
0.9035807484351591,0.8407815973148686,0.09105191256830614,0.18851406569241208,0.12059294871794857,0.4137251051565002,0.09924876084262696,0.04948899371069232,0.9357523124401613,0.79669944937779,0.4941890508388407
0.9875519279983113,0.07310828488749874,0.6438069216757742,0.7400506202893393,0.6835232668566004,0.03758528887526534,0.8023027674514663,0.7986897274633123,0.5801305752177103,0.8246996160216288,0.24579720224617335
9,9
0.9038669498765292,0.8484320036383175,0.09059084699453573,0.1890815347851737,0.12045940170940139,0.40921530953049956,0.09812577447335824,0.04838836477987407,0.9362275701853398,0.7969798506832705,0.4936557945106014
0.9877776938522952,0.07254450609896265,0.6482549837207975,0.7429212908607515,0.6889027864637621,0.037296951192811,0.8056811263810992,0.8011439090132141,0.5786724409831606,0.8253404418521447,0.24246213289053872
0.9538798458878238,0.20242978804706996,0.2827123695976156,0.35108126269126,0.2798281964948633,0.17120141978691583,0.49267770643235326,0.49010863350485984,0.7751928134442521,0.8140075282872477,0.359476865833421
0.9738347411542316,0.12108750701233226,0.49258083327933655,0.5659579576171725,0.47795682578291276,0.0659367653550264,0.6768003291358714,0.667283168021478,0.6541041762291181,0.8295713130324777,0.27967133190050364
