0.039318557731875356,0.48050729158701955,0.00025645999384810977,1.4782119594298138,0,0.0003790325587525281,4.911978929205738,0
0.008528445324571282,0.251501052967391,0.000417842413355508,1.0147147777150543,0,0.0008323706963110915,5.815094484813567,0
0.05790383135293552,0.3088689536590067,0.0010376691533856297,1.1265299319956743,0,0.0017978845387621773,5.19444996052089,0
0.01439746073239187,0.273021470612906,0.0003259427278365148,0.7660195556025139,0,0.00060109688810511,6.403057731289737,0
0.09267708652050499,0.3171384127405152,0.0009523930667471533,1.1324505106978744,0,0.0015266289031873963,5.173870172450216,0
0.012171887302900392,0.2759125143773088,0.00033446431695390233,0.7292270679695753,0,0.0006117211664329599,6.416320263365065,0
0.036539846419588476,0.49809582877887637,0.00031680298554160544,1.4755513106024258,0,0.00036153889195627805,4.914313113376037,0
0.018314977984302372,0.24592199306617296,0.0003947702597160765,0.9341202926449287,0,0.0007726380899729527,5.833509079706197,0
0.00959233320084854,0.2426609850005199,0.00040203326194850205,0.963129363611942,0,0.0007756386297650452,5.805530252994892,0
0.015081762073412136,0.27620329873186217,0.0003410360243401558,0.7821689872649806,0,0.0006316057660118658,6.38574444020848,0
0.052218409366798973,0.3066175651600817,0.0009805916551174259,1.130338687525176,0,0.0017456382731046761,5.165162594656613,0
0.03351089419739166,0.48704925822854594,0.00027270467425170815,1.4954528706268264,0,0.0004054768375851301,4.914428119240124,0
0.03819525214742629,0.4677366846015938,0.0002331160959446168,1.4784061708558736,0,0.00035450898519038713,4.912424301047163,0
0.018610500672140415,0.24937984002618194,0.0003949045486867656,1.0002283410381523,0,0.0007820543100634465,5.8158184287570895,0
0.058013360588261356,0.3052207094349435,0.0010030574579774673,1.1196205777521229,0,0.0017750230131224677,5.171127157531551,0
0.013795892717664737,0.27511774717567217,0.0003592518155981327,0.7651514863014623,0,0.0006573782610500155,6.396465366977398,0
0.037778828617016355,0.48194804585412737,0.0002688448729590957,1.4663400984572144,0,0.00041099483468659884,4.913700050108591,0
0.02352295627080056,0.2397634744123443,0.0004069064182472944,0.9484217613658414,0,0.000782197143280966,5.839023897049308,0
0.08268309688777592,0.3255950128681363,0.0009586029548695319,1.1311619321753463,0,0.0016170934640007417,5.196410024717026,0
0.00791299116737229,0.2734510590956232,0.00034801070590519253,0.7415727750362009,0,0.0006326288589991962,6.401750650640172,0
0.035197610152575304,0.48184184736019287,0.00021929537610636038,1.5263266653142606,0,0.00037419614984139345,4.913653440491558,0
0.02448846622070308,0.22709699228550126,0.0004106818895826581,0.8443706797450257,0,0.0007971146075790698,5.788639142975955,0
0.052401213407522844,0.32683622881637764,0.0010365064924373756,1.1165303527842187,0,0.0018111559467581379,5.151914013394483,0
0.004542999624920219,0.2740669576613829,0.00033450856558925253,0.7367918788417401,0,0.0006217634088832882,6.375281181523381,0
0.040058253853728576,0.5005761516205833,0.0002599118492492786,1.5179128510067792,0,0.00039208195441383867,4.915264091048487,0
0.013660340577797803,0.25431395041702964,0.00039985023419805173,0.9498691246239257,0,0.0007848010300024451,5.81447269038541,0
0.0637339545997837,0.3070494693109008,0.0009732050289370893,1.1061230888007045,0,0.001691074487344327,5.157744517921344,0
0.010908014777513936,0.27335990911515606,0.00034594757565962033,0.7603092493580229,0,0.000635176370507794,6.411191099547066,0
0.04092929560737045,0.4933136548858058,0.00026694420282134904,1.486580636676137,0,0.0003986327494516199,4.9099886399757064,0
0.01607460524692804,0.24630190011955652,0.00040338964044209745,1.0037526427846273,0,0.0008008976985805931,5.7972300229265965,0
0.06703325066553363,0.33310227245347346,0.0010216329451754299,1.175997845535798,0,0.001820604635049277,5.169635827711036,0
0.014217375667695958,0.2750351821238554,0.00033288240005158225,0.7667287880467868,0,0.0006097014322416265,6.389512592203335,0
0.030099207067973033,0.4606884921321641,0.00024295474823077829,1.375347798977821,0,0.0003274025105664556,4.912468563395014,0
0.014336892355101744,0.2442449651522905,0.00039215012743921295,0.9398849804233611,0,0.0007659134668369932,5.801523334903926,0
0.055691567573953535,0.3388061863517366,0.001009623786928536,1.1839988388582077,0,0.001838478008996338,5.158311612599257,0
0.012052344909127127,0.26523392793606915,0.00035085446849668665,0.7432765483954149,0,0.0006363288775626921,6.403379508441719,0
0.03672487633645491,0.4817997190299533,0.0002700639183598293,1.4863758342152735,0,0.00037717377619316705,4.915072922088471,0
0.01733098947738712,0.2573510259427199,0.0004051413595726467,0.9134852561174178,0,0.0007843824600799378,5.832781055224552,0
0.07273166200884468,0.32054760035830565,0.0009365614918795312,1.1396607694298109,0,0.0016161703935813722,5.190330046381111,0
0.009761881717155307,0.27785353079563113,0.0003496433205782569,0.7427315576985719,0,0.0006399588835952335,6.401307319242562,0
0.011584442640335313,0.2476620862547705,0.0004025842003069912,0.9745729771047911,0,0.0008093025018647231,5.825209796240545,0
0.010068347679902306,0.2806462834956457,0.000344433922900065,0.7231742859018592,0,0.000635932401694551,6.412599337219281,0
0.058625907642726884,0.32230718502271616,0.0009342059385939643,1.131360528400153,0,0.001626494928151478,5.199066708753661,0
0.03754819017228331,0.5042137713180759,0.0002625331921014696,1.4713863870999235,0,0.0003746712756940695,4.9118408432691245,0
0.033134562397056797,0.47540620019480423,0.0002817949071353854,1.4659238102532761,0,0.0003918555000182432,4.912042484404714,0
0.05774778214118906,0.3182657503911442,0.0010145141301326785,1.0796252241091455,0,0.0017394516263668216,5.1752681442140505,0
0.0076349561664017795,0.2717654867602579,0.00032918834607899484,0.7477580988345475,0,0.0006046243273173062,6.3920333973069035,0
0.028268375746998364,0.22392905990453482,0.00046394174583412265,1.0002395525074372,0,0.0008081828650632124,5.812397603944973,0
0.04068303915601475,0.4972515328715662,0.0002664271769624557,1.4697363942740966,0,0.00039686452664488035,4.9104909420816485,0
0.011414866643127075,0.25376775715940353,0.00040155757332274744,0.9872768052870655,0,0.0008029291559931842,5.81265741770993,0
0.052724611691433665,0.30779280365155026,0.0010177529536099404,1.0987617581700784,0,0.0017645042633887345,5.168453625171451,0
0.017087941005343638,0.27776533457226477,0.0003427059948744128,0.7681124908051737,0,0.0006334088339164828,6.396977952844118,0
0.03531382655113209,0.4719575598361471,0.00026974082665792644,1.4897490996284959,0,0.000378255387449111,4.914897665933016,0
0.013782190066317285,0.26613485065540926,0.00038209345809028523,0.9469581241862695,0,0.0007574738921289293,5.83948197618993,0
0.07224402033019828,0.31473087016824625,0.0009478291290139732,1.1275349705327375,0,0.0016626303606409958,5.189495172770407,0
0.0169805035853324,0.2670602734841372,0.00036013936327851804,0.7439527654973241,0,0.0006476495319078674,6.414692188644954,0
0.03235502687094832,0.47643988875213455,0.0002696816476278923,1.4859044652338502,0,0.000374413703949997,4.9144097162713525,0
0.013650483837691046,0.2408279518755906,0.0003928529802157235,0.9498592529359042,0,0.0007656512396857165,5.8251095549257546,0
0.05859177230035159,0.32015178112807813,0.0009385362632567225,1.1139536442284186,0,0.0016848819306504378,5.17566798748525,0
0.008906228923577897,0.2747410994947251,0.00033395883788711855,0.7899690067440768,0,0.0006254543123336404,6.426475191156541,0
0.06618273013348222,0.2943868452306571,0.0010891481011364255,1.185879339300386,0,0.0018253754384418726,5.17532306428731,0
0.0125963232212368,0.27347767752631785,0.00034119988415684863,0.772393530724546,0,0.0006285000628986937,6.399968538759138,0
0.049859658223905604,0.4708175557166641,0.00023688743456110422,1.4276656425199712,0,0.0003501911139121576,4.913274463035104,0
0.024238111037790278,0.2541114964722507,0.0004101290954442033,1.0573586300691302,0,0.0008085765945913688,5.814407903834456,0
0.016352873061351997,0.2493635068732449,0.00040951422577559774,0.9763079528095654,0,0.0007867747016558293,5.797191583945782,0
0.018440683708629002,0.2667016458942579,0.0003418606051862636,0.7750627407701502,0,0.0006226817279600521,6.400236068203695,0
0.08960152285477459,0.3301967349314664,0.0010019507977300263,1.1728942450950572,0,0.001774685068395278,5.150253290710578,0
0.03636415468208104,0.46322692316297526,0.0002458767419762042,1.4303960660723674,0,0.0003625008567768012,4.9147946820318635,0
0.02930299361551389,0.477489805558567,0.00024076205519202158,1.5670517279875282,0,0.00035826490432384894,4.913214517749701,0
0.019004331271818706,0.25355313663335566,0.0004056008519748011,1.0074744154438386,0,0.0007950583173498537,5.821640380684905,0
0.08674252841356464,0.31668960220407055,0.0009953141318149311,1.1425251429836751,0,0.0015766375481661538,5.173341784904865,0
0.011290492960706666,0.26805227610162297,0.0003421765796900182,0.7679071020835003,0,0.000623191411380961,6.394107899907338,0
0.03396832225213091,0.4974104975119651,0.00024459122564502963,1.5682347162065196,0,0.0003922373611966012,4.916420328034942,0
0.013055510246838015,0.24827984831359493,0.0004064065101910309,0.9257939053010773,0,0.0007929049763546691,5.801156752281916,0
0.0654865480369625,0.3226304100635811,0.0009729571580688771,1.1575009975298682,0,0.0017305120779500622,5.161500467810507,0
0.010818583986478142,0.27183793507261395,0.00033677395434084366,0.7605674086557935,0,0.0006194861998489921,6.386917902530163,0
0.04237240627619262,0.5032089995974778,0.0002759998977575519,1.473734183097935,0,0.0004010822928157673,4.911705856605176,0
0.01845817576371306,0.2416168743140191,0.00039549041229230123,0.9583290552519079,0,0.000760915429139517,5.805786687023822,0
0.0432617078193479,0.3196940504685836,0.000994910611756418,1.09313734193464,0,0.0017068397995973195,5.15560672311409,0
0.009825232961504227,0.2731831723111954,0.0003404089933459068,0.7727398159619023,0,0.0006339249224419347,6.3922197606597155,0
0.035017780761729914,0.48188314915398234,0.0002051340829430522,1.5421908203021828,0,0.00037583316573267666,4.913828308149602,0
0.010323429971456119,0.24485704200293323,0.00040419706509631676,0.9502852919064505,0,0.0008079578417632502,5.809134894559285,0
0.07338500858186227,0.3252680938095953,0.000993439751967448,1.163687383394214,0,0.0017466104541736254,5.17020534703437,0
0.018237364497094094,0.27822411141723563,0.0003472975870150144,0.7545814987780572,0,0.000640508371074416,6.401639162831475,0
0.01452091233006264,0.2429680342924033,0.000389016537807951,0.9625379911853968,0,0.0007615055254032632,5.8090474621397545,0
0.008113549645005214,0.26776447427694916,0.0003422699712969547,0.7458825010968041,0,0.0006161684529801996,6.388302618440443,0
0.09145684299399978,0.3256348507204517,0.0010037026768575945,1.1667614498061767,0,0.0015911893035642074,5.1549456677695975,0
0.037668345518055826,0.4900605944771068,0.000282245039947898,1.5005523424985696,0,0.0004271510037381704,4.912299826716273,0
0.0185254225714927,0.2368932958115047,0.0004162506042753391,0.9354613786396402,0,0.0008086172948160437,5.83249153133438,0
0.04493093022144174,0.31310631202972133,0.0009949171374078617,1.1152437723687154,0,0.0016711420529004271,5.199064893293938,0
0.04652434478438243,0.4893082376261533,0.00026183798297929297,1.4736497886721927,0,0.00038525571347452396,4.911010699044145,0
0.011968423221181773,0.26434316292361737,0.0003454238126503055,0.7473814981146605,0,0.0006265109592270309,6.412498498198733,0
0.023621879035322896,0.25655809858591616,0.00041019383878672437,0.978395714989173,0,0.0008091315391295709,5.824035433140197,0
0.010831960583636113,0.2714696987671148,0.0003316879518296444,0.7828670693346867,0,0.0006093653263017645,6.39151584064746,0
0.060274978634481086,0.31326474820231665,0.0009499051666321534,1.1454696865860514,0,0.0016787110883229625,5.180209855631652,0
0.04314850362256539,0.5286160297042676,0.0002637344388265239,1.541451486055275,0,0.0003990044777762132,4.91661111171048,0
0.039727245825858376,0.48353607395566733,0.00029139238728963587,1.3973316769016213,0,0.0003351062134828726,4.913231338067538,0
0.026384233012095304,0.2514491997434254,0.00040566199423957053,0.9956382017791591,0,0.0007798384741253612,5.804190497185739,0
0.06320692285196286,0.3111798283786145,0.0010193123115967023,1.1421067753382481,0,0.001791077384777739,5.164047617766669,0
0.014346891647998739,0.27850595513340326,0.0003400868123745068,0.7608610281342341,0,0.0006253606426220438,6.4090951706380395,0
0.039134716799995944,0.4782562624263895,0.00027144393564624116,1.5073655501471277,0,0.000357981083910156,4.910991730477219,0
0.01184948117199966,0.24111044383537647,0.00041147683733738354,0.9742189773772385,0,0.0007874591957646761,5.806304545729789,0
0.06602997920966827,0.3310033407288616,0.0009969769759860677,1.1814175185850333,0,0.0017352612924967771,5.162748043204158,0
0.020362384436701964,0.27649392238815124,0.00033679587553447676,0.7657099408591522,0,0.0006251186647238644,6.388061381177358,0
0.03057588404448812,0.4984073003382388,0.00029734571745754907,1.4621772295502014,0,0.0003805907484998546,4.9134081527753475,0
0.012858252049700328,0.24589634546232944,0.00039479218015004195,0.9345950589390792,0,0.0007970663205311013,5.812458659726961,0
0.05855680010925357,0.31032962116949797,0.000990028417891233,1.1128800768121292,0,0.0017019924039751422,5.189731711284008,0
0.00767714177235107,0.2669863998515826,0.00034051304667745777,0.728761144188995,0,0.000620143895059613,6.411173793922167,0
0.06897098035069187,0.3170227301741579,0.0009465320610891472,1.1068381607458173,0,0.0016470399372305136,5.180042342600931,0
0.00767201369446846,0.28230716227515384,0.0003457149931319612,0.7709688965144805,0,0.000648638948918011,6.395797417681517,0
0.030493692973393507,0.4626597699551002,0.00023648117597704053,1.4045487759003166,0,0.00034642974806912014,4.91774012985642,0
0.01799592753565568,0.24075884836220213,0.00040900529793833334,1.0329899800473448,0,0.0007939291431692567,5.8125076502908675,0
0.03823824063406962,0.45392636245598833,0.00024214029783652723,1.4743380856755417,0,0.00039404734396602723,4.911062865010919,0
0.02151658293572782,0.2523736612440021,0.0003964432875542484,0.9008529774691825,0,0.000757607166972477,5.8281171497125985,0
0.06563660915813736,0.3270710361514646,0.0009654241488942589,1.1544534988334436,0,0.00167785434304128,5.187547217282411,0
0.01231066892784094,0.26702149018977794,0.00034110177994545513,0.7808714555338476,0,0.0006285958668563346,6.397784203590868,0
0.037349721164753116,0.47957651317456396,0.00025948303326704994,1.4849136961545089,0,0.00038149436062842287,4.913018897764568,0
0.014449516938070867,0.2539443675002793,0.0003988733109343265,0.9803772255191494,0,0.0007787778243772545,5.797225383489167,0
0.07570857502384185,0.32169621356207767,0.0010519026721085827,1.1717652001109664,0,0.0018667111627810702,5.1529586244622125,0
0.012986975206029205,0.2815525800269365,0.0003482320369799549,0.7457076927610321,0,0.0006469964315919628,6.388220971290142,0
0.03765989075618839,0.5044271693085615,0.0002637164670114377,1.5397021001074427,0,0.0004304846141897746,4.916266601247288,0
0.025418427820189576,0.24682556516576948,0.0003912032567449294,0.9535906261306479,0,0.0007643251362472204,5.83043982196583,0
0.0817242370729446,0.31890365232599743,0.0009751078704859603,1.1568082549580319,0,0.0016735457323868441,5.181318326384561,0
0.014651945855548937,0.27268275708482953,0.00034178070610508756,0.7684113502880745,0,0.000628431061980024,6.409377769135767,0
0.03859532912999353,0.47480590305308856,0.00026994873421959197,1.4266353726257728,0,0.000364713923687457,4.915837006404963,0
0.010665792812025177,0.24364867440381735,0.0004020800600285603,0.9443983110234146,0,0.0007885986124379634,5.802767411371106,0
0.0514101203995571,0.3223699370140306,0.0010072603518109704,1.1582543231760367,0,0.0018273217163883215,5.158597811320064,0
0.005742452516298235,0.2805275702568508,0.00033369290642600854,0.7480373076148842,0,0.0006210315350780373,6.392865253526106,0
0.036322591239114244,0.48168639075309383,0.0002691344285072741,1.4650899768750967,0,0.0003769304746625935,4.912112289914812,0
0.017237625336536583,0.25240091985240504,0.0004078833308013599,0.9966436904317445,0,0.000793778748998935,5.802186228370413,0
0.05576310263358299,0.3137415212697628,0.000986189931682989,1.1345768625190331,0,0.0017434346642611273,5.141225590011766,0
0.014509611723989652,0.28133411505862865,0.00033652453029137797,0.7870299785930703,0,0.0006244584791440561,6.397224642884246,0
0.023503810455125285,0.24110763550196984,0.00040043241727056764,0.8829405160885586,0,0.0007623252160671349,5.821979846098435,0
0.015970917762637787,0.2781767136687285,0.00035271145635853046,0.7806796631273099,0,0.0006507922793202051,6.392906984696879,0
0.07142584101068733,0.3059612114846696,0.0009966276827884256,1.16312018794282,0,0.0016742652780927876,5.180188499383653,0
0.03384115084845146,0.4930509899020764,0.00025024317098788464,1.456779019352175,0,0.00036145524368200177,4.91008361449166,0
0.03711373375000859,0.4796007041529564,0.0002760230419770906,1.4984182571921572,0,0.00039474285983454217,4.910199582620181,0
0.022422174804165473,0.2413391623307368,0.00040627292854440364,0.9323080144076052,0,0.0007817583465438554,5.831296912090353,0
0.07020667171569267,0.32256680628049483,0.001000783401236814,1.147348267739294,0,0.0017494492193707578,5.203068166229697,0
0.009576210190504392,0.27197067502093153,0.00033595614217455153,0.7409318757909931,0,0.0006104059578475436,6.407040221337216,0
0.04233587155218178,0.47541328771959107,0.00024024644624871585,1.4802973544571174,0,0.00036421410401205116,4.9173975844990565,0
0.012617011605120451,0.24677240451731672,0.0003986130114628948,1.0117579520689783,0,0.0007868158180741265,5.812259354578343,0
0.06298543439050483,0.31484723301278256,0.0009961074353924551,1.161984133688549,0,0.0017537355769001537,5.166996829516697,0
0.008771881002405918,0.2727022087055659,0.000349039776619816,0.7400491267919336,0,0.0006415741688486014,6.403949516438267,0
0.034726295682102504,0.49090571098474944,0.0002746448628985291,1.4773128112999678,0,0.00036826915560143967,4.913711817681562,0
0.015362942581004888,0.25208691477405165,0.0004007369217846981,0.9601172638781867,0,0.0008071366844104807,5.840764165467974,0
0.07788995178107108,0.3124173974658668,0.0009562051568770681,1.1308513082678158,0,0.0015531665419319049,5.1961447551416615,0
0.0072878747475445815,0.27153027305068395,0.00034270925504321464,0.7123423238960331,0,0.0006198881574581224,6.416993589859121,0
0.030344810701534122,0.4747749414843012,0.0002101607319345382,1.5322517741921382,0,0.0003563195615844082,4.913798192071508,0
0.021775122550633477,0.2543201378253489,0.000402500422823799,0.9154113951047325,0,0.0007940288637470061,5.841603444459379,0
0.06975608248715208,0.33253378736873296,0.0009310586549595769,1.1908682011740004,0,0.0016270954459625285,5.21192122755295,0
0.013180276252127754,0.2645273699937192,0.0003541859502978955,0.7667763926859748,0,0.0006395334324739573,6.402809385698587,0
0.03655098397295041,0.48003572270962147,0.00027233559505804246,1.469344172153733,0,0.0004135227480285429,4.911248304837665,0
0.009016626472592382,0.24382875213187177,0.0004106684902534153,1.0001808326636858,0,0.0008189945813500149,5.79951803384056,0
0.06982634416819451,0.3315083010096776,0.0009901879920473262,1.1609287067718945,0,0.0017603314467049729,5.15790264836514,0
0.012251692787486612,0.2745916660880024,0.00032554733701654014,0.7377901268750628,0,0.0005980150325454604,6.385876757968576,0
0.03684154890095766,0.4823876981432653,0.0002739570555713677,1.4747730754655801,0,0.000356390860043162,4.912645029906158,0
0.013669227764098693,0.2415051339569322,0.00040142906909315857,0.9628654163081989,0,0.000784938059503842,5.794255292484635,0
0.055070135848781475,0.3260597606399355,0.0010037839414043781,1.126831012931602,0,0.0017630949443238392,5.1696132660711545,0
0.012385533096037793,0.26869039781495835,0.00034348690324112653,0.7586514899193049,0,0.0006316967965831035,6.405832100572185,0
0.037056806139558016,0.5248976186054667,0.00030681148264645507,1.4723476672396438,0,0.0003831708160470696,4.9148452791360935,0
0.014692307535779048,0.2483813869082109,0.0003960641453474914,0.9500929565267704,0,0.0007774788018718482,5.787442888412159,0
0.0831324534890971,0.3241164221073607,0.0009689420888561193,1.1266549345982177,0,0.0015992673160185032,5.163724023187283,0
0.00953532319838063,0.2751285695474581,0.00034157382577562395,0.7744269001443761,0,0.0006338832227899258,6.397850058521948,0
0.038373989721168275,0.45464352802206653,0.00023341613763611742,1.4693676493987313,0,0.0003651733902310579,4.915645752590585,0
0.02057128293124809,0.25490177120615654,0.0004146252003599618,0.9781089813002573,0,0.0007915621844094692,5.814387049525809,0
0.06781148541454356,0.3131513499937157,0.0010301476028659108,1.129356685052583,0,0.001822799526618602,5.176955027599287,0
0.015315415836083396,0.26081583493384114,0.00034972135834184176,0.7550157700248208,0,0.0006240134752572157,6.392207478052064,0
0.03793439215224975,0.4869787336159477,0.0002606134052964395,1.4915905146679855,0,0.0003867907218229292,4.911333276395559,0
0.008302373457283047,0.26787769133737355,0.0004058893734002729,0.9448515877920203,0,0.0007977543543089359,5.841627932669287,0
0.06086082698008573,0.3075848136157676,0.0009636842175115729,1.1143231536094387,0,0.00166212030536258,5.183885931081071,0
0.01175615801042526,0.27368917939501647,0.00035216367773702824,0.7657942117901134,0,0.0006397500661273163,6.419029784793178,0
0.01965945584999934,0.2563907385202974,0.0003853304609111484,0.9979161615613826,0,0.0007671107473091898,5.8242041815206615,0
0.014873748205018578,0.2685603875474367,0.0003388519178495052,0.7660480182685045,0,0.0006241911041397046,6.405782804895556,0
0.07599818307562975,0.3279351420106596,0.0009625913389281484,1.158406543108335,0,0.0016856615306424614,5.171016163530849,0
0.03633044774267781,0.485521634202838,0.0002753602860491689,1.5017098988869255,0,0.0003640149419045975,4.918377298943699,0
0.03076651562546011,0.47893849462777566,0.00027674402707748895,1.418017795681331,0,0.00035396471520830823,4.91150602636103,0
0.021346369440845878,0.24292697712149644,0.0004089965224115798,0.9582256011244494,0,0.0008034212083231894,5.805513519673859,0
0.053140065077051546,0.333729419777936,0.0010028685668318437,1.1273922079416123,0,0.001743044677806144,5.152716585208317,0
0.007328967591271718,0.27355876844047167,0.00033498898850001474,0.7475547693378845,0,0.0006122417311775832,6.38359078548198,0
0.0384182929912351,0.4762548585954202,0.00025579880428416185,1.4871404382435027,0,0.0003954280208873983,4.912491198131135,0
0.010933817274054694,0.2528601720918437,0.00041322052414553725,0.9622001333804604,0,0.0008185582090862278,5.834114035306248,0
0.06120202944292674,0.3193333602463406,0.000942561897495116,1.1138513034218116,0,0.001630955780438423,5.194550780035939,0
0.012964997660393135,0.2814062747626665,0.00033827939714041515,0.7275897261344704,0,0.000616759376959355,6.403403864442966,0
0.04012547279959258,0.48400773337463404,0.00021748231869453427,1.5441983764988234,0,0.0003920841499765656,4.911812585899242,0
0.015589756921559672,0.2476381506393835,0.0003974234004105524,1.0016844522964683,0,0.0007796067087096532,5.828209716811598,0
0.056479190601304505,0.3059199575440812,0.0009545124477634598,1.1131817241170836,0,0.0016452795192260187,5.180917806111568,0
0.010583086496076505,0.270231726936582,0.0003554729428145746,0.7656055766976524,0,0.0006458273320848445,6.3902425268923535,0
0.038344737778796684,0.48655201740088705,0.00026024347105063904,1.5348706850611644,0,0.0004031948941659242,4.910889701059464,0
0.016524869747091983,0.24001170198958915,0.0003986025392852968,0.9294926707691242,0,0.0007771167515411926,5.802667200770867,0
0.08666358823948563,0.31720108376099126,0.0010274743586356258,1.162283883239604,0,0.0017638047236301741,5.171594545804688,0
0.013472925828992982,0.273849845692604,0.00033694140593625596,0.756136709263161,0,0.0006273656511102288,6.4016779859162,0
0.01669491400774703,0.2789543066515025,0.00034100628029027095,0.7633801967341413,0,0.0006281745135723581,6.399510459840134,0
0.05222769342424195,0.33423517454951374,0.0010563292598915568,1.1157506602824938,0,0.0019171888354514162,5.162744190502804,0
0.03915139411495387,0.2250899151387326,0.00042872987407598106,0.9650286681972144,0,0.0007627940789832707,5.807412843461826,0
0.03784070191565722,0.49663429296592193,0.0002686173359390067,1.4515064431759557,0,0.00036794103133537065,4.913401538259946,0
0.039919674102151276,0.4805339125797623,0.000256511042666932,1.4412924406075476,0,0.00037228390682937873,4.912765204957739,0
0.011723066312439218,0.2357279248432751,0.000413245062080112,1.0141139295228305,0,0.0008206686832178515,5.791114118434784,0
0.05977208576770934,0.3214586224491409,0.0010222946474854613,1.1484899442617316,0,0.0017654955318886095,5.1607121479159925,0
0.006379167748354286,0.27959939264051814,0.0003277237955458489,0.7459246542594208,0,0.0006149509260576548,6.395351724153709,0
0.03922686188373156,0.4782820383536963,0.0002581199750430849,1.4816594186384706,0,0.0003696611593864033,4.91401479012674,0
0.015500131418639249,0.24482164554476077,0.0003889973063677472,0.9355228236740956,0,0.0007720065884404414,5.797934380496752,0
0.08726148359649563,0.32458370625591204,0.0010301602791209113,1.1527103597605355,0,0.001625545042906721,5.173254680750013,0
0.016721986320185955,0.2722039096606099,0.00033905521372064567,0.7583835499026588,0,0.0006221695030190495,6.397735073974142,0
0.044791630521721526,0.4698899238041383,0.00026217740180886303,1.4634653379268727,0,0.0003879754377742921,4.911583816908476,0
0.016869276362173627,0.2406515746476813,0.0003864743684954371,0.9214272111503495,0,0.0007556955956743284,5.806618426199326,0
0.0637369221370884,0.3316426653498808,0.0010227216085058346,1.1782612789686162,0,0.00178722622962908,5.166635646472885,0
0.009821694365158368,0.2788716718647879,0.00034862239098796237,0.7576694962522118,0,0.0006451833637299114,6.398735859812299,0
0.02955708809326088,0.47390043794442555,0.00026002623778564996,1.4802214877964106,0,0.00034125227475220016,4.915365850652053,0
0.014209641399559672,0.24326161720722891,0.00041470272442291464,1.0171171296264907,0,0.0008069098184227402,5.803529433806637,0
0.06841865282553729,0.32934209595288094,0.001001095483292878,1.1687816630738233,0,0.0017533571603455943,5.161330180317985,0
0.011874647371314828,0.26834388996159303,0.00034757396752018577,0.7603656159623351,0,0.0006316323533065233,6.391632783892338,0
0.01862264143737441,0.25143317806027904,0.0004175972444082475,0.9849321635605013,0,0.0007973585485410445,5.806892026419332,0
0.012093572096291944,0.2750515323329103,0.00033037130657308667,0.7622012712369718,0,0.0006100570226928954,6.405074996275574,0
0.06496359897053927,0.3146912788154319,0.0010113556984313718,1.116227588368234,0,0.0017918380426831626,5.1643053354223065,0
0.04004953222716487,0.4675623877451788,0.00025603882049790876,1.482385196051194,0,0.0004015261533712352,4.914435876717411,0
0.02176147871810187,0.2629984338876507,0.00040166594420607097,0.9620565867371625,0,0.0008103782248959697,5.836167657440126,0
0.0114251773803411,0.2734753953642972,0.00034960299950641044,0.7669463614748052,0,0.0006495287482325399,6.40994427998942,0
0.06731425215420311,0.3239118995972709,0.0009129559685413342,1.1426364301295764,0,0.0016227786860969861,5.191665316098006,0
0.03555316494091687,0.4942229256886454,0.0002680654450430375,1.4272732247998412,0,0.0003571420228896996,4.913741375739025,0
0.0370560035330966,0.47766902128710015,0.00022089229274773823,1.5361100545643347,0,0.0003674469020311751,4.9146076765833815,0
0.013971340053392331,0.2472534315500686,0.00040492975081064065,0.9545855340115952,0,0.0007800101309679716,5.810762101794642,0
0.05989899469572089,0.31972812427803365,0.0010214721844207723,1.1784537988525676,0,0.0017771564752047803,5.168427119315359,0
0.01614479216722109,0.2790811498273706,0.0003228671984352273,0.7721824140957525,0,0.0006051725121031549,6.404277724574385,0
0.02227423824537439,0.25323807124798275,0.00041904033521146587,0.988347064887723,0,0.0008063055598172452,5.82882182386324,0
0.06306873146440649,0.3050423144568226,0.0009669303124153368,1.1213589388117027,0,0.001651039331900801,5.192023438278985,0
0.043259672459327464,0.48718616372379125,0.0002814767901440501,1.4684486705041595,0,0.00038626933340281177,4.911202291324352,0
0.02267167132574574,0.2695477384599236,0.00034202884199169455,0.759351272295233,0,0.000619234372610289,6.3897674715661985,0
0.03771371382562848,0.5151645318122854,0.0002801457897946149,1.5187528998814406,0,0.00038385759469309374,4.910864396230589,0
0.017570140460532097,0.2505673920935525,0.00040197919713481846,1.0148922534002365,0,0.0007998484032790538,5.8279514773156516,0
0.05743390672735328,0.31345594459128384,0.0009746552950273256,1.1443642373655092,0,0.0016935186331144799,5.17649089971095,0
0.008207588693858708,0.27915867623247126,0.0003399699768471552,0.7729601236372005,0,0.0006351705528905852,6.42372923394684,0
0.03702922932445889,0.4788151627483684,0.00024083293527970873,1.4419775993736463,0,0.00036172914414977467,4.913967298622889,0
0.01328088863550178,0.2510770898857716,0.00039979972464290113,1.025783914190778,0,0.0008101249149938295,5.820421402246791,0
0.056684414725770293,0.3069475763887031,0.0009931345840477072,1.1231577888083737,0,0.0017347952498183684,5.168687363396468,0
0.0093618219239682,0.2730295675813585,0.00034192430073878816,0.7258113283757084,0,0.0006185760172817552,6.387641729532917,0
0.035364194665440746,0.5115492658193787,0.0002834182435670134,1.5051368071539135,0,0.0004281360369251133,4.9134554361979905,0
0.026648742007924553,0.21976737727636744,0.000415254304970823,1.0219963768706237,0,0.000778895885633088,5.794036874773694,0
0.05175294581656095,0.33305860299543716,0.0009747293639899786,1.1185072372727998,0,0.0017957062812953303,5.150125130819274,0
0.008518755122036481,0.2710358338525231,0.00033851297631681273,0.744204447756811,0,0.0006172924533989519,6.3847527830337,0
0.016013103955558064,0.24879753561353785,0.0003939285000435556,0.9449328315544887,0,0.0008064775901303332,5.804835817632647,0
0.04029910153576134,0.4966927345236636,0.00026074039582470865,1.4984782973070983,0,0.0003833892466286432,4.912377690856399,0
0.005456544166873162,0.2731825569098735,0.0003522768578443195,0.7596997900362633,0,0.0006458274714468657,6.391029834223617,0
0.08154450665917722,0.33381022496791124,0.0009893575246316488,1.177357612084208,0,0.0016148920578833521,5.173736637983087,0
0.013729696701602068,0.24260906250938843,0.0004112600054381272,0.9703545546145911,0,0.0007969714196019965,5.822017161137038,0
0.009849843793862417,0.2768152171713605,0.00034049659501262633,0.7778442988986896,0,0.0006274232228299021,6.405594761660449,0
0.06521347672752953,0.309524063598662,0.0009662479533003425,1.1043045244330187,0,0.0016517775994055847,5.192915240691445,0
0.037046600148522846,0.487832567276415,0.00026715077602587373,1.486208479325556,0,0.00040119420418032614,4.91427980874179,0
0.017451251003973697,0.24342088545538404,0.00039773305945513173,1.0240544952267476,0,0.0007741061023743577,5.814526286959009,0
0.017552179108709293,0.2793372719428334,0.00033579826500464014,0.7556828075859741,0,0.0006248913666398602,6.415132636578159,0
0.08029373787684765,0.32618945044822495,0.0010179072972745686,1.143223311989436,0,0.0017251818583317148,5.153107552203888,0
0.03775060248110439,0.469544405075452,0.00023385219832862807,1.4278619546255724,0,0.0003505795841132169,4.914343094428216,0
0.036739375098976276,0.49215372791586226,0.0002620168919062261,1.4882482949967728,0,0.0003960872319132901,4.913079413017154,0
0.021294038303925178,0.25204045613288656,0.00040423261078567207,1.0074853520812719,0,0.0007868927583776834,5.820860389117978,0
0.060483211868850195,0.3121562023067783,0.0009906837698482921,1.131070548622415,0,0.0017254734819458265,5.1784262455368655,0
0.015428982682953646,0.26914702626491416,0.0003391476364595538,0.7528737165858879,0,0.0006182078124526882,6.3933615332584655,0
0.03755373839037578,0.4678927263216661,0.00026462770798834295,1.4922412983049405,0,0.00036532351626954895,4.915622732545274,0
0.026999627929734746,0.23524558302726442,0.0004367972640968886,0.9810001692482041,0,0.0007990453901290429,5.777152995546203,0
0.07028585861297931,0.32367503134692965,0.0010993002913917515,1.1083684517230596,0,0.001947751665843173,5.1293714076078345,0
0.012120005355347907,0.27758246868031355,0.0003216404344380974,0.7470300206272128,0,0.0005980504385447728,6.365956242936059,0
0.010740764148337939,0.26792376567324633,0.00034183015983242003,0.7734482237364084,0,0.0006242873134733509,6.395013848043974,0
0.06392260513631114,0.3242765684669817,0.0009610505197803499,1.179543398173891,0,0.0017293433401808257,5.158232727869381,0
0.01846709020911727,0.2594611198552146,0.00040823770632113124,0.955565775780016,0,0.0008054361058506076,5.806233511986348,0
0.04173731497982497,0.47741591001370925,0.0002770914892019128,1.4667915355206746,0,0.0004186536286283784,4.9084047710730445,0
0.03008037013368936,0.49338776674602103,0.000166011627773583,1.6198306091868786,0,0.0003573812651827455,4.917167032885503,0
0.017776958945892596,0.25297377391716513,0.0004002479193996103,0.9540976714502283,0,0.000788636966203969,5.837212370654596,0
0.04908160864427742,0.30276975713706683,0.0009654613398979936,1.1002161741131977,0,0.0016990862062104596,5.185789997464677,0
0.01135448103210096,0.26850698793886846,0.00035567560557100075,0.7763850751465782,0,0.0006544501044024296,6.404397345457353,0
0.041146122898852125,0.3167259102356279,0.0010039459200923999,1.1115750079366837,0,0.0018417521729362145,5.1660400238758575,0
0.011916350234242451,0.26639066221081187,0.000348967600569204,0.7410244379467013,0,0.000627656524004841,6.411606028059229,0
0.0378838261211603,0.48710874169050516,0.00026586215906334063,1.3689447140102622,0,0.0003248748851584621,4.910866263452496,0
0.013205898232600127,0.2516610006405742,0.0004015299348454254,0.9450885558603433,0,0.000774026470602405,5.813272758965246,0
0.039947772061074124,0.4893788688190455,0.00027651880349310214,1.4966684169532616,0,0.00041831446285679123,4.912253385640291,0
0.023145792666258755,0.24556277656637784,0.00039047785821830265,0.9338053758334984,0,0.000767031194445418,5.819880498677593,0
0.05568678354074026,0.31687754123330486,0.0009650393744555613,1.1175181457545151,0,0.0016608796374140773,5.194311942824813,0
0.0102174133108969,0.27506490133720524,0.00033826775835971813,0.7329049971213375,0,0.0006219591392239407,6.397279094023834,0
0.02951621529864268,0.46742750349280515,0.0003074658642131678,1.479066981983543,0,0.0003689376212967023,4.914556935133896,0
0.015295013362586402,0.2505606061317117,0.0003961455712326125,0.9557897880832171,0,0.000756168267731838,5.797998018750599,0
0.06759928682005495,0.326767263675659,0.000996810496601489,1.1801350831092854,0,0.001765884473787845,5.168407312191439,0
0.014754226471654863,0.2774407334523643,0.0003399935135802545,0.7643309582394653,0,0.0006292803668628314,6.4012448282255106,0
0.03636184920487219,0.5047204631381313,0.00025948663807833243,1.4440623598310283,0,0.0003639533068239812,4.912448445072075,0
0.013435441411513135,0.258408292379044,0.0004083115549646232,0.9877673620382555,0,0.0008056008055119539,5.809864416981587,0
0.06924658290920171,0.3040985988858666,0.0009988344970807551,1.1282708314318277,0,0.0015943145659489519,5.16679012961008,0
0.01110854829025984,0.2750734235069473,0.00034569942260509684,0.807909657183155,0,0.000642815979329802,6.405058532578912,0
0.03808033793296445,0.47607094106563397,0.00019547261214483618,1.5433993214344128,0,0.00039941262332605384,4.916736298962035,0
0.022058225938991163,0.22894383463084275,0.000397444972980067,0.9992079935544129,0,0.0007522098476309976,5.819335098863261,0
0.05739077044996754,0.3333359914173817,0.0009655873200684084,1.1269310737368632,0,0.0017153978921376945,5.1862430741591465,0
0.009161606852281623,0.28098040281230374,0.0003301435190273366,0.7820703544640266,0,0.0006369287490041964,6.396909799692304,0
0.010799580776862189,0.2497761666733763,0.00040801987448093295,0.9706791457819446,0,0.0007903127217502615,5.821327711902023,0
0.013327020105851933,0.2654243294280254,0.0003481108413712589,0.7741290825469507,0,0.0006382574739347602,6.391640249315296,0
0.05635914072294096,0.31362101452109986,0.0009575026826369838,1.11526440749576,0,0.0017044585425091932,5.161819727605517,0
0.02822804083864526,0.47722241483054834,0.0002729441566790761,1.5281134101570724,0,0.0003294903507422853,4.913757875356206,0
0.06807423858154996,0.3212148128870459,0.0009559761431950229,1.1685158837023215,0,0.0016410031932841951,5.183456779919242,0
0.010271870321632126,0.27339441065799647,0.0003429593044454575,0.7663337847093159,0,0.0006336368655614177,6.3933639198120265,0
0.03306993089142238,0.47107220433326785,0.00028972495764341427,1.4791349749085065,0,0.0004125719079636615,4.914154238508163,0
0.018379806519963793,0.24418609187297663,0.00039404220820541617,0.9235719854730498,0,0.0007677314718171901,5.8018565876943855,0
0.036551498071129174,0.49796759326900936,0.00027216743612925594,1.4867349789238222,0,0.00039968713196963197,4.912643126474604,0
0.026805252363502202,0.2484279199719149,0.0004077250215373324,0.970167452587239,0,0.0007788140755788529,5.79930991690468,0
0.05350271957165385,0.3172787539584863,0.0010051435426419151,1.14772697483976,0,0.001835773352371112,5.166653781411282,0
0.006526318907268097,0.2784541863793797,0.0003354484199596559,0.7475982682466553,0,0.0006218565864708964,6.399131260018465,0
0.03572279578280993,0.4898437233073201,0.00027516812393309936,1.4910256456074813,0,0.00038182139341351164,4.913445348153863,0
0.016188118256737133,0.25196567514920815,0.0004046411099328568,0.9782651543700422,0,0.0007993995138918282,5.818549205678356,0
0.054208286625935465,0.3196156660782323,0.0009764334402583826,1.1411902553995195,0,0.0017219926547741324,5.174955572385293,0
0.007018115143132192,0.27181033341757826,0.00035081120204900277,0.732622842007846,0,0.0006351639269638199,6.395444379996162,0
0.04547738702379221,0.4818369418770597,0.00026247985720522784,1.4263999214123508,0,0.0003693688725444979,4.9108932049451575,0
0.01902074026689797,0.2448011750995089,0.0004024801170416332,1.023577772280305,0,0.0007995684884337266,5.806912163024162,0
0.05991256012982697,0.3008158628382172,0.000992070990351838,1.097334278860122,0,0.0017191661146637217,5.170244322318435,0
0.00994532094165576,0.27571334582195567,0.0003325513720437542,0.7334865257349386,0,0.0006101758477499916,6.406718013333852,0
0.03957616940181945,0.48750524591706673,0.00029016584656798314,1.495785990643301,0,0.0004037270308252415,4.910815999446169,0
0.021766404721748664,0.24611092872521015,0.0003944891534092413,1.0553699284871045,0,0.0007939020063915146,5.851227291698796,0
0.05725845981181457,0.32534383308768344,0.0009199428948104607,1.13090768779492,0,0.0015669980055966865,5.206035445468602,0
0.015400394561387754,0.2719116019100654,0.00034443097859977544,0.7435397436647792,0,0.0006292307082395536,6.4099022038647355,0
0.03699924628333712,0.47846466459188536,0.00025587218101535194,1.4793069991665462,0,0.00037054103558803784,4.912179350015618,0
0.010343310407299272,0.25081566656771737,0.0003978635973158072,0.9229242505502369,0,0.0007697781693315587,5.812668916427661,0
0.0866058193680678,0.3223462127323936,0.0010745182467141224,1.157967435822587,0,0.0018832871894917586,5.165452040112705,0
0.01555842909706362,0.27625239254870065,0.0003492953525056269,0.7617397288770222,0,0.0006417963307243153,6.41070697557345,0
0.01484309832729272,0.2704115798992199,0.000330613334544988,0.7559402162299622,0,0.0006058806346590216,6.4003614990098585,0
0.06767476306556167,0.3251361901040386,0.0010433787913000153,1.1824668240046379,0,0.00190364702892934,5.157940261622079,0
0.014829942357896336,0.2481182828285382,0.0004144083663392878,0.947135462775426,0,0.0007895574339432786,5.81832039681153,0
0.035509907102322394,0.48683394252609946,0.00024266356844019948,1.4507736450539654,0,0.00035927838583350684,4.916170013029071,0
0.03842684652454216,0.48636129780918264,0.0002748276323871697,1.476297441396372,0,0.0003694311128901005,4.91378537804214,0
0.03190403338484346,0.2330101680726076,0.0004389522142447405,0.9873816640508881,0,0.0008154052049036914,5.783089184351085,0
0.05733284108720978,0.3277439982631549,0.0010585327737310068,1.1265780380600596,0,0.001929847694251737,5.148175717889099,0
0.008975126005166228,0.27638542480445943,0.00032819461197969356,0.7630576189237719,0,0.0006149396082467804,6.371518932850709,0
0.01013186858997625,0.27403952099980555,0.0003339021208153541,0.7648041897590024,0,0.0006204321217797858,6.397816359109381,0
0.04138612637364778,0.3276463913450866,0.0010288068425762145,1.1578365562911155,0,0.001812232490342726,5.166643582031147,0
0.007974906278457483,0.2504997766511167,0.0003784634433549353,0.9686750223734211,0,0.000750352797151548,5.80498187659102,0
0.03834852509824699,0.4688775399499801,0.0002738071348619791,1.489263464710418,0,0.00040676540942988253,4.912879195157722,0
0.03242503513598377,0.4843865851073102,0.00023608001437998822,1.3944809201264605,0,0.00033459645590816505,4.912381605373246,0
0.024673933238272452,0.2434295432133818,0.00042653357605703534,0.9566634075707439,0,0.0007899000544441686,5.83151806664052,0
0.06035348868428455,0.3148903160946342,0.0009593241838228216,1.1041102769674156,0,0.0016619058989315691,5.177514522276972,0
0.011602575555224537,0.27494901030313634,0.0003289380135777391,0.7604497006198918,0,0.0006082822853750451,6.4122673701762904,0
0.02101388790578196,0.2551486823355635,0.0003979730405487842,0.9070165850826353,0,0.0007699952489893207,5.833493999507101,0
0.012245575332273995,0.26896350078904063,0.00034136843363046806,0.7646338699489829,0,0.0006217072021909968,6.400493441869777,0
0.07923848676325435,0.31640321419910317,0.0009557930306226852,1.1327518846606535,0,0.0016656944585335105,5.1782889105917675,0
0.04235071562268489,0.4801774615828926,0.0002670101695339097,1.4355757594695,0,0.00039186612515947425,4.910306968482384,0
0.012424468708447517,0.26268230908187057,0.0004100628341602118,0.9651653790712205,0,0.0008134287447824259,5.818814735625175,0
0.012316403846277801,0.2746494750464328,0.0003496082707654887,0.7858364745870468,0,0.000641136725804021,6.405279365168303,0
0.07670670353377387,0.3146280204918082,0.0009280236682721033,1.1157548440238727,0,0.0014826657036064682,5.178517485783286,0
0.035486713861352936,0.47664963208251404,0.0002778917066725241,1.461438231433767,0,0.0003750260380064373,4.911693709888759,0
0.08023267669827783,0.3118320727754881,0.0010315223120742985,1.110279566806869,0,0.001821601162042919,5.141746976047175,0
0.01879893642646055,0.2685500180656879,0.00035316996416527796,0.7555273493765089,0,0.0006431286638258736,6.398351668027531,0
0.03800612435920686,0.5035411450258609,0.00025858123145561186,1.4880199793440962,0,0.00037680742239807816,4.911536768514312,0
0.011266458991834427,0.24394771065985946,0.00039985513187646484,1.0081540118694474,0,0.0007636957455202197,5.80329058871675,0
0.03465470904671333,0.45845952988724825,0.00023384054580679613,1.5178645451438642,0,0.0003847742767780277,4.915935674846359,0
0.02122187235222106,0.2536609124790469,0.0004024342647456601,0.9407066842177818,0,0.0007999403252153959,5.825997615336975,0
0.08870407679211882,0.31701282486175286,0.0010115845511365872,1.1474153840897456,0,0.0017278081069733652,5.189219529976205,0
0.014940176053559656,0.270741457202472,0.00033808865857183786,0.7378949830472893,0,0.0006137361199769539,6.402551412144181,0
0.022839865724003414,0.24424645944733708,0.00040444275431905213,0.9691103419641585,0,0.0008019124300780808,5.814353421238193,0
0.03351881813110505,0.4880858415780359,0.0002601765957277489,1.5135072958356028,0,0.0003673127551292481,4.9155636269562395,0
0.012418118718880988,0.2707109803972,0.00034243454812061657,0.7755477229340225,0,0.0006266407838890677,6.390328193992636,0
0.058670413382031106,0.31630517102665207,0.0010757697318254417,1.1736603159962757,0,0.001872322828013296,5.175229748192983,0
0.013678873369182415,0.2430785339261476,0.0003955066321432525,1.019175253150094,0,0.0007679354412275443,5.802657393282792,0
0.011846315392137485,0.2743824208583895,0.000350422404144965,0.7553641583795907,0,0.0006416803817702644,6.3972976148201965,0
0.06298543439050484,0.318039428768312,0.0009653411703657088,1.1263865863828966,0,0.0016988830580910625,5.161570289242962,0
0.03323245936782246,0.4920039288873895,0.00022317398393642237,1.5811271130719762,0,0.0004118529051493265,4.917403718776562,0
0.02307452196661955,0.21723319872008326,0.0004412083782043233,1.0348354847416834,0,0.0008416659451915601,5.834843016983413,0
0.00627992764521923,0.2723558636034889,0.0003449749003077836,0.7187221667761403,0,0.0006302723060465744,6.410670208928101,0
0.06143792909074075,0.31981395303600557,0.0008837770458160584,1.1057305004200488,0,0.0015202108448449253,5.19966196358972,0
0.0379228560057404,0.5054849837581704,0.0002978069939531932,1.452854005117885,0,0.00037031140146700006,4.911721893801091,0
0.013111206609198178,0.2756201597972865,0.00034479365349994625,0.740396852541575,0,0.00062764890244523,6.405294888963573,0
0.06483625857902192,0.3138887842885801,0.0009989397140055677,1.1349774388308698,0,0.0017329071999691555,5.197115056020378,0
0.01356911882997959,0.24614549946887843,0.0004034814476346426,0.9348018498635132,0,0.0007895742448436819,5.826879628319369,0
0.039179826768188916,0.48144263178914165,0.0002606901954142781,1.4867355410499836,0,0.00039251268694505203,4.910398668782907,0
0.03997221017796866,0.46192937125359534,0.00023422815612633897,1.4678563050019449,0,0.0003634198815081661,4.915678390797341,0
0.025460919275125893,0.2516846857974802,0.00040310205887662733,0.9607149327291298,0,0.0007941862992131294,5.831729375326698,0
0.06826640594008022,0.31656597694141647,0.0009441389133653345,1.111389410434941,0,0.0015040311448525992,5.201315666849726,0
0.009311121988944127,0.26876213464756743,0.00035215699626124414,0.7015890852339075,0,0.0006317081243043377,6.415502973313525,0
0.04133729480279459,0.5107969497826466,0.0002668961145864467,1.4578926270891546,0,0.0003622273859633068,4.914044028137816,0
0.018310441400614427,0.2583096141505931,0.0003994885555783614,0.950210123879582,0,0.0007850159337297809,5.832809052264131,0
0.08367757140407367,0.3160897318670911,0.0010184432849916806,1.137711551821301,0,0.0017739788473795405,5.147864599239514,0
0.008618851179779563,0.27081558480083423,0.00035294926779321395,0.7912472594605815,0,0.0006486952276859199,6.397650315141171,0
0.03931617233367579,0.32200574186979497,0.0010753690100595015,1.1356795884783633,0,0.001869507446996212,5.179956243749667,0
0.0179489352196385,0.2726641761235649,0.00033266600721592964,0.7789462162113362,0,0.000613086576009937,6.3996056126823735,0
0.025236387955373307,0.503700736787398,0.00021798579813568544,1.459109726929208,0,0.0003274228719055582,4.915131032037334,0
0.018910127496002266,0.23389366707629108,0.0003817021755029769,0.9239623440202449,0,0.0007449633956554795,5.815551202988148,0
0.03729051542944596,0.4915924717699853,0.0002577254871423629,1.5676084641714976,0,0.0003890619168456323,4.913755317019782,0
0.014038320980742147,0.2515851930266409,0.00041426709571030997,0.9479241327917198,0,0.0008114057288776007,5.819007670365075,0
0.06844225660068438,0.318956364314316,0.0009445166329402151,1.1184891731644238,0,0.0016642899831632238,5.1664972113300145,0
0.009922078576234644,0.2748363887494983,0.0003381196218199682,0.762343553816754,0,0.0006211473041801656,6.4064337559980435,0
0.03850636051114652,0.4846381471530875,0.0003149231513686701,1.4671776825102687,0,0.0004073123353870143,4.91272179025004,0
0.008646378965260507,0.24012117395732555,0.0003981015200327611,0.9626470917202152,0,0.0007725758076814467,5.807249053176055,0
0.06242710153274751,0.3250155652338311,0.0009279668868205962,1.1362967572129674,0,0.001653782410835764,5.1661632710793635,0
0.010517204440354005,0.2689346235202048,0.00034224750839968125,0.7554655575481395,0,0.0006300671599967482,6.395384001569074,0
0.03617655397314676,0.4679470801196084,0.0002457104431056722,1.4774068990331222,0,0.0003781059001870734,4.914976000686659,0
0.010898319358672762,0.24648874079058045,0.00041403699042279044,0.9843226425355698,0,0.0008049791874060598,5.793633910422012,0
0.05180759070976423,0.33647084598542115,0.0010207449558642205,1.2167858747373062,0,0.0018765588829794636,5.169615014742782,0
0.009994141486189295,0.2657565612286162,0.0003415015836222414,0.768894722750374,0,0.0006254735627350022,6.385398344072128,0
0.03952089260747618,0.4878939047137637,0.0002594683324920827,1.4755884569464301,0,0.0003882965230548701,4.911627277657866,0
0.023003649458372508,0.24133148994877873,0.0004032775699448781,0.9833972976639538,0,0.0007772310236204624,5.793158078023836,0
0.05899802376911589,0.32271200359365637,0.0009717716420641753,1.1179695125893687,0,0.0016625148091374503,5.163505149417408,0
0.013033538536888517,0.2848528022523036,0.0003462632746558231,0.7453206256775489,0,0.0006406113094182728,6.394780004586508,0
0.036996447603625235,0.47812989818551793,0.0002655641343756362,1.4743232022762038,0,0.00040507546704702347,4.912783988206223,0
0.013438317658207688,0.2516276752342395,0.0003973672167027543,0.9670053561075713,0,0.000785658335156261,5.789564057317608,0
0.08300582207477089,0.31568899305089126,0.0010177545472857363,1.1588117113127354,0,0.00179261359876963,5.1608768601887425,0
0.013070605856592421,0.27494383173857584,0.0003401634788819448,0.7565814940560531,0,0.0006250451217061948,6.394859428763558,0
0.03450053458239041,0.4627860743125921,0.0002681880125561387,1.4619070982235955,0,0.00036447347974736784,4.911907003818478,0
0.00619606306234044,0.23978333454358527,0.0004332239945540273,0.8191503020277342,0,0.0008047242254142598,5.811972654909004,0
0.06132761801405358,0.3224287150803762,0.0010213009704319333,1.128671879740274,0,0.0018120296787631914,5.165170638906238,0
0.015771008019715316,0.2763965901908822,0.00033084210033295253,0.7566830914681671,0,0.0006189016877211865,6.401879760383678,0
