0,0
0.38753477951822934,0.20890238995078525,0.3993791008314874,0.5184543378944941,0.7498088763594042,0.052213096346694035,0.07683590648075889,0.09233897685942671,0.6383686033596448,0.6385650834613916,0.35150801879463783
0.5502856604936718,0.156633945374225,0.21856897997793823,0.19035384790752252,0.25272290120521645,0.012478445772489015,0.562584267787507,0.5517485493901396,0.41332752235377823,0.6686009629150634,0.20405657619298062
0.48220631867376296,0.35394016600392403,0.09925337266684597,0.156886161641285,0.13711632024601078,0.19808432247453822,0.05642476180005718,0.05801952245352854,0.6130096063982142,0.6909853433605603,0.31283403657650305
0.49389574817512605,0.06148271916701201,0.5908315492204033,0.5893657397693408,0.7079781378790647,0.005839915752128333,0.6451927809267943,0.618600886552527,0.5050763087599061,0.6338470905017123,0.3005753512140013
0,1
0.3920772034009582,0.20901043446459205,0.3998551000300305,0.5201378748679634,0.74568193867081,0.051724648524562246,0.07890968536971957,0.09488327700416621,0.6373507937221302,0.6384553681662732,0.3512914682033976
0.550597988844004,0.15608507650142117,0.21977907372218775,0.1907347207385979,0.25350730897545476,0.012168742212648603,0.5666779928820702,0.5572517639102794,0.4115170270755385,0.6680538189857668,0.20290053202857455
0.4801150225794578,0.34944280261928184,0.0984004918043768,0.15631048970448966,0.13735853611584004,0.1958592022088939,0.05656884759900893,0.05831804786517783,0.6119922848621262,0.6886841961653625,0.3119096551538672
0.49371719179288875,0.059611148993748364,0.5954063004646523,0.5917719254757396,0.7116755170899204,0.005838280865300284,0.6488684846570596,0.6227460316975009,0.5033482933426576,0.6325627951047749,0.3004549805516993
0,2
0.3891441166838303,0.2088124496805459,0.399578766287622,0.5195371234082011,0.7464292630707714,0.05218010167355404,0.07892301969868792,0.09389882674709854,0.6386218610481333,0.6383047393770884,0.3521099904084283
0.5475373587173682,0.155510488931586,0.22011931098984594,0.19591893385847295,0.2545401478583991,0.012527556442716595,0.5609032332705568,0.550420896846947,0.41525448488861727,0.6689277187992442,0.2063375523021641
0.5017205612031959,0.05942785244042231,0.6001613966807352,0.5919041951064998,0.7150669448411892,0.00574675018539237,0.6486723958483003,0.6225151831153436,0.5014535211446065,0.6300218968108522,0.3006775989547202
0.4848554289568858,0.35793265711044253,0.09709477713033088,0.1564025153117794,0.13559703154959513,0.1990903184466909,0.055892609800184845,0.05738130839983044,0.6130185364925387,0.6924094565629187,0.3106942862703319
0,3
0.3899601009361501,0.2085679416583106,0.39813317141604254,0.519098253755117,0.7459190142722072,0.05226532552011372,0.0789563115053126,0.09451775773278034,0.6386883207799456,0.6385887958504145,0.35155609155041356
0.5471071698249246,0.15552697452021805,0.21872534424857376,0.19513724463769225,0.2535398628306358,0.012457054132305037,0.5613242123089688,0.550565998455988,0.41572667460762297,0.6686583957762207,0.20657220217708988
0.4838104686122068,0.3595183339129279,0.09691713716666878,0.15624392185874558,0.13504715169523623,0.2024116860922657,0.055509027509693276,0.05696844287600225,0.6168592214573355,0.6956482768236643,0.3144078173681945
0.5008602744765732,0.059256086199235725,0.5966826695876433,0.5920144753973005,0.713985205239172,0.005749613487760909,0.6497177511490215,0.6237223757707482,0.5015682014983379,0.6307084835118468,0.3005937110176741
0,4
0.5459469878550673,0.15449889016919155,0.21842089832666467,0.19576173681354755,0.253356408515611,0.012092384305361165,0.5615534559244908,0.5512864404159177,0.4151737033051379,0.6682418629693556,0.20602114017120993
0.3864219833199476,0.20733289791186943,0.4000900082221198,0.5210514390263599,0.748808944201889,0.052301084526960806,0.07720392446912713,0.0919301848932782,0.6389893785346092,0.6373794828474845,0.3523327466302904
0.4819662463961052,0.3518117281563544,0.09812711474115002,0.15657249870883008,0.13702752300545057,0.19922830226747196,0.056547178955262956,0.05760646824136248,0.612959072044191,0.6899565863327577,0.3124857325642511
0.5011378287891949,0.05991224053119981,0.6010308661463304,0.5918092821288818,0.7172477378160919,0.005846895391068696,0.6475842813000379,0.622284230426092,0.5008545468473248,0.6286249821568606,0.30121499844016036
0,5
0.4958814507332792,0.058720071467380924,0.5935084730426797,0.5929640253733827,0.7088923330947053,0.005909588506421065,0.6490369849711826,0.6220797723706664,0.5033311005024037,0.630794648034228,0.30167123223430825
0.5507434227094287,0.1562536671170132,0.21935575578626743,0.1905513375760641,0.25325267809584867,0.012257085544747512,0.5653361349371967,0.5551669785330786,0.4122885132799812,0.6680167511981621,0.2030889344946576
0.4839949510226139,0.352507192117691,0.09849800182858531,0.15925489801359588,0.13818922388281857,0.19742050357353108,0.05738133203843737,0.058903987753335246,0.6141737027735137,0.6911777543055492,0.3132731757515007
0.3887588691434607,0.2061368945478483,0.39829236264672596,0.5171511554373405,0.7456461774809877,0.05167265510796855,0.08008918669266105,0.09536271031776125,0.6389439223235075,0.6390955739308509,0.35172986346452767
0,6
0.3891978883287098,0.20877965784789565,0.39853658446642526,0.5193091808615657,0.7446984350428775,0.05223985161166813,0.07956589189301846,0.09400221394771383,0.6391505258319803,0.6378487516907948,0.3525729716964364
0.4832363897394204,0.35554283311013357,0.09556664137369672,0.15552577570338563,0.13336875891800576,0.19986877930649902,0.05627605793995272,0.05775976501253002,0.6136023062271002,0.6904700803564429,0.31356744353954596
0.5496735062605971,0.15604314581038303,0.21874023817173932,0.19055097957675313,0.25293891267424085,0.012180735094629476,0.5628171660633139,0.5532000265545504,0.4121763831561109,0.6681092585819313,0.20386857286771476
0.4923922859826564,0.0599046572231198,0.594326053373694,0.5915507199237735,0.7105066571041777,0.0059158827064214325,0.6468003302775575,0.6206139175990313,0.5039619700849386,0.6323356582932819,0.30135138607963785
0,7
0.47637086910194043,0.34521830698214306,0.0991826487194816,0.15994597143575587,0.1390355426517939,0.1927948777998244,0.05760364953323069,0.05934473577547142,0.613013971513686,0.6867859643712422,0.31312309385646714
0.49696127906856696,0.05885882165065481,0.5947198843394306,0.591712955162671,0.7100214986115196,0.005897113684497787,0.6460840444360436,0.6192748899916061,0.5032247875110317,0.6301145001964367,0.3013553582035566
0.5496364864216898,0.15582422331640366,0.21906238532689382,0.19096224039796472,0.2531753560111994,0.012365782630645361,0.564946569890268,0.5549940064963792,0.41259198025549887,0.66801298355432,0.20406162553474014
0.38860648380031854,0.20857601347744126,0.3991210561482785,0.5196544278466738,0.7501039143047544,0.05195326361181653,0.07878824911552657,0.0940941742485483,0.6379432976550109,0.6386414533594992,0.351346323705751
0,8
0.4835786533706655,0.3569663548918418,0.09759662998580565,0.1555259839445576,0.13499176650375067,0.19904683913777177,0.056412167844818284,0.05795120325740427,0.6132716626160885,0.6914098039187406,0.3130010329663662
0.49876739840021056,0.05997899193203321,0.5992345347251786,0.5913809696074019,0.7157335318686404,0.005789812224841824,0.6481029430368674,0.6227736234825126,0.5022866550583865,0.631351165990028,0.30001755230183846
0.39026362606852033,0.20768058768682543,0.3994005114600764,0.5173616481777332,0.7464822377484566,0.05144480079608404,0.07964493679661941,0.095354126926399,0.6372592350479213,0.6391935016267651,0.35077113839535506
0.546599690342277,0.15558722341360331,0.21883989499333148,0.1962116615921394,0.25380726758084715,0.012577244921990034,0.5607237501616236,0.5502702475180417,0.4160196034402846,0.6688846714076436,0.20696526919357927
0,9
0.4980470114001831,0.060381860537896764,0.5926318753384998,0.5906977965900393,0.7103910586107238,0.005868375781286142,0.6459449314524135,0.6202608446693506,0.5036756883235235,0.6324173754719832,0.3014844635350383
0.4833102884113682,0.3542702261581799,0.09904409463017835,0.15878243896895924,0.13777623218992902,0.19988833560639985,0.05673249444597056,0.05802720066961603,0.6154412155877255,0.6921010657372728,0.3137525397191741
0.38857299266536055,0.20753182570069376,0.3976424516343398,0.5189498639380112,0.7464727531701636,0.0521729120753666,0.07855320789700276,0.09427222518472009,0.639305048595363,0.6386163373056164,0.3520782151252547
0.5500974086816205,0.15662572927695975,0.21858597460704665,0.1902430235934899,0.2527408576593164,0.012168717349489787,0.5628889113802058,0.5532359398318126,0.4128125489964528,0.6681362564915307,0.20397204462911314
1,0
0.5502201235720754,0.15678650311465758,0.21821706135097993,0.1900388144409402,0.25248313174713255,0.012203323117074533,0.5622798205125763,0.5527522231334275,0.41246569831752034,0.6681014622349193,0.20340240728959663
0.39051676830579574,0.20872499439739797,0.39569423232350626,0.515816852774214,0.743314017128772,0.05196430761404068,0.07998918462744303,0.0960005670325173,0.6386709909565651,0.6400832564335228,0.3513201529407829
0.48076765073182104,0.3545659140940699,0.09657522177190989,0.15538998639366405,0.1344433218272908,0.1981077739714413,0.05700491439924124,0.05809976578854914,0.6109420220818428,0.6889653946822765,0.31123389108856453
0.49441432426960136,0.06008945754346895,0.5929689731329817,0.5904176616006732,0.7087817703920104,0.00594598279292783,0.6451764046112778,0.6195777337671164,0.5035844830559089,0.6322804033448273,0.30083160271368303
1,1
0.5026333890181416,0.060286910871952926,0.5985780025516951,0.591214373289842,0.7152854738439827,0.0057229941073184964,0.650127356120378,0.6238702109342336,0.5013819036071044,0.6306507221238967,0.30042466642114024
0.48247012970133174,0.35401123458836836,0.09771656400076165,0.15765546080657203,0.13708260522921928,0.19917068178488442,0.05652993105140203,0.058213316440971524,0.6137065250655607,0.6920239209627455,0.31241908632420456
0.5465769497790478,0.15443821953270695,0.21866391334647278,0.19560836253195665,0.2536299921144135,0.01239333606219075,0.5620704295615226,0.5522158030013653,0.4157385298533904,0.6679747087444591,0.20663079320560374
0.3870830032022853,0.20839672521337416,0.3990065646012724,0.5201884144926232,0.7473966220504478,0.05252661622221196,0.07675399091655807,0.09177726607405529,0.6390892128315224,0.637646192793709,0.3521082893674664
1,2
0.38988325038640526,0.20858956284904587,0.40105013635978737,0.5194320486557447,0.7468143478545786,0.051715751834043575,0.08036996398387533,0.09523668034575403,0.6380091549890654,0.6382976028238314,0.35147228719749907
0.5502178176116401,0.15709814766500368,0.21874563368810968,0.19061577904144394,0.2528161061995954,0.01244727333506436,0.5619092563858923,0.5517853222083409,0.4130616422628466,0.6686280235865437,0.2038242135084926
0.4943803457854132,0.05849693345847651,0.5948136960856285,0.5926440475093204,0.710168403342635,0.005870725725818586,0.6488027593065492,0.6229405973181796,0.5033034432325931,0.6314739099520646,0.30132449818660995
0.48166950268151965,0.3530924532984041,0.09863018083757422,0.15774898825009598,0.13741842566540136,0.19641997939339215,0.056275738202005654,0.05784208209878547,0.611587890600772,0.688455483550108,0.31148324467240096
1,3
0.48296070373931804,0.35759790704065453,0.09836414585845596,0.15778172986174993,0.13594488339704897,0.19843258731395044,0.05712907165975098,0.058112549929174445,0.6148779451879188,0.692537786302847,0.3138132880321476
0.49680572691342295,0.06022233371374591,0.5948430961975946,0.590456097094598,0.7114495575253289,0.0059244144176399186,0.6455588366031582,0.619109064097965,0.503406230802673,0.6310417411652204,0.30143782459055324
0.38760435711352687,0.20650048505214838,0.39784536877920657,0.5179779307619485,0.7465871956789634,0.05186552293681556,0.07823178136794545,0.09345115275028401,0.6393572242798238,0.6380720917852569,0.35201142223058673
0.5502468500097409,0.15634798168939604,0.21883401305104877,0.1901570387501564,0.2528737927559399,0.01232247828050246,0.563150968916533,0.5530491404694409,0.41239219795907384,0.6683608256872551,0.2036849018807937
1,4
0.38572434323082827,0.20693532552786625,0.3993958764869012,0.5190293357759936,0.7495166146121026,0.05231571902443329,0.07710830645678346,0.09179639301942011,0.6385767661616003,0.6388531628414267,0.3515106669129613
0.5025890779752992,0.06011773069645379,0.6000812462492433,0.5909539199122937,0.7172237162283814,0.005750668772346569,0.6474204865124353,0.6214236539819317,0.5011141338239986,0.6297022891482238,0.3001753829797905
0.4823300068972697,0.3538644054475415,0.0990714569118536,0.15901421910916894,0.1379040322276413,0.197313205712978,0.05680861794257805,0.05848680029188871,0.612552551808616,0.689260214438334,0.31297209565668044
0.5476424532918754,0.1533439253978709,0.22055113769737045,0.19492697239347848,0.2545801281000506,0.012158921793632732,0.5652933779471363,0.554681134647056,0.41423815504563494,0.6680310358730966,0.2056737043265392
1,5
0.48425882563783873,0.3552463203670423,0.09912166286039417,0.15811887283015444,0.1382097313547226,0.19476497719420038,0.05768295863559597,0.05921763969555957,0.6105359195921953,0.6896947021980447,0.3117776199883286
0.49458619787246016,0.06035395543673783,0.5930941534314782,0.5912688014407614,0.7107408745407614,0.0058434737941476245,0.6447884081561708,0.6193810700628258,0.5043745822289852,0.6332158631077569,0.30153419475087145
0.38787274284368906,0.20853771669717,0.3993008745452738,0.5197172676854047,0.7483675185544576,0.05194615614719068,0.079048670103919,0.0937766773464963,0.6388967145777603,0.6381263225507698,0.35214016355545175
0.5500129438858016,0.15642068153111827,0.21936517781311898,0.19101537043694602,0.25327238393656615,0.01212593900254217,0.564549627231463,0.5542987755820366,0.41223722735886437,0.6679876503702875,0.20346926623387698
1,6
0.48420189580533013,0.35275748674720453,0.09700314040199348,0.1559776311912976,0.1349042682178715,0.19948305416351952,0.05601309064822399,0.05798251781533975,0.6147853812113352,0.6919240651416598,0.31275490339459583
0.550108251855005,0.157154322916461,0.2189410707501369,0.19147690407281093,0.2532186010418886,0.01250869871284091,0.5641380344227276,0.5535869186646922,0.4127627436739439,0.66903465229265,0.20397090710115368
0.3888135889015423,0.20881731435836126,0.3978525194472144,0.5185463390500242,0.7489862218358381,0.05233599937689609,0.0781258477322902,0.09374738555743045,0.6387951436805976,0.6395283325631022,0.3513737683213778
0.4965797688765387,0.05907113330028055,0.5939990550652545,0.5924497772657641,0.7104076774708163,0.005882266377841852,0.6464914500692645,0.6203413989886117,0.503193767528122,0.631147676759504,0.3019171344401818
1,7
0.3919880540230744,0.20859431597844877,0.3987524654848938,0.5192686115527462,0.7455935982546863,0.05200827612017818,0.07841368009700092,0.09455574921758783,0.6380184892992555,0.6381489093174209,0.35143703466965287
0.5497821814247023,0.15672100481461862,0.2187319086999413,0.19107303776757406,0.2529931715032946,0.01236852331042617,0.5620022447374293,0.5523382234996348,0.41328838161285963,0.6682927371410332,0.204426000583249
0.49520318184314616,0.05842885603855169,0.5939665885384242,0.5948918256133566,0.7097025362114194,0.005862170205562685,0.6489506075795797,0.6226551712487686,0.5035104750575466,0.6308023550835924,0.30231947837236856
0.48282387307304075,0.3512959262742342,0.09711446366755902,0.15680669358530627,0.13507633526552887,0.20321526142524954,0.05538823182396202,0.057317207579827556,0.6161238398759952,0.691915391384436,0.314907513989135
1,8
0.39056854759153575,0.2074249916960365,0.4011472889989128,0.5189990793892697,0.7477526832792696,0.05143670670270869,0.08039769468094149,0.09546468237647027,0.6375194046691072,0.6384228407925447,0.35157878543115667
0.5500911717837398,0.15594331315089935,0.21853757761294257,0.1903776128662024,0.25277996605113334,0.01227082489916835,0.5612936169330269,0.5512835900694872,0.4132837891755723,0.6681928938374019,0.20425697832750073
0.4786418005100549,0.3454525972698107,0.09943918157038067,0.16036295270384646,0.1395305004365368,0.1978327282378652,0.05660451045167303,0.05813063131034704,0.617026629109009,0.6902100712898778,0.31565214503937505
0.49576189068287724,0.05953128556174783,0.5916314189985161,0.5904959177428715,0.7074562052207998,0.005917476659429231,0.6481036849740713,0.6222103182751041,0.5041270556779813,0.6320583931808017,0.3010266988919925
1,9
0.4854652030114932,0.3609704113623301,0.09680592566311752,0.15390115686739048,0.1339924410510262,0.19952625539493124,0.05542645295093421,0.056906749303834436,0.6147473754647258,0.6945532990481691,0.31241248951190337
0.49688632064509203,0.06013630013672727,0.6003070768201206,0.5910241671008902,0.7154756321854414,0.005768835751730664,0.6492208043878052,0.6222202813144592,0.5019446397144268,0.6311929773605911,0.2996094161407153
0.38879224431409437,0.2078858374313428,0.39942399532993317,0.520698790468802,0.7456050670005611,0.051907146819962655,0.07937721422970528,0.0946986413967634,0.6382088083577643,0.6374944034529075,0.3522101941286222
0.5476567035984014,0.1564029962143339,0.2194395687037804,0.19566395137778259,0.2542356420313195,0.01250335187550801,0.5626942095186432,0.5519506121158433,0.41516399625387157,0.6690149091836166,0.2060924241298628
2,0
0.5013049794744683,0.06050994143354135,0.5973459676344368,0.5906442250186085,0.7143335303402476,0.0058188874607210325,0.6477630651954813,0.6217185797333908,0.5025550432347189,0.6312163528866241,0.30035786721646557
0.5477629475661064,0.15610623189665573,0.21907661474548656,0.1948588894795922,0.25375294230347445,0.012555473370344641,0.5612844369913934,0.5511633322716409,0.41497801036962956,0.6691761202784947,0.20546016429831737
0.4848092164080349,0.35679070620971326,0.09691435042408925,0.156197944923018,0.13478554905943446,0.2003356328652255,0.05588709062436675,0.058101597599022975,0.6140972683466915,0.6926532727868806,0.31303643569419154
0.38869291295662245,0.2069988392938538,0.39652604359638727,0.5176388409592968,0.7440695844560532,0.05236681979074661,0.07866863801425608,0.09394755334611374,0.6391879907011431,0.6382645452778957,0.35223730329352154
2,1
0.3874210401650393,0.20941736469394784,0.3990861333802555,0.5189707501415195,0.7520611343562323,0.05264492194214496,0.07656247511309996,0.0918013264298328,0.6381567427745067,0.6397265465480984,0.35106701372686444
0.5499900490040299,0.15616223706562432,0.21883877749846795,0.19034802517026062,0.2529770243020077,0.012121741012684553,0.5621480557848406,0.5518470145511989,0.4131034881550937,0.6675744021718293,0.2040746469359474
0.47930638955714094,0.346198661990825,0.09926081252678073,0.16027064355450021,0.13911986967105638,0.1953357944805169,0.058068532174131215,0.0595405002867955,0.6134488738915667,0.6883033490185202,0.3127143623393171
0.4975907061506714,0.06100106483674428,0.5909536577270066,0.5909689834326908,0.7094574816088126,0.005950467301146872,0.6439067042707194,0.6190071167965123,0.5044621026195288,0.6325822200078718,0.3012804760837626
2,2
0.5456765471634487,0.15380821618104273,0.21859567815993342,0.19476037556267572,0.2529649606914393,0.012241920722803473,0.5631659301848926,0.5524417873080911,0.41455744219349083,0.6682262375094291,0.20603074673108435
0.38774078525231437,0.2081450330384783,0.39900966836398477,0.5185722511414863,0.7444666923981292,0.051811155607228855,0.07913413596912744,0.09408146749836346,0.6378228788284797,0.6388978851534921,0.35180694027094284
0.5023250659410523,0.06022041501632683,0.6012925639530797,0.5908625023573071,0.7177218985289743,0.005783425125653163,0.6482088615846853,0.6220712274199713,0.500790531771101,0.6299681038198697,0.2999981176007348
0.48324064467018074,0.3543745350530496,0.09664459629146563,0.15543019404758895,0.13463424093032966,0.1986031050944057,0.056025423888679704,0.057419773183042644,0.6119531209180985,0.6890663360542555,0.31233554360258575
2,3
0.5477745826202385,0.15518724145247115,0.21981225270393412,0.19470609507714395,0.2541309344405295,0.012226582759410819,0.5636190750055542,0.5531624760103082,0.41386944395634595,0.6683490233844168,0.20530627912063196
0.3903194864756766,0.2084785665308724,0.3985866336375458,0.5196726709639875,0.7456691024747354,0.051866370420578914,0.07933774319604087,0.09471535795377448,0.6388629290227735,0.63826037737486,0.35211416551994584
0.4829143698359711,0.35317779377037395,0.09635163273259809,0.15671375400297607,0.13545124400840458,0.2004191402384788,0.05610867616727766,0.05806220428974096,0.6135459537698804,0.6900510479177043,0.31354693310325454
0.501453128825929,0.05933642958421695,0.599162657675331,0.5922416310364558,0.7154280721563502,0.0057444828687827215,0.6506852686847191,0.6237244938941712,0.5015033379160917,0.6292719564397862,0.3003863745000253
2,4
0.5473809432558439,0.15531544374485,0.21937908021947758,0.1952366093373109,0.2539068890264538,0.012442497444128835,0.563140122235942,0.5533706201812567,0.41501280864054646,0.6686773850610805,0.20612540363034546
0.4811141747451275,0.3582494015805277,0.09618837861893739,0.15307533205775198,0.13354770504349672,0.20156612953854897,0.05491556361833724,0.05639731104886228,0.616308876977256,0.6953719109974725,0.31315567237625924
0.4990924037888072,0.05968605456794637,0.5987650742937634,0.5919827676651024,0.7149384678335619,0.005742733332812729,0.6500235210818766,0.624096967263447,0.5008970490211707,0.6308658016453906,0.30002040691486825
0.3910112268292869,0.2075251049213381,0.3961080143564231,0.5158646137120535,0.7424022344925841,0.05173668462968875,0.08064151123739086,0.0955686765787177,0.639477944657965,0.6386151358514419,0.35180339875978234
2,5
0.4804133055684562,0.35538819616227185,0.09830524878502295,0.15668050889697396,0.1350829771944364,0.20115036677654738,0.05632870679740348,0.057340493035022755,0.6160486157947397,0.6935608113820797,0.31418506209444896
0.4936343886435886,0.05864679302205675,0.5928560045574568,0.5917831460444585,0.7083075672649412,0.005872211759543167,0.648019887066374,0.6215075527345789,0.503895997034457,0.6323961189810272,0.3015655095985782
0.38877001287176666,0.20684109994009067,0.399924298298908,0.5188447555525275,0.7477030236480247,0.05159496317344277,0.07887086562676207,0.09421173543155759,0.6381441101469703,0.6383863827666352,0.3515878998593299
0.5504024437168038,0.1568497035106316,0.21891672372297594,0.19086457750424413,0.2531660363524421,0.01238765560061407,0.5627661504176831,0.552559237778645,0.41262564324207807,0.6689488621410932,0.20367612950460173
2,6
0.48396273159042963,0.35290736192955924,0.09864294090466957,0.15779974071079886,0.137228814668944,0.19367852826944842,0.057619962468470315,0.05876354303032369,0.609259847581245,0.6873636897767791,0.3103412757692204
0.4921785547566519,0.05963284984481457,0.5916886328042901,0.5909791272468321,0.7083282753397805,0.005869979755534757,0.6463363207322788,0.620785193455351,0.5046300684185082,0.6330705486939673,0.3016176919566559
0.3896460403622366,0.20944555263672193,0.3984264061245095,0.5188033450510011,0.7483725237501646,0.05169896623193773,0.07818639479311465,0.09430353683720469,0.6373786407339583,0.6399511087778254,0.35048252177691586
0.5503163860994357,0.15626178972295773,0.21885098818997706,0.190710881643094,0.25327297072509003,0.0121513125475785,0.5646539887716936,0.5542245385894058,0.4127006823436584,0.6678821896342416,0.20389679276466255
2,7
0.4834757725992336,0.3528455714562774,0.09874575839101307,0.15816631824693095,0.13885230324434428,0.19678662113120673,0.057304567186320904,0.05883710169558201,0.6151318822843038,0.69286536638737,0.31410385449558
0.3897989464040068,0.20853581444463634,0.40008416313021233,0.5209882434451585,0.7479525207082338,0.052200376483265726,0.07890565259075874,0.09371643179279013,0.6390620741722448,0.6371395006160216,0.352403157877469
0.5470497556391962,0.15487097595171503,0.21955426144830892,0.1955112539249488,0.2539413141657218,0.012377719893928746,0.5643070551263378,0.5537229658114482,0.4150566283934126,0.66853640659383,0.20610038193582386
0.5013678124607238,0.06107331081990247,0.6001919743034734,0.5910519010625388,0.7179130273625542,0.005788222038937134,0.6452887966243788,0.6195070439710693,0.5017141698866034,0.6307908454750529,0.30036166296781674
2,8
0.38995846088699415,0.20850884288081825,0.4025838502256289,0.5218691661569987,0.7479680201042754,0.05217532461960864,0.07867297129357659,0.09412690705774307,0.6376600550706816,0.6371186586367182,0.3518952232730941
0.5502479788669418,0.15693974626059656,0.2189420788580494,0.1914573580433003,0.2533693048904713,0.01246595160994287,0.5617876601156508,0.5519978021554238,0.4134571628948416,0.6684822838790148,0.2042772800468649
0.49248811699038614,0.05817243950147022,0.5938752169261561,0.5932706356643876,0.7080006544676385,0.005948324145955516,0.6498478208682923,0.6235325695991266,0.503781017275619,0.6313226357571424,0.3014507852843563
0.48298737871616354,0.3539881462360026,0.09787442850260866,0.15687689072917216,0.13719796936240625,0.19903723080008587,0.055885919888850194,0.057249801577546444,0.6132311549573064,0.6906851297976614,0.3126199260910755
2,9
0.48150583523340146,0.35417872671714756,0.09934408379931942,0.1581537990434076,0.13737042009330208,0.19801505470577815,0.05653524241296437,0.058093080375421796,0.6136450935321774,0.6900002188471039,0.31270453039243823
0.4933738551326202,0.059085561790415075,0.5953911878065465,0.5913073775714821,0.7098288132096869,0.005825682591364165,0.6473280341638676,0.6205494797154731,0.5034978345923413,0.6307878218714612,0.3017507519135963
0.5498748457027457,0.1562620368623402,0.2183725915725738,0.1904639851765554,0.2525863176895536,0.012241432570680874,0.5628424349908432,0.5533058408780819,0.41261257569765597,0.6677669249312915,0.20383016352977823
0.387674195120833,0.20762069918558745,0.39878085464816937,0.518722306162574,0.74712271344649,0.05205365566931535,0.0794057240721977,0.09477691820438197,0.6391280576772287,0.6386675080434594,0.3518204458166079
3,0
0.4994687339391719,0.0600992369841683,0.597517444411755,0.5915686133196889,0.7151468048937135,0.005792069236523083,0.6494652162179235,0.6236817790664448,0.5019651103248782,0.6315586506298184,0.3001262089122296
0.48294663738156546,0.35699266620253267,0.09735114773454623,0.1572668186677163,0.13653624951470356,0.2010233753816135,0.05489195057916221,0.05646295500222534,0.6167759297228045,0.6939926965251407,0.31423007774272343
0.3879427663277264,0.20823152991245902,0.39933446706813264,0.5193672847435287,0.7467037553372854,0.05153837836518221,0.07865741460664638,0.09371280903955057,0.6386521022313169,0.6381974041883404,0.3519473217249156
0.54766246172023,0.15522142947898,0.2191081965676268,0.19357886426045245,0.2534639664228529,0.012201143982048426,0.5624722492694049,0.552491439557472,0.4140195173492143,0.6680953970600333,0.20525753302709523
3,1
0.5466182396162633,0.15505553975973319,0.21863149637176424,0.19581292311601742,0.2535860871729232,0.012440736207862013,0.5604874705426343,0.549920973552289,0.41631472802529856,0.6682586753143354,0.2073606496658801
0.38998907450053844,0.2085651851981722,0.3980714008167241,0.5180965567285741,0.7476737182150035,0.052336889615192256,0.0780945231167389,0.09363295446897815,0.6383221607525835,0.6388979741018747,0.35124117262944177
0.49809973199997803,0.05884127487946256,0.5999881231377358,0.5929595701654091,0.7161309888858636,0.0057484690044751,0.6504052041734013,0.624000716203167,0.5021965775701822,0.6303538556978918,0.30039121128570645
0.4815238708442319,0.3580487043042405,0.09750301555661686,0.1546995739697843,0.13520034329731534,0.19945376733532377,0.055134792991222425,0.05664010802465086,0.6126440904112823,0.6902204590349237,0.31172724898621273
3,2
0.48433860341225177,0.35396839983282113,0.09838621026081282,0.15762873737703012,0.13611327835997922,0.19865841821054803,0.05690961961012861,0.058116249203941706,0.6128236101682113,0.6892238355200015,0.3127145619656261
0.49963924394577125,0.05986590803085701,0.5948831845501047,0.5914130512769464,0.7107773214518467,0.005934194677455762,0.645860569329983,0.6192998316768994,0.5030066331644155,0.6305918769621348,0.3018507838153531
0.5506238388397164,0.15652075294073267,0.2198224882935337,0.19067483603190558,0.2536022643262922,0.012188208017819953,0.5653429215834458,0.5549376038262005,0.41221762129143336,0.667741711390896,0.20386460163412887
0.3884485602666939,0.2083575439492353,0.4000911624117771,0.5198718052008158,0.7493910780851356,0.052284307385593906,0.0788192243063151,0.09387509123529517,0.6384390759440792,0.6381668567674442,0.35202963870933446
3,3
0.49611513786484973,0.05929077147784573,0.5951807713393145,0.5926717419217902,0.710591038588421,0.005827553566343617,0.6484479791936151,0.6221512604987739,0.5027725359450863,0.6312371543620549,0.30103212152209274
0.4849564001565394,0.3512666892008406,0.09871657621004068,0.1567738399850463,0.13739915655067886,0.197342734340245,0.057693117917038766,0.05921616822615358,0.6106831070917114,0.6913954448153489,0.3113318979042029
0.5500673407241634,0.15594748594857183,0.21915361769268313,0.1903505864287114,0.2530633487045366,0.012272076864453203,0.5654830831282933,0.5555264814265458,0.4119650047050252,0.6682556723278388,0.20314067100543604
0.38752102903614916,0.20696580835179607,0.3994739001665275,0.5183418104861984,0.7470573576476026,0.052027059627301885,0.07927440236514147,0.0941396069589735,0.6389059986193323,0.6385117006474228,0.35195370152682337
3,4
0.4928024768851826,0.05886678079048577,0.5931851421989639,0.5921567695058431,0.7084973236627101,0.00587698882548001,0.6495350617154125,0.6228521852473092,0.5036798330653298,0.6316709242281263,0.30159745007251976
0.38747904456983984,0.20739163801267785,0.3976640934527346,0.5181818635075804,0.7469888576623022,0.05221662769166496,0.0783936226220868,0.0937580387016636,0.6392594495163563,0.6389190798376315,0.35167955095592196
0.482536654089263,0.35548241788057144,0.09851487912131013,0.15924008721282723,0.13769799938731475,0.1990488867424825,0.05680420593668675,0.05859634294178778,0.6159352067973239,0.692316028404783,0.3145875883390298
0.5512492341061098,0.1579461161145722,0.2185838356899798,0.1900347297069195,0.2527788299210544,0.012462627959347161,0.5616533074753505,0.5506311905565713,0.4126414196291751,0.6690950200944914,0.2033504747321528
3,5
0.3909974479732755,0.20941470311083127,0.3972989501878924,0.5195099373141285,0.7454074010456817,0.052156597117198125,0.07869637292158219,0.09480702664449533,0.6379258689877826,0.63894379318331,0.35146446422055305
0.5497345271358047,0.1562122855538775,0.2181002362601085,0.19049915167140596,0.2523776180687143,0.012283344696507548,0.5639576193963167,0.5546799985587203,0.41253214832514185,0.6682509169928821,0.2038098870709008
0.48206041387072385,0.3510393567627982,0.09704271419615818,0.15634211055045355,0.1357429031424307,0.1983309234598305,0.05710199222137913,0.05897535545342586,0.6133015327390728,0.6901028053486234,0.31201293163317834
0.4964657493202276,0.06046726325129867,0.5925644237864913,0.5905334818897278,0.7094808590505588,0.005920095010403782,0.644938184740391,0.6195938645438315,0.5028964198894371,0.6319264342115508,0.30149184699104403
3,6
0.5470109795697669,0.15393714034354666,0.21980160159296022,0.19516730240144095,0.25423875124665574,0.012249726400988953,0.5645160370550812,0.5539155763845576,0.4142039518656512,0.6682908548699422,0.20525112122645484
0.389739764169262,0.20757702501656264,0.3990099006390692,0.5174139020907429,0.7445372713713986,0.05146764817659833,0.08013015251523653,0.09512655574806386,0.6390158537765201,0.6387556540419381,0.35156536008502687
0.49833101169337934,0.059330207674136326,0.6003842217468571,0.5921577790798503,0.7164349678059,0.005744134846784078,0.6496347234053412,0.6231985488508786,0.5018446441575191,0.6297061124034594,0.3007392192311043
0.48202766641895617,0.35471929631314103,0.09903527552429744,0.15820666425926674,0.1359458048349826,0.19618869528197463,0.0582468809459043,0.059313117314641006,0.6140096363432254,0.6928127591290746,0.3131464631955902
3,7
0.3898149210160064,0.20744171657086782,0.39637841284105074,0.5179281581967744,0.7449954948433334,0.052158953162054184,0.07917402894329642,0.09503281352547066,0.6390121334565363,0.6391970753326941,0.3516163515001295
0.5468486001660879,0.15520593310344602,0.2185915241934525,0.19502929016932183,0.2532721321120659,0.012314809011708505,0.5622399167551522,0.5526469126774318,0.41488209656930275,0.6687108789616326,0.20585285019896388
0.5011502970010069,0.06127966288035616,0.6002474260002856,0.5895653403679014,0.717705839348065,0.005721276149003897,0.6472868835520538,0.6208295715022222,0.5021012516134755,0.6323094518368705,0.2994616521918847
0.48141631842937616,0.3488131799404972,0.09707841974129372,0.15569417967551444,0.1351133238970989,0.198758206481846,0.055960568536768285,0.057452869715048344,0.611098288415751,0.6880689558680875,0.3121381669672741
3,8
0.4961640543251666,0.06004098360829113,0.5894003880246781,0.5903525259124709,0.7053522929934253,0.006008067612959751,0.6430546580572338,0.6177436839948234,0.5052991438548408,0.6316571890504438,0.3016086485626034
0.5501294436277008,0.15731859230320494,0.2189054823113128,0.19167374128008088,0.25341089869805744,0.012468388722241146,0.5624253657345452,0.5520662729277592,0.4135323695185761,0.6686817606696527,0.20414942619486287
0.38660904395066237,0.2071144877028704,0.40066428033350526,0.5202938404475091,0.7482115604648032,0.05167640395351884,0.07806947672028261,0.0927620374138926,0.6386971891933727,0.6371742677231322,0.3525778546064
0.4830688552209897,0.35626701432543706,0.09791069066893024,0.15732525517473123,0.13689016621312888,0.19711041444078453,0.055890388918557576,0.05764649331570412,0.6120476954067278,0.6900952482317381,0.3117347896981954
3,9
0.38976037030994193,0.20829718146480056,0.4003094730508861,0.5202428224937544,0.7470416787227865,0.05212138627964176,0.07794220075413302,0.09336859562688804,0.6377912699226708,0.6379654437680171,0.35148815610013545
0.5497620794979348,0.15586091489305368,0.21912408912806697,0.19094039576213512,0.2531959255055748,0.012251709274378304,0.5622924540635164,0.5524131565426887,0.41298149708497184,0.6679127606756636,0.20417863010950016
0.49353216961600743,0.05960985735210003,0.5928766735302311,0.591619208742642,0.70899500918033,0.005884659317166092,0.6460049757208535,0.620229843184929,0.5039944701637449,0.6323328883639683,0.3016965219012679
0.4829545072799451,0.3541740244901936,0.09858331954531915,0.1578484886664563,0.13733945312808182,0.1988576039352382,0.05698424369632757,0.05839710107130752,0.6153419076834911,0.6917055126213728,0.314830687597203
4,0
0.49824517287591097,0.05915960469660497,0.6001566635910967,0.5918327983126739,0.7159670256802555,0.005781390700486826,0.6486855378086249,0.6223433218266841,0.5016549171939799,0.6296473732607892,0.30067491199729024
0.4836842702729065,0.3561468219095732,0.098233654952956,0.15599307700109022,0.1361861585621572,0.19857860934581037,0.055630803569852255,0.057428849568760904,0.6116347511107847,0.6911523489278674,0.31196891543986704
0.38645318358249536,0.20699110186301822,0.39800450549311617,0.5190499688575967,0.7455189599142551,0.05207282018178344,0.07865610970273357,0.09333504615065188,0.6388363916335281,0.6380904644072339,0.3520170493458965
0.5469140813651433,0.15501013638096212,0.21891859257920732,0.19582267225862507,0.25393803863729136,0.012396674913775746,0.5603594412000885,0.5498267144403876,0.41586152422005807,0.6687060168049205,0.2066419062986643
4,1
0.49513795983893033,0.06005300962175075,0.5973864051015896,0.5900522794178275,0.7120569747985769,0.005816667000800878,0.6486926194858981,0.6214472979966768,0.5032251174367766,0.6321067096391392,0.3004607429894462
0.478988955211843,0.34995557650547965,0.09790938644671865,0.15945602404968634,0.1385024661842688,0.19536358647312563,0.05722890772410544,0.0588754515435895,0.6135963088723225,0.6887895529822704,0.3125159119185365
0.39172568302130933,0.2089173723048478,0.4024574606567144,0.5213744966085012,0.7502126061421014,0.05179463363511813,0.07894340764749999,0.09449423067255161,0.6367340970420083,0.63743802514318,0.3513304020462556
0.5496063717358176,0.1570419082293432,0.2184459260624509,0.19198005154442357,0.25302377071775994,0.012333762830792724,0.5606253140349997,0.5504646065975894,0.4139810404735563,0.6685844729933956,0.20438331637812518
4,2
0.48360776335826505,0.3584690568494977,0.09841013463893489,0.15785526518515638,0.13757795312825238,0.19837193904998235,0.0574760122013705,0.05868709983386669,0.6138567174363662,0.6929221091025517,0.3121361297516815
0.388005128495605,0.2067889926874789,0.39978589638576445,0.5177175257680837,0.7476947067717585,0.05190360999572337,0.07997043823696595,0.09456505226328726,0.6397958603841193,0.6375654705230448,0.35256332764811604
0.49577026612413744,0.05865715192403492,0.5943654773260674,0.5926137577421322,0.7093520447271097,0.005870053054091037,0.6499768225730602,0.6237147144573852,0.5028828213942552,0.6319671973876431,0.3013391461427403
0.5491067032713837,0.15539790337738013,0.21843569932384638,0.18993856406533496,0.2521407070293479,0.012006745491815934,0.5639667224939615,0.5540795436001447,0.412172655426851,0.6676446144110157,0.2035903304741046
4,3
0.5507930778413304,0.1570219345300924,0.21925791297284897,0.19071556131411155,0.253449132961479,0.012426544116512742,0.5625331161805452,0.5526164619759037,0.41298102302415785,0.6685952866983729,0.2042728330983286
0.3868316893203315,0.20767271090854572,0.39858894199975314,0.5198185479750601,0.7480645045629124,0.052351015896513524,0.07803016719100311,0.0927055168402498,0.6390183797410052,0.638257590959499,0.35207543911623795
0.48444789454143977,0.351920689301914,0.09798981608720958,0.15815004154417234,0.13706802930220746,0.1996398168230583,0.05660164592744518,0.058048622981268755,0.6146605094440706,0.6901566537740476,0.31399359000654076
0.4963949944801472,0.06098203912041342,0.5929033605539269,0.5899967212158153,0.709907743666776,0.0057951005539459075,0.6439178370845926,0.6181547077065205,0.5038765536124458,0.6323593587243377,0.3005489237244374
4,4
0.49848235324371154,0.0601030957751488,0.5926291952983722,0.5911804747734064,0.7095320261480318,0.005912164430289371,0.6456932680374963,0.6196972222670393,0.5037062216722076,0.6307242994127324,0.3021256232420245
0.483885784689417,0.35469191874187833,0.09608020822153371,0.1550571719069226,0.1340419833619978,0.19983327044856586,0.05595974138876278,0.0580519765457074,0.6140222157464602,0.6931694911511522,0.31347524442494934
0.5502433109433654,0.15598853681766078,0.21974951512813232,0.19179361076369136,0.253984813188859,0.012448778707526732,0.565087611841617,0.5546908208255101,0.4128809531634134,0.6686244448640786,0.20409471431305642
0.38960468977602,0.20943375578433424,0.3974548351401649,0.5190725261910831,0.7441771486086862,0.05217805625083174,0.07873854291492091,0.09453317125810667,0.63865749186867,0.6391609942553163,0.35156935050266175
4,5
0.3919353383215147,0.2076895718295676,0.3957488490334323,0.5160734400628385,0.7435909712376167,0.05202187886484039,0.0813061196132524,0.09668107858292455,0.6392161820507892,0.6401811360684223,0.3513708337343681
0.5467066449394038,0.15453757897604745,0.21984039328356653,0.19627686015464677,0.25455313634902366,0.012408963721540635,0.564243069957137,0.5540369605100937,0.41456551106398143,0.6685631343645131,0.20606520669310635
0.49983189937900585,0.05964350144023989,0.6004040160093396,0.592166233867861,0.7179036175677868,0.005736830262413943,0.6510639831541564,0.6254858308073058,0.5010264831965839,0.6321043661643221,0.29939244434773354
0.4791085525750871,0.35280982705482494,0.09655023261193055,0.15407326472713165,0.13308594826672504,0.20054080353374618,0.05535437031390544,0.05671637903602386,0.6119076356038075,0.6892219650119088,0.3120294538806117
4,6
0.4839171546486391,0.35442768673922836,0.09821530610044077,0.1551390624393821,0.13593735611752233,0.1976199949011816,0.0570088534517558,0.058205440502727496,0.6126430079868754,0.6911660410880651,0.3117296149999629
0.49558372801297157,0.05897741983047017,0.5950253792313702,0.5916997699737269,0.7093660885712532,0.005926060142122415,0.6475362654016485,0.6204986992469674,0.5032204804349757,0.6301133541522745,0.30182295132946446
0.5495984923357544,0.15580844834951024,0.21842444818922335,0.1902974645189225,0.25249532091485305,0.012220354397656001,0.5653675614437835,0.555376391222875,0.4121100883174935,0.6681730186648062,0.20314066387777005
0.3905816492762387,0.20867413827638606,0.3994347592111122,0.5179531783680654,0.745654937641522,0.051842259137418946,0.07917161775944592,0.09457173653770398,0.6380669309584922,0.6390724333649124,0.3512942218686779
4,7
0.494306839068238,0.060725963026383556,0.5903198982070905,0.590519338884893,0.7073747314377082,0.00594418951342323,0.6449870123914071,0.6188920315530553,0.5049690190892077,0.6325746901311164,0.3015342729216452
0.48076485688772586,0.34960559139038466,0.09966310757978172,0.16263173011718463,0.1400263605554834,0.1950057826415446,0.05751708553071938,0.05855370566431303,0.6169105109704224,0.6902451172656746,0.3153535521086237
0.38907593794452816,0.20936277458572222,0.4018346749843672,0.5211939294214405,0.7519235344942385,0.05220375809965226,0.07571688633799914,0.09139223247999698,0.6371634928673277,0.6377116830252139,0.3516158630118568
0.5499281631939107,0.15615149656987115,0.21902643253007803,0.19095713867409872,0.2530602787905596,0.012334778556553336,0.5639340354794282,0.5536164148037345,0.4131031429630538,0.667951564948793,0.2039445749625753
4,8
0.4973787352378398,0.05792081305366051,0.5949511302270878,0.5948698371877814,0.7112796468807288,0.005846603898969932,0.6490254056417234,0.6238125316721395,0.5026759234049943,0.6302850726334103,0.3015564331185091
0.5497094047256534,0.15703000760224145,0.2187286871701872,0.1917467555889831,0.2530630074671075,0.012301813430217336,0.5606851554650205,0.5509430159292592,0.4137605720285238,0.6686078290269515,0.2047753957898894
0.48236230540289987,0.3555708963089306,0.09681514613967424,0.15677255769375414,0.13513343991421112,0.20104200162259708,0.05541676716694019,0.056970634215801286,0.6153720058404455,0.6923903878456749,0.31379913877888677
0.3884512605645624,0.20899311371152304,0.3976519600040025,0.5185151107521261,0.7450237270444695,0.05223980736031349,0.07875061093738342,0.09471559675774849,0.6379642770878752,0.639226616295208,0.35150641125559245
4,9
0.38885842912213386,0.20876597396854737,0.4011722141091708,0.5199144986012428,0.751695390773275,0.052079354979306276,0.07687854965678162,0.09219907571441141,0.6375737482686836,0.6379417025701472,0.3515009945767081
0.49912664097351095,0.06168191399982598,0.5931704410470071,0.5899081124442291,0.7117845680710204,0.0059631456076197145,0.6420060627416491,0.6168667870625277,0.5040195783000577,0.6322343949215099,0.30154374340539325
0.5498978434415733,0.15688872699704526,0.21849506508899946,0.18999322461549822,0.2524243549859692,0.012196383690160184,0.5631563319087375,0.5530336812086247,0.41233399060430964,0.6675870530291154,0.2034495106865502
0.47860489363281367,0.3493570190730422,0.0992885643450849,0.1599075748782938,0.13902846755874293,0.19622639686108412,0.056846320566028036,0.05859941648480799,0.6160594024187043,0.689946807487745,0.31397028635737456
5,0
0.49401639793134255,0.05988596006616467,0.5922358827346644,0.591174065517349,0.7077650356561784,0.005934317410275829,0.6454451519854494,0.6190964490458901,0.5044039780406901,0.6322811482901526,0.3014210434199604
0.39056068179771375,0.20965919203177222,0.39934614123910206,0.5190136587814541,0.7486894161980104,0.05228414326140991,0.07972110996967896,0.0947321192677116,0.6381894796616295,0.6387665446583648,0.35141428022482946
0.483377160755419,0.35539586167294845,0.09807548533440222,0.1584117649154775,0.13636456992141865,0.19857389457282926,0.05625856944607194,0.05791629858185013,0.6111444774651739,0.6878641867145613,0.31234440863965035
0.5507917939443694,0.15737198442891265,0.21878528274383843,0.19050115434632572,0.2531188610956222,0.012517129948466287,0.5620663642617103,0.5516260753930742,0.41322821661363585,0.6686970365223882,0.20415581761049273
5,1
0.48082078172557047,0.35221904756913863,0.09817183421943171,0.1570179298495351,0.1373365057407936,0.19582349341837887,0.056001928304986126,0.05751875074148202,0.612107261230781,0.6892075654093304,0.3116005630267284
0.3887540554621782,0.2084508478126224,0.4017029766104705,0.5200928005497694,0.7455889482822957,0.0514558519253945,0.07935975039206061,0.09443510433603161,0.6371255272124086,0.6380497125523514,0.35113937009430346
0.5472203889281912,0.15527386947273755,0.21974201423425288,0.1963574769225036,0.2545355068508974,0.012504855409761907,0.5609227285606144,0.5505858999375028,0.41576666368170506,0.6690308651539962,0.20660561556700488
0.49947093930595177,0.05951587689234719,0.6000726421635261,0.5920663591931427,0.7161092553909764,0.00578050434878738,0.6517533081770557,0.6257351297694307,0.5008142786883953,0.630901018267412,0.29979134077900055
5,2
0.48263074593550587,0.35207465048616143,0.09605249471903435,0.15505709947630422,0.13372381120604998,0.19955297011850742,0.05570008968694487,0.057620425638263056,0.6123458112111773,0.6891496242868783,0.31275581076222025
0.5463971658184044,0.15479406794214534,0.21877671754944572,0.19536576372152137,0.25365395024368054,0.01221420040796091,0.5642818858758634,0.5537489048674744,0.414478111391874,0.6686195170005996,0.20589249302846463
0.3919960280738195,0.2088254616287133,0.39601823635385197,0.51738887621393,0.7414495211799175,0.051601929657506714,0.08144654057837547,0.09684511388118652,0.638661678657422,0.6394961217800954,0.3514485621200471
0.4995026223043564,0.06022488519752467,0.598854696061715,0.5913338392153484,0.7172591368480679,0.005754752883724866,0.647252335904698,0.6223191022575536,0.5019489520782426,0.631498271766252,0.3003029297281038
5,3
0.497712744970067,0.060844471089208374,0.5902943981058879,0.5901621397521208,0.7079336381351523,0.005908577841260511,0.6449296011630713,0.6190399902323397,0.5046327880557823,0.63295274105556,0.3012934886942033
0.3889020451939644,0.20839170084668754,0.3977559447275703,0.5174531796267483,0.7463656773945001,0.052311213399965556,0.07751910314068802,0.09340085383829755,0.6388777055667626,0.6387698440922576,0.35149378449326907
0.4824788701905043,0.35701720924825586,0.09839331724392625,0.15675398395349735,0.13584194604552818,0.19831658283347306,0.05641090842337593,0.05799562857572016,0.6134462935190425,0.6911643895400927,0.3128105155795899
0.549999625178166,0.15666541288607616,0.21874039329836972,0.19075126756240446,0.2529341917860807,0.012395156614210388,0.5623968359014346,0.5524418518589227,0.4130464259655851,0.6683378373851093,0.20404881903032465
5,4
0.4813137372771095,0.35244424737966185,0.09885838566850838,0.1575304073708853,0.1371646450851246,0.19917456834600378,0.0563836039983798,0.05757927414566838,0.6162007995696188,0.6934447849026414,0.31390687041719884
0.5467831594214054,0.15524516695914226,0.2186552769683071,0.19529740735033474,0.25350534169084105,0.01227696414764249,0.5627281552706667,0.5524660603743594,0.4152816998803923,0.6682748555513742,0.20602702954378993
0.38607933386975185,0.20650010453314258,0.39747456705479167,0.5202382966693564,0.7455810353159279,0.05215499683610541,0.07774822277406224,0.09260351022164912,0.6398511004014444,0.6373308319475515,0.352939953343078
0.500295492539803,0.06104370000722534,0.5989801303499687,0.5903791187343006,0.7163538762374014,0.00582831992475253,0.6455492696909124,0.6201256159731217,0.5016664917857396,0.6307455079485056,0.30005050028650465
5,5
0.3884158649672279,0.20782838822678495,0.3972616732237842,0.5185799334953362,0.7456731791186548,0.052149786026696184,0.07925577743722048,0.09441766744536748,0.6386576758063978,0.6389779385970076,0.3517412671739617
0.549574543372045,0.15587885992122846,0.21870008762513388,0.19058474595699007,0.25281516878803656,0.012068488872839796,0.5641366859699382,0.5543349946733263,0.4124018945872334,0.6676311740683748,0.20381082851526627
0.4839938889595032,0.3526873673975812,0.09772221115505636,0.15706748443944632,0.13591855244002887,0.19848511738676827,0.05817789054916109,0.059370845304163616,0.6136010466882926,0.6917072463620707,0.3124538492174585
0.4939221555282916,0.058149925790562884,0.5945979263189952,0.5929014191371597,0.7096247561397282,0.005848804802369004,0.6498536456756441,0.6229144486506927,0.5031246695123197,0.6309248086227625,0.301757148574821
5,6
0.39010289904503,0.20870086503908758,0.39918345925190035,0.5187660369539187,0.7490206102978325,0.052122279913706424,0.0778611481094742,0.09349221011209549,0.637928016709642,0.6395548868656368,0.3512089258804611
0.5497952411809279,0.1567874501716469,0.21828875098228329,0.19064533820460675,0.2524757706105468,0.01228724315725823,0.5616737427205996,0.5516702321204217,0.4130144502706118,0.6680158234426212,0.20385378454357822
0.4951554565679386,0.059971582123514666,0.5950776357521672,0.5906212253900609,0.7101063994365331,0.005889174040455379,0.6473680181243053,0.6209761308039989,0.5035731727566201,0.6321819116372656,0.30068278784559516
0.4811671166190959,0.3528571435970185,0.09610902013077999,0.15512200437257861,0.13375350267009445,0.20316460512214385,0.05378779608890272,0.05520411128452912,0.6138017857965643,0.6903353930257691,0.31311812803371836
5,7
0.3889486527995816,0.20751436927920192,0.4019752457388519,0.5206195438288961,0.7493097653007372,0.05193650946642887,0.078124279616404,0.09368455653954455,0.6381593357918496,0.6371438153843465,0.35216379082784965
0.4792659582647058,0.3550665878250976,0.0990598001038987,0.15737993916942178,0.13831849473556818,0.19951259777788014,0.056351140277535045,0.057937623252253434,0.6155467344302442,0.6921709034484181,0.31440393982880904
0.5510972044466589,0.15674640082797797,0.21959028915138284,0.19102715680667842,0.25363189610963294,0.012470769553438212,0.5629512894794237,0.5525082133625998,0.4129542758790752,0.6686773772141309,0.20412321902100866
0.4951380812495196,0.05932925331982852,0.5931597233854622,0.5927610170212407,0.7106182700973457,0.005806635125677792,0.6470810222734096,0.6208799941916227,0.5040860627431359,0.6319172465915027,0.30141604064962824
5,8
0.3864586282680334,0.20700547013003773,0.3989245829223241,0.5187625555735651,0.747904907074556,0.05187119635283073,0.0786630213253566,0.09394595514612225,0.6385143599210223,0.638755184109023,0.3515559295299211
0.5506744718443775,0.15661010554095817,0.21943790225105825,0.19078170189794566,0.2533755393258976,0.012419761882065193,0.5632136364467397,0.552846347666262,0.4125704092447282,0.6686504145031325,0.20349904973487287
0.494451164558838,0.0583248912628595,0.5945591989971528,0.593285369454763,0.7090920057766902,0.005869529611097414,0.6492097567806256,0.6229113694975654,0.5033810105086657,0.6307263688000951,0.3019511862774255
0.485642277238391,0.3555305354223454,0.09867296156345479,0.15808023752114184,0.13754421357796376,0.19868124713215657,0.057503315197391464,0.05886736150663496,0.6158128101300023,0.694020427843038,0.3140278462849536
5,9
0.5467894267974971,0.15411694177512233,0.21918248483778002,0.19404990954229084,0.2533268706238305,0.012196228700907717,0.5648941143276642,0.5549907836439707,0.413670775586066,0.6680521362299155,0.20512313325283144
0.38821013753798383,0.2070752152372387,0.39907787258606653,0.5187881750198984,0.7482388528342445,0.05212087567731356,0.07836405126133678,0.09302428715045066,0.6398460922721354,0.6377864724260378,0.35235243202528976
0.4860977661268924,0.35488998290090856,0.09797458432067968,0.15785148640119268,0.13786404466640428,0.19415010532902893,0.05732552851902298,0.05969371850716651,0.6118943492248082,0.6905531280752815,0.31149666607605664
0.5032318696638093,0.060119682362969606,0.6001768285422563,0.5904817700374116,0.7158313628809302,0.005828965508054007,0.6469068541925828,0.6207905635635452,0.5013188254728019,0.6289077511259962,0.3010690423307079
6,0
0.49839085140719264,0.06064055875261373,0.5940940235697418,0.5906630458380727,0.7107357647167925,0.005920945320338357,0.6441661517800731,0.6186659254965433,0.5033037336418201,0.6321426741506688,0.3006349961666717
0.5504087388985781,0.1563007528974819,0.2197627949151284,0.19105176911144542,0.2536895550086679,0.01231908870762756,0.5646843482777162,0.554189326236606,0.41231923791825553,0.6682194869473106,0.20333954297186038
0.38872709267824307,0.20745055866442763,0.3990340508183923,0.5186660894037765,0.7472661663429039,0.051663478094458495,0.07927649973408071,0.09424943358578405,0.6393108052494725,0.6378520469383071,0.35193917127205576
0.48670028637134666,0.35531170613894136,0.0986757589879263,0.15868018647962384,0.13752477858057388,0.19858437359749342,0.05809643616760524,0.059700955905056946,0.6141992938014055,0.6934477758150915,0.31370491926538924
6,1
0.483469057674803,0.3569516868723644,0.0983525715900378,0.15514197011261968,0.1355290418066959,0.2005152082658856,0.05633213496614409,0.05778041750984103,0.6128567214164177,0.6929008922417161,0.311861260958141
0.5467853039788748,0.15486415099530193,0.21939821570026224,0.19613145754349204,0.25414894004351124,0.01252030653546219,0.562058005146282,0.5512672248528749,0.4153861983268524,0.6689781967716184,0.20624443425892408
0.38944990389437584,0.2076483057701579,0.39750707841554855,0.5184903311040376,0.7450152345294832,0.05171050771584957,0.07873294923784621,0.09442997584129964,0.6384117732233835,0.6383597344477,0.3519529082120752
0.5001918693511036,0.05953333929573151,0.600916560521443,0.5923158449650187,0.7164878894920185,0.0057498917606,0.6499333179980723,0.6236167788082206,0.5010432293490973,0.6310507513078665,0.3000261546834632
6,2
0.5504088215118783,0.1567390370845304,0.2189227487377733,0.19081670020453653,0.2530243326624111,0.012274869495215494,0.5621834099891029,0.5524484425663939,0.41327646640446747,0.6680820878103332,0.2040689638042854
0.4856775848116968,0.3549373032365428,0.09919527297544697,0.15818157929866836,0.13815525308184196,0.19306651800582103,0.058524975746395924,0.060122498004708425,0.611247414125222,0.6907113655799108,0.31150072526683664
0.3854924706445342,0.20661448775678748,0.39806863211455895,0.5185039019138811,0.7473445949279204,0.05214048162503847,0.07856971775498192,0.09301257228955934,0.6394668799429427,0.6384258857312956,0.35212743934315566
0.49712457730011494,0.0597055094360438,0.5947552811493269,0.5911999102362503,0.7092744181027375,0.005902074298006918,0.6465838744813082,0.6202389008497068,0.5031927776021792,0.6312677650818903,0.3008231104217586
6,3
0.4813199543317539,0.3544879284692562,0.09790233136345847,0.15602687089370362,0.13523303616960414,0.1981412964076379,0.056463764643857495,0.0575930307486405,0.6104464389931361,0.6881707658151796,0.3111785685357573
0.38941334736406086,0.2083709188025914,0.39892193147166266,0.5187270836850577,0.7462368871728706,0.052448147558722506,0.07775354648541133,0.09329599863907642,0.6381112465780295,0.6389087677225936,0.35141057953020893
0.5472160414273027,0.15390644653708646,0.2196550432691819,0.1949589666531367,0.25406890061322374,0.012247204071603783,0.5650394183388187,0.5550626180263458,0.4142622856555346,0.6681576487864304,0.2056320101059988
0.5025478469086886,0.06117172563180187,0.5988713072890509,0.589986052211752,0.7168055478476517,0.005843611110221449,0.6461566567378492,0.6203444599743239,0.5014597884878997,0.6312063001890541,0.29982373284707436
6,4
0.3895051335177988,0.2081879563527252,0.39707928993128516,0.5180689154181208,0.7459837450252473,0.051824712720747124,0.08008825538091893,0.09561435430796333,0.6394325696470836,0.6392303873259969,0.3516682409204112
0.4936016173110918,0.05895302750378956,0.5937492536001273,0.5923470189457046,0.7103281649084141,0.005855506992160628,0.6484774213870512,0.6227169574042893,0.5035820877043413,0.6319010024344835,0.3019016203406172
0.549719691722951,0.15664286920660542,0.21867374945080623,0.19061413795231305,0.2526469733312499,0.012201710797804584,0.5645645952743832,0.5548785018591753,0.41237325260163055,0.6680988744136803,0.20331957389801017
0.48227275070423437,0.35112030381940695,0.0984697102929051,0.15892054608395606,0.1376296862126168,0.19745389957568474,0.058145891456172605,0.05928140132138443,0.6146397449931399,0.6900364686890021,0.3130728264577762
6,5
0.3887404951206412,0.20852137878947444,0.40124387914934206,0.5194719335114913,0.7487010162017447,0.05209769727155641,0.0787993371997325,0.0942554349286091,0.6377386538665639,0.6384709347851634,0.35126166850215373
0.5503236342327085,0.1566424246245919,0.21839218307079716,0.19027847078864807,0.25277146681846885,0.012411534615192114,0.5606104989443375,0.5504399893073825,0.4132686102998371,0.6684046975281265,0.20426922835651984
0.482903235370042,0.354963013287811,0.09773200992539285,0.1567418569317715,0.1370483180985495,0.1965531853032954,0.05624442136461133,0.057790501644051,0.613656837407392,0.6920619262955927,0.3120025359847007
0.49610727388838716,0.05948384518085589,0.5934800372759101,0.5910957684344433,0.7092445509941334,0.005878207635687388,0.6479587859572906,0.6217563618929124,0.5034610050572816,0.631942824249373,0.3015011697791287
6,6
0.5496835704675799,0.1562589566046112,0.2183655155143186,0.1904331192671456,0.2525986656070327,0.01218487016785142,0.5630321503228157,0.5524002453197181,0.4128891671561056,0.6680056947570102,0.20440625684085875
0.3889185056887135,0.20831905044801083,0.3978431814194902,0.5192615324991169,0.7471636736236338,0.0522751721227915,0.07749043771413341,0.09327583683063267,0.6386971087694825,0.6385838686566466,0.3517682558805902
0.49251443772749964,0.05982405734002705,0.5921494604563062,0.5921982684155781,0.7089152140675562,0.005918827721930239,0.647265091228373,0.6209762170808022,0.5046855994380396,0.6323297753714643,0.3017656028883955
0.47978659626698916,0.351894954920274,0.09764968378219052,0.15707832248295378,0.1369054671786823,0.1978661062082552,0.05598184242433346,0.05758368672536596,0.6145077892021067,0.6893137194307818,0.3132677862985535
6,7
0.49718631431497895,0.06014377182569944,0.5941928503606533,0.591250504117536,0.7106653023983378,0.005902649600003147,0.6455049033757931,0.6208056992282962,0.5035859549766928,0.6312649825761303,0.30157629046780215
0.38668926415739274,0.20744259395088754,0.4022157995109583,0.5206274504012888,0.74824082620021,0.05194934758695564,0.07861420280460935,0.09243116216117628,0.6378722396506844,0.637082632231043,0.352141420858221
0.4826575691198805,0.35286216115173624,0.09816896371955677,0.15931152886380753,0.13895202303400123,0.20059895003801556,0.055720637195503575,0.05755405353488874,0.6171961528108107,0.693984908946242,0.31521414573494094
0.5500809329996343,0.15699493893110728,0.21838792003899687,0.19072850559262058,0.2526121999439102,0.01237205434818154,0.5622965205751025,0.5522515575909404,0.4131291100599728,0.6684912948764137,0.2038166986989567
6,8
0.3924852006195812,0.20919801678963537,0.39929348022408956,0.5193095831644484,0.7447850227887833,0.05168853590350176,0.08001756755986117,0.09557971783594771,0.6382099500250906,0.6382070916587675,0.3520317949205091
0.4787172113036565,0.35403493928928087,0.09481314071925323,0.1531861478334486,0.13129405071275274,0.2027206397550611,0.05349926853082995,0.055508784690878527,0.6135605611701394,0.6894890042153643,0.3133497780341929
0.5501196137277362,0.1564300841926216,0.21876080068681164,0.19005537626223812,0.2527230397886313,0.012236125236008887,0.5639171714601245,0.5540849567503163,0.41190451751222,0.6682098467654278,0.20327368460325895
0.4964909685403122,0.0595948322742022,0.5923869025448517,0.5922795840716252,0.709940539946248,0.005847265599988778,0.6478003065239963,0.6211907428464527,0.5037018435878382,0.6310664234743182,0.30163176348611853
6,9
0.3901849254042793,0.20817822911692027,0.3969678193360219,0.5178211234673388,0.744602308965957,0.05213663568995361,0.07948577002006907,0.09499817992444692,0.638546776433384,0.6395132117832873,0.3514961531048049
0.4963962881043792,0.057919207019512975,0.5996861868947301,0.5925216382925005,0.7145513444209857,0.0057161241510656005,0.6507716884514767,0.6237537829461124,0.5016769438359394,0.6296291121566756,0.30074843868984413
0.482577874257894,0.3540277145976556,0.09692090575949464,0.15469027533893073,0.13403141886182823,0.20024520304157578,0.055703133059652826,0.05713173293181814,0.6125904488052621,0.6900997128903525,0.3125000803463631
0.5470833801031989,0.15537571262453606,0.21953332173482754,0.1961166618400169,0.2543950286789848,0.012407425443637154,0.5627591093898039,0.5526760626177449,0.41530831744761476,0.6687002968364709,0.2066995917731992
7,0
0.5465862952763286,0.15467569715275148,0.21920844255292876,0.19555981309831033,0.2539081850295819,0.012240013047673644,0.5643044904026646,0.553573436367784,0.41465249178888675,0.6683428150378536,0.2060001561828988
0.48267002538206916,0.35675380428494874,0.09732383812616083,0.15711967372666052,0.13513221985909607,0.20040988257775882,0.05538315786341677,0.056711769236814924,0.613637150209236,0.6893610538551401,0.31288340255716535
0.49928903271904623,0.058451961045271034,0.5992671829510594,0.5938815876234234,0.7156982100510048,0.005747674770776728,0.6514701031874909,0.6251061232607926,0.5012121541238415,0.6289746999345041,0.300811049149612
0.3880207007168665,0.20813831664858817,0.3994834643465237,0.5197950977864667,0.747369882059818,0.052388544778372556,0.07938406629806025,0.09407584417394144,0.6389604901097542,0.638205749494752,0.3518737284791929
7,1
0.3882257345976851,0.20696394735943813,0.39581438082969167,0.5165677064416512,0.7450603354233869,0.05197724664715932,0.07842333141272273,0.09434211536733683,0.6382023833661554,0.6402106585760213,0.35113204888719446
0.49503359216018256,0.06038890422332954,0.5936656930389663,0.5909761334760324,0.7111438471951307,0.0058097161633456,0.6455864750392657,0.6192579553784296,0.5041622098260102,0.6323155263209304,0.30119938676772984
0.550134836246928,0.15670748795520295,0.21828698822237316,0.19021865429243479,0.2524999843158159,0.012340948138918784,0.562698211237145,0.5528147103985291,0.4122420997047677,0.668517370321317,0.20347783706181682
0.4834545086474185,0.3529473311616267,0.09727996923444732,0.15535386217225314,0.1350661905795939,0.19951156394060715,0.05651760566459152,0.05807241146827166,0.6136023329273332,0.6918765765714756,0.31281697750259324
7,2
0.47962551573273565,0.3481477453888973,0.09942644119402755,0.16026317057366027,0.13958369147198724,0.19511277339886943,0.05781458389842439,0.058953063661294686,0.6158504084598591,0.6905923981263153,0.31424799880001786
0.49416445994053104,0.06022122664566587,0.5917309183585224,0.5905380935604018,0.7086739492775258,0.005971341801101093,0.6425282723933096,0.6176548102700736,0.5047295064711649,0.6328172378960794,0.3014133428810125
0.5502671278918236,0.15572452568297518,0.2190841380555177,0.19061737843309493,0.25310571227355994,0.012177785083362723,0.5648160761078791,0.5548754076672788,0.4121416887028744,0.6677913918288779,0.20357561586688774
0.3879480284045529,0.2091039421804976,0.4018043368955749,0.5209323774772041,0.7522257986753782,0.05229149117766392,0.07831254373895832,0.09262217699504852,0.6383616472748161,0.6372823094956919,0.3520519738898948
7,3
0.5474401855110462,0.15570335267587748,0.21891204366511924,0.19504877164303056,0.25361241348414276,0.012443965732410717,0.5610433850677614,0.5504508114621991,0.4153939299586191,0.6687281251619741,0.2065163360260067
0.39177560804266087,0.2097583416896777,0.40127445058800193,0.5202625356487184,0.7516892520679784,0.05198609775258455,0.07767491000604959,0.09411487896279039,0.6372058167598027,0.6387816262343872,0.350765388889432
0.4998272609094663,0.060300687625455124,0.5980773250411633,0.5901513554470966,0.7142240090477557,0.005863429018555424,0.6468683052171661,0.6214861056836121,0.5019654872893743,0.631593165870405,0.3001251504289897
0.478789841399392,0.3510779955102574,0.09918477988778421,0.1613700006691665,0.13952454764775163,0.19701673885391535,0.056446509741828216,0.058152987083661845,0.6176952654266351,0.6912805944873358,0.3157174322052373
7,4
0.38701759604231073,0.2061118683146519,0.3976171454836988,0.5168819451554364,0.7446695453810076,0.05163134675497974,0.07929126808250184,0.09456906933255485,0.6386250830659133,0.6396275408880431,0.35143979584799184
0.5510517409182474,0.15665777293222916,0.22002015356409296,0.19101745661686387,0.2539397449304145,0.012321057422387954,0.5639056002282177,0.5542964239662741,0.4122723731264988,0.668607937750587,0.20317682697482248
0.48200688181141216,0.35360298845862315,0.09920600186806725,0.15770218727843507,0.1382929744631603,0.19620854702916693,0.05792598029355675,0.058983392631919956,0.612664544691085,0.690338328858238,0.3118513567520086
0.49739710829744793,0.0594543223271963,0.5947071069733758,0.5920759609890051,0.7103125039318582,0.005851475260570532,0.6487920855950896,0.6213242880566494,0.5027889701289893,0.6306041849628374,0.3016608645940878
7,5
0.48354508514045375,0.35476715628586586,0.09785454389938178,0.15764369913409607,0.13664954852251004,0.1980506306696143,0.05618511175643304,0.05839531186487018,0.6121482839809642,0.6902910044846838,0.3125506936178522
0.4945519852163437,0.05884550483943224,0.5945753080975451,0.5922440704477745,0.7100188656231481,0.005808224990983608,0.6489188402037633,0.6216852342572434,0.5038639994972576,0.6311359970878552,0.3014816749136575
0.5498272981957458,0.15650177754287425,0.21863660835988374,0.19085343877486827,0.2528289864607072,0.012476786006148342,0.5614624216479821,0.5514189493444236,0.41378248340023704,0.6683088655414825,0.20456404102433537
0.3883518864944848,0.2073698282741567,0.3987562619335464,0.5196986870626228,0.7479231575106775,0.05211008016241309,0.07839000584753061,0.09386522433665698,0.6392494696095706,0.6376638257482372,0.3524382399977416
7,6
0.4988025420554661,0.06129619142095402,0.5922473028660498,0.588893104897722,0.7093253669965631,0.005917117954988629,0.6433675258327958,0.6182678542197262,0.5041316009407297,0.6324814530130949,0.30132566027793906
0.4852057346638124,0.35501515501868197,0.09881650973112965,0.15794932637192438,0.13730751204660369,0.19694660426788202,0.05805170978244842,0.059508189177120724,0.613747097624705,0.692378020466334,0.3127076720012726
0.5497734393536549,0.15570475837796405,0.2188152018927103,0.19038927017707652,0.25278379837490106,0.012092767808484527,0.5618997729023136,0.5524524859121895,0.4128840412546173,0.6676156918125425,0.20396250097720348
0.3869782794700516,0.20781640084332575,0.39833166308298307,0.5181859372628396,0.7476956972358413,0.05215747117781276,0.07799780160847383,0.09211534804377042,0.6399072624493184,0.6380503534024647,0.3523556479490655
7,7
0.39054976683495346,0.20841892379745477,0.3977429138759432,0.5179805535627057,0.7458025496417002,0.05200693117094245,0.07938966372530074,0.09453807801178724,0.6390575509419957,0.6386849988174633,0.35189961846250006
0.5503563002597183,0.15582309868840832,0.22003059672929398,0.19074778545701393,0.25393516506343516,0.012246537522490178,0.5668127035743036,0.5562630077770161,0.4123157696845599,0.6679213990170991,0.20336552389971094
0.49650769464251,0.05913054702229725,0.5948064029921178,0.5929283295800934,0.7108716266019569,0.0058704228470970385,0.6473973863327438,0.6212204176689007,0.5029694166043152,0.6319106845042647,0.3006397331164282
0.4809195010244192,0.3530720087167835,0.09712761028771763,0.15611150401487314,0.135740872524292,0.20032787153929127,0.055590451151838,0.05720835651733047,0.6133063286629711,0.6906294831956282,0.31224757450309204
7,8
0.48374872460659296,0.3570870206382501,0.09731100197873269,0.1553781920143547,0.1339427683785671,0.20038725302656113,0.05579389230557438,0.05763642094748869,0.6135981229249806,0.6926809739811239,0.3129196669438252
0.5495256656095798,0.15674399037824385,0.2179596753334005,0.1905792440483919,0.25218282532314873,0.01241046601787138,0.561551820139634,0.5515069912124664,0.41317850446061555,0.6685297840676535,0.20408547727815063
0.4947673745050934,0.05897168182741522,0.5940003657143054,0.5922412549413859,0.7095235987426415,0.0058657254061934075,0.6489635680838534,0.6228876897002917,0.5032992847735425,0.6311693432082064,0.30185228240566125
0.38966470201269215,0.20901779589230837,0.4007656078813119,0.519694970361636,0.743850609920446,0.051868426780421514,0.07844680757978731,0.09377992460905249,0.6367758030847681,0.6376491419552126,0.3515169140508042
7,9
0.39193304909960114,0.20879022491593563,0.39902905107806597,0.5199447131441768,0.7454825313871183,0.051761409566803876,0.08013134677169492,0.09628380163850542,0.6377555467732501,0.6386213406812445,0.35146126546779277
0.5479427211594936,0.15647280394876467,0.21917409579547492,0.19517291272245285,0.25384805216400685,0.012474484284533571,0.5615414022233147,0.5512904270751371,0.4151379751072948,0.6690557250592393,0.20615942365443488
0.4829193657983789,0.35358182172620545,0.09632064894291961,0.15510189656691298,0.13413887454233425,0.19902560025465904,0.055900679994422525,0.05721996683407782,0.6118793521925174,0.6898088137504048,0.31185961371553395
0.4989426885744353,0.05978082611718516,0.599923251178905,0.5918806215310156,0.715812178604505,0.0057844549170776235,0.6502768543056829,0.6241241900038901,0.5013156307041913,0.6305149111740833,0.30034271477883917
8,0
0.5470963779152802,0.15540043983685375,0.219313898746699,0.19527342775949277,0.25379680148178757,0.012350103041887737,0.5622897134283573,0.5522557008212834,0.41456055513328555,0.6687434458206469,0.20564043612555089
0.48381896128924845,0.3543301013517194,0.09849382782773858,0.15652457319062377,0.135554278551883,0.19928336942402047,0.05696225716426759,0.05849921176245115,0.6135783875306116,0.693056878085097,0.31262390742647256
0.39020333019585207,0.20918520828210407,0.39633598516554847,0.5188974062280789,0.7446533785250964,0.05239920651825879,0.08005729464348918,0.095917909568214,0.6386034831906543,0.6395910714869774,0.3514692398969816
0.49944360764165546,0.05964114470003751,0.5983167869509973,0.5908062418651462,0.7136478489943041,0.005721507117548298,0.65103770165047,0.6242485758397986,0.5017207390537464,0.6306118372445139,0.29977464355303535
8,1
0.4824655554411334,0.3561477375749654,0.09845275920261146,0.15847227042056783,0.13754495351792212,0.19672053492185002,0.05684669714510068,0.05830665045510505,0.6155824107385242,0.6923072162546002,0.3131257003251239
0.49769339532690626,0.057799951087773055,0.5994098930311982,0.5933427004031727,0.7139657322023747,0.00568140844333339,0.6534906352810637,0.626038037543799,0.5017558284593044,0.629799788427861,0.3007094247767669
0.3868097227597604,0.20778701858668394,0.3976904440423544,0.5179779590624738,0.7463123115816057,0.05203956032659579,0.07838613161004751,0.09289990075080196,0.6388253127482956,0.6387595932037876,0.3517536176162398
0.5468738283480041,0.15521676693476588,0.21854771075146884,0.19479026486696274,0.2532857172237616,0.012416634128093816,0.5608222718067173,0.5509236090228431,0.4154565754140265,0.6686713944614434,0.20654441965226322
8,2
0.39014504204830125,0.20843066869003563,0.40142040336369245,0.5206128877363553,0.7460975347803209,0.05159465908466725,0.08036895709478467,0.09500463147996957,0.6379485363797268,0.6374421104466734,0.3518076500866342
0.49499287053229013,0.06005313588807795,0.5950379227046678,0.5907828844537539,0.7107750935920053,0.0058757535197523705,0.6460388400738277,0.6197956203286603,0.5038852044886711,0.6325712016142939,0.30130380766862047
0.4815469327737481,0.35257386933664925,0.09874836847124391,0.1559876167274943,0.13733945087964966,0.1975717841211462,0.0574887889539529,0.05864167689349087,0.612615609618407,0.6912179731322624,0.3123111661201525
0.5496564487759058,0.15620788150213644,0.21857424123791147,0.19039320295164744,0.25268536028193056,0.012151695907271214,0.5642628690786173,0.5546564824411893,0.4122914680897725,0.6678263173395734,0.2036937636952317
8,3
0.3895331824471142,0.20741292705900846,0.3987137406215251,0.5181031892839837,0.7487234181566702,0.052031731665001246,0.07902608835788796,0.09446258970812574,0.6389571346665348,0.6382121359758927,0.35190488866575076
0.5501260693614255,0.15663298262384878,0.21850353537819228,0.19009476906990977,0.2526877982687382,0.012307838247670636,0.562620878984743,0.5517585621267618,0.4127436198071927,0.6682322694383099,0.2035600521748776
0.4819469934446915,0.3533801060799494,0.09790147476202049,0.15694870576353467,0.13640437610851242,0.19823709888808042,0.05699742114477607,0.05784799019062775,0.6131329368529739,0.6898991830064851,0.31228745667889013
0.4959774856579363,0.059051677184897344,0.5945153419756779,0.592439229070901,0.7097167965103952,0.005958387707450066,0.6477516466142819,0.6215932256176614,0.5032874067456715,0.6303850573043517,0.30220403264706047
8,4
0.3892811351240345,0.20760521166606632,0.3993793087686514,0.5202053673319188,0.7473360630917556,0.05190477030727691,0.07876250898939896,0.09423196446882026,0.6384264903129973,0.6383663732195427,0.35167761944872755
0.4967753582531907,0.061311075477072485,0.5945559222074563,0.5899794529164712,0.7113515859711796,0.0059349714379951235,0.6435861578384734,0.6182789618516866,0.5032355341538709,0.6327077775671469,0.3005555657293241
0.549579505404279,0.15586267646905566,0.21877994294840408,0.19121946480761487,0.2530214768842237,0.012274242462411197,0.5633506946355071,0.5530620217310911,0.4136096599730582,0.6679628918443036,0.20474413649932421
0.4819676557556253,0.35455810715325353,0.09700169198554279,0.15803244593205776,0.13562583065217376,0.1973468854433325,0.05554148644585613,0.05757897175400653,0.6127347191513675,0.6887808294824664,0.3130688634899697
8,5
0.4987453962519672,0.059125759655434734,0.6000370670966064,0.5924054227722622,0.7175408363480815,0.005715537176910701,0.6492259926670401,0.6241020204873111,0.5018236914616605,0.6314056737670717,0.30037718848869444
0.4796988377918092,0.3519567814807386,0.09770017134737685,0.15958709418718878,0.13787977289893183,0.19851245265574746,0.05583563645629672,0.05736553312340484,0.6154571236436623,0.6897674929874049,0.31384972245211423
0.5474893572581412,0.15539303080963576,0.21951762381179207,0.19570843613825212,0.2541605086784717,0.012635310866359856,0.5615020158912645,0.5505270196016903,0.4159598570489076,0.6690009029392674,0.20667744089404108
0.392763528303622,0.2101133458585602,0.4031493972752841,0.5202862322554334,0.7499003623540567,0.051520266069626904,0.07842762043818494,0.09439487246128006,0.6361296995088928,0.6378653700361202,0.3508399795778665
8,6
0.48353496077886743,0.35441309484985917,0.09756640434338279,0.15684186353730423,0.1365793915497926,0.19969189204462878,0.05638158217331707,0.05801891302309953,0.6139268489797635,0.691366056350907,0.31302585013490114
0.4955244593814542,0.060183478785853756,0.5906518432047503,0.5905868398701615,0.7067328100576905,0.00598207205427799,0.6439970023211008,0.618484067373155,0.5044994864193172,0.6323015251371867,0.3010306188637233
0.5505238716305008,0.15602474250732518,0.2193066854955934,0.19060380993136045,0.2533328184867612,0.012395906614903446,0.5632286826820465,0.5530978532809607,0.4127452495202435,0.6684263548801662,0.20361360508148307
0.3854010424406179,0.20795961938808372,0.39806695597739195,0.5186743665916066,0.748020440514729,0.052568046436619116,0.07659205754899792,0.09177671146162208,0.6392642167296205,0.6393197043069442,0.3517936560223203
8,7
0.495632393898096,0.0603661129485579,0.594223380452875,0.5909784934560935,0.7116543980435079,0.0058133035445238,0.6472140550179866,0.6201167515742758,0.5035818277157464,0.6323811305068382,0.30107568831269027
0.5503984699859419,0.15719778207013413,0.21966511714215703,0.19157766157758876,0.25373556832665234,0.012289097502785624,0.5633766253613425,0.5533178971206825,0.4123902380792981,0.6685071150756018,0.20365593579045227
0.3881161584628615,0.2077978894755885,0.3977611195301297,0.5183050739871295,0.7473526964453814,0.05190242340995734,0.07819422051173225,0.0932167631274935,0.6394189301827367,0.6384650974015653,0.35197501420801525
0.48205265971816375,0.35216761771970456,0.0988029105338554,0.15721162655574694,0.13703181191202202,0.1969106840652331,0.057291714601154425,0.05877288335035863,0.6125050710960928,0.6905219037006805,0.3127672305825368
8,8
0.4976625551132888,0.06023099774982121,0.5926344969126347,0.5909284299931225,0.7102312242848391,0.005982466786892245,0.6442906125805257,0.6195171062241964,0.5031250042409935,0.6317454394293704,0.3013406898052273
0.48459681307699476,0.35419827403758053,0.09703971914770584,0.15637971107979187,0.13541924992099624,0.19978610968349142,0.05618239721825766,0.05802922805465027,0.6138904294282138,0.6910447976250348,0.31329799001634084
0.5501951904802053,0.1552961760468151,0.21940712627621115,0.19101248021596784,0.25341067668487804,0.012005353290778314,0.5674336405322351,0.5581049487440812,0.4117815948956934,0.6675034715753223,0.20338187471390407
0.3864223467923081,0.2062016335069046,0.398348079120653,0.5190076430289804,0.7458593645640068,0.05200502089421094,0.07876849402791516,0.09374433747863001,0.6392612532177102,0.6375118821427379,0.3525282031873937
8,9
0.5015617636746731,0.06033169818568035,0.598533796205668,0.592257318484037,0.7157946401515616,0.005827047759722322,0.64829716724388,0.6223695796302491,0.5018199359872967,0.629731708345441,0.30056019603647016
0.3897070785279197,0.20786688942548476,0.3994179364628361,0.5186239190235439,0.7469779336890676,0.052089312602378854,0.07871979307826815,0.09418227571306115,0.638397198685344,0.6385983999278242,0.35148299771532027
0.48373352770536093,0.35344660845671694,0.09929800634327704,0.157944275391696,0.1375750154876208,0.19844440792853985,0.056614345950006806,0.05839736581458016,0.6131072242653879,0.6915731238506874,0.3132991610919724
0.5464659485098159,0.15528349086313686,0.21845922949619193,0.1952927093167677,0.2533491684771857,0.012382354512364573,0.5613384245630678,0.5509861174961936,0.41504100261064847,0.6685982829720892,0.20611089118504047
9,0
0.4941248384314833,0.05857635222781005,0.5926345595269599,0.5924227465954356,0.7078035036506146,0.0058086363174819425,0.6492852030927181,0.6218617988647474,0.5041999407629459,0.631681583277709,0.3012123711365245
0.550506249797769,0.15654106340287038,0.21886744283013096,0.18960059841095622,0.25278174210490556,0.012292334514911477,0.5653436141693934,0.5547285529372701,0.41140290464074875,0.6683568121502118,0.20246632130588654
0.48314196255661696,0.3564486387243575,0.09789805650650577,0.1563002644965168,0.1351061807532164,0.19748618924248057,0.05715347401407414,0.058512736175610564,0.6116662525027069,0.6890903112223402,0.3116108670544262
0.38896870392854405,0.2067049283781867,0.4002455215642329,0.518617181198433,0.7460598489403601,0.05155554844549236,0.07913736097977314,0.0942499868745291,0.6380763167124262,0.6381662140666473,0.3517998730429889
9,1
0.39179625844219745,0.2089378299989711,0.3997690150796462,0.5187254599706674,0.7483848411705538,0.05119715799075409,0.08007146084273656,0.0959549707253721,0.6377255882797218,0.6395319494008926,0.3506859080106041
0.4950407570156556,0.059435481924658556,0.5949413126817774,0.5920501514957776,0.7105573174502621,0.00584838865398072,0.647675275122902,0.6212109660542923,0.503130099710968,0.6316947933572632,0.3009273097022893
0.4824663739991899,0.35057879623358046,0.09787417639258031,0.1569451036250077,0.1379729715751804,0.1989916822137171,0.05707880087773967,0.05823002629470278,0.6129374923572204,0.6905243953154574,0.3122173585547945
0.5505852490745083,0.1568930673269253,0.21960023375508653,0.19119034776119756,0.25364847927517564,0.01233745430453339,0.5648129874539294,0.5552786551390256,0.4123662782833452,0.6683611192635219,0.20355173388558398
9,2
0.49597830032171725,0.05878577651505584,0.5944641248325686,0.5926253611977882,0.7103317138038046,0.005829908710218046,0.6473758388450781,0.6216707764501821,0.5028958500493427,0.6307145481421798,0.30128919453756353
0.38793188599678396,0.2070771497116067,0.3983628567703261,0.5173542640664751,0.7484335879225318,0.052063337104693214,0.07880891695540024,0.09389311890379193,0.6384502086392889,0.6381902324642159,0.35188359794173985
0.4851444143997247,0.35400214243597994,0.09898991282193412,0.15908756665720142,0.13752527988656577,0.19706794616990608,0.058080609372377356,0.05979517069471679,0.6153396248536802,0.6932818829307124,0.3138980447063186
0.5497124214926117,0.15703680856487767,0.21818064034189213,0.19038158301012134,0.25219619642995317,0.012298558478862617,0.5625648993285738,0.5531450094289003,0.4129740894642857,0.668043277257386,0.2037460741157665
9,3
0.5003233591265995,0.059836918049178234,0.6010761845220147,0.5912955145950871,0.716191376051261,0.005798240592401735,0.6474795082578141,0.6215489521023368,0.5015354860263643,0.6296448015391506,0.300994442426891
0.4809869016987878,0.35380775462368413,0.09831289410605942,0.1573703642033146,0.1375733516939877,0.20004023421265787,0.056002593932069994,0.057122424080541495,0.6166621251690416,0.6932166673187509,0.31494294925218713
0.5471614109210963,0.15539126540773204,0.21947288965125406,0.19581805914886907,0.25413687644300464,0.012289386722184319,0.5594716290544637,0.5495702546877494,0.4154198255348281,0.6685584418551288,0.20657501327111488
0.39008669754162106,0.20872415321234233,0.39984270087128476,0.5202382436171638,0.7486648420226966,0.05242846594069503,0.0787797847346571,0.0949771260426735,0.6381528952345473,0.6384693794436106,0.35150947631327223
9,4
0.5005554205192336,0.06073590100227402,0.5994453573691141,0.5913405582685287,0.7183182965497741,0.005761853696286262,0.6475174094922242,0.6219937883194375,0.501655246910841,0.6314296100172978,0.2993578733727887
0.38678919074360074,0.20694774328239596,0.3984886543652073,0.5201072943554335,0.7462116130889336,0.05261553381089572,0.0770711238617543,0.09216675219949691,0.6394214885771448,0.6374965031459818,0.35234825676146897
0.5470615017814991,0.15397893309337746,0.21942661483251624,0.1955967411752657,0.2541328169714532,0.012434506805756328,0.5633544638198588,0.5529164405193256,0.415367034218102,0.6683315804554332,0.2060515128368907
0.48376380943440267,0.35412895825595647,0.09889056351967915,0.15594793355036177,0.13577030796003958,0.1976658004255851,0.056816678358322104,0.05821357819693129,0.6126652119872296,0.6917065041079313,0.31249820062688394
9,5
0.3888561129309448,0.20798626863301473,0.39664280604809465,0.5170194364094343,0.7446447703179003,0.051953548201369174,0.07907984521211345,0.09459831865610277,0.638613865080256,0.6395554678200818,0.35134460164548675
0.5475731426505674,0.15545893683824202,0.2188715426485299,0.19432670316830417,0.25364214940804874,0.012351314112741402,0.5635501110483863,0.5532211131638521,0.4141533373274847,0.6688379366476602,0.20554329680162586
0.48392391638220195,0.35629778733366224,0.09633372667680537,0.15449843376164585,0.1334181460563268,0.19948841119590405,0.05544240998729233,0.05730961640839502,0.611161532733688,0.6901509819687103,0.3116887133223092
0.5012175528764143,0.060768583676756444,0.5995647098502455,0.5899809069236638,0.71648944843743,0.00580899795270351,0.6486433655313072,0.6230271768101947,0.5015235270329395,0.6312420467068147,0.30004305715166385
9,6
0.3881517703928298,0.208304289295634,0.3984336401189622,0.5180790096669381,0.7431079684162939,0.05209669562074182,0.08022902480229521,0.09435640699408204,0.6392660872203643,0.638353027512639,0.35217654721983005
0.49441166149074967,0.05945731719872449,0.5931044088905779,0.5926694593237418,0.7093256211060099,0.005919854466359453,0.6478829283422874,0.6222943798052205,0.5039554147131131,0.6322495457516246,0.30097639730733117
0.5501826837661438,0.1561816998361057,0.2189813961275352,0.19139366335785588,0.25329607636939305,0.012405820270090719,0.563510730454041,0.5526624141319223,0.4133096532736398,0.6686310778489061,0.20415767354927655
0.48419012140383344,0.35569558324624106,0.09617671235368444,0.1555739025208638,0.13422740682085632,0.19906338335968982,0.05611605295592606,0.05776775746481791,0.6137191436154686,0.6904210038648737,0.31244814271384436
9,7
0.3891062224138674,0.20793715986685007,0.3983358255527413,0.5186986955756677,0.7448433864837471,0.052079442268193596,0.07890424493630216,0.09410578860645225,0.6384172695064575,0.6387697969160133,0.35180371738727334
0.496808758762059,0.05930775281893788,0.5920079092029702,0.5917272106430124,0.7087496850980847,0.005909814552809381,0.6479001925042107,0.6216991611666801,0.5034159456844167,0.6316954115636608,0.3020912680912403
0.5496487425753481,0.15721854604007057,0.21812034811645697,0.19089269687424543,0.25263710356631575,0.012400390347397962,0.5616953151232912,0.551647921584246,0.4134717218203378,0.6686728573738027,0.2043072813549704
0.48068733759313387,0.35507266077520494,0.0974917539378932,0.1557319271389235,0.13538499517330055,0.2017819183757897,0.05512009578504268,0.05644894615868215,0.615459363725297,0.6934685944931703,0.31359130392688367
9,8
0.546240105518816,0.15361605420634358,0.21915556142073275,0.19501169397177068,0.2536298372130905,0.01209085100777417,0.5624570148208932,0.5519703842725382,0.414824615417539,0.6678517843097257,0.20624306162958517
0.39006385791812687,0.21094647123789848,0.401240216724547,0.5211277292025542,0.7507776250235614,0.052075781210664474,0.0784406898108787,0.09388113556145256,0.6372295973279096,0.6384070810374253,0.3512542753109335
0.49880436708288106,0.05941473644187781,0.6001614291543624,0.5911149578776631,0.715339793671765,0.0057533038368027326,0.6492205626336671,0.623108733844902,0.5019849964129274,0.6304861317411868,0.30104371515851475
0.47861443499127965,0.3496230806264188,0.09840337429436394,0.16031909751714501,0.1394895408733926,0.19655222195679922,0.05607821793911222,0.05798539619449991,0.6152849658785354,0.6898021403367942,0.31418607610928995
9,9
0.47928518063629655,0.34898631588872353,0.09964727456592137,0.1624989365462143,0.14120319290144068,0.19398959624268047,0.057874623877303605,0.05933893037212948,0.614157153556089,0.688052002656564,0.3131180452845295
0.4952774234911395,0.060388024577980925,0.5919295604835635,0.5904286079230228,0.7083052253272835,0.005946322251383175,0.6439487373766806,0.617642145041918,0.5040930124398284,0.6316471744291696,0.30170414669744866
0.3895701004762254,0.2083176824948991,0.40021719251846,0.5211388813761206,0.7509305435149847,0.052086580479564194,0.07801314498872236,0.09329493944681064,0.6382800561791203,0.6377562808170566,0.3519890114464283
0.5500492670008643,0.15652340575224558,0.2195496878432739,0.19148574167666108,0.25347739554367626,0.012229371131361202,0.5633577760192701,0.553396279083721,0.4130131376294385,0.6676728333787048,0.20438183321055486
