[8.793846153846154],11
27,42,187
[8.326666666666666],7
32,40,173
[9.560483870967744],3
13,124,181
[8.823361823361823],4
27,42,195
[5.213157894736842],11
82,16,98
[5.450000000000001],11
83,15,102
[8.506410256410257],4
15,5,101
[8.463076923076922],9
32,38,183
[5.623684210526317],4
83,13,100
[8.566666666666665],6
18,5,123
[8.64],7
30,42,178
[8.683333333333334],3
19,5,127
[8.706666666666667],10
27,44,177
[8.647619047619047],6
19,4,125
[8.506410256410255],3
17,4,107
[9.479166666666668],5
15,130,180
[8.566666666666666],3
18,4,123
[5.466666666666667],11
82,15,104
[8.665242165242166],11
31,42,189
[9.52016129032258],5
13,123,176
[8.794871794871796],9
27,45,193
[8.701086956521738],3
28,40,170
[8.68840579710145],11
27,44,165
[5.432748538011696],11
83,14,91
[8.472527472527473],3
18,4,115
[5.447368421052632],10
80,14,95
[9.514778325123151],5
13,125,150
[8.823361823361823],5
28,46,189
[9.516129032258064],6
13,128,169
[8.635],5
28,40,181
[8.560439560439558],5
15,5,112
[9.460685483870968],7
15,125,174
[8.616666666666669],7
18,5,128
[9.459001782531196],5
16,133,183
[8.591666666666667],3
31,35,182
[5.257894736842105],5
79,15,102
[8.561904761904762],7
19,4,123
[9.510752688172042],5
13,129,163
[8.37142857142857],9
19,5,117
[8.596153846153845],4
16,4,109
[8.88888888888889],5
28,47,186
[5.510526315789473],8
84,13,99
[9.47064393939394],5
15,125,181
[8.536666666666667],5
30,38,178
[9.45967741935484],6
15,122,177
[8.456666666666667],7
30,41,175
[8.66123188405797],11
29,35,175
[9.578817733990148],6
11,123,150
[8.466666666666665],7
21,4,118
[8.815384615384616],9
27,40,186
[5.5210526315789465],9
79,15,102
[5.697368421052631],10
81,12,100
[5.234210526315788],9
82,16,98
[8.666666666666666],5
13,5,102
[9.530241935483872],5
13,129,177
[8.552380952380952],4
18,5,121
[9.550492610837438],5
12,125,152
[8.461538461538462],3
17,4,109
[9.528225806451612],7
14,121,182
[8.606666666666667],8
29,42,173
[5.973684210526316],9
80,15,101
[8.600000000000001],3
20,5,125
[5.426900584795321],9
79,13,96
[5.2023809523809526],11
84,15,103
[8.435897435897434],8
17,5,106
[8.609523809523807],5
17,5,122
[9.593103448275862],4
12,126,156
[9.433467741935484],7
16,122,178
[8.602564102564102],3
16,5,108
[8.596153846153845],7
16,3,109
[5.75],11
81,14,96
[5.883333333333333],9
83,14,105
[8.623809523809525],6
20,4,121
[9.596551724137932],4
13,125,159
[8.56],9
31,37,182
[5.35],11
84,16,100
[5.428947368421053],11
80,13,99
[8.759259259259258],6
30,47,196
[8.582417582417582],3
16,5,113
[9.511827956989247],5
14,128,164
[5.526315789473684],5
82,11,97
[8.593333333333334],9
31,44,174
[9.520689655172413],4
14,125,152
[8.576923076923077],9
17,4,112
[8.77],11
26,43,174
[8.86894586894587],5
28,41,195
[9.51231527093596],5
13,124,150
[8.48],7
32,34,177
[9.559475806451612],5
12,126,180
[9.550492610837438],5
13,125,151
[9.525201612903226],3
13,125,177
[9.445075757575758],7
16,126,182
[9.556451612903228],5
13,123,179
[8.506410256410255],11
16,5,106
[8.66666666666667],3
19,4,127
[9.589655172413792],5
11,127,153
[8.678333333333333],7
27,39,183
[8.688405797101451],3
30,40,167
[8.937321937321938],7
26,43,194
[9.48735632183908],5
14,129,149
