[4.905263157894737],8
83,16,99
[5.255263157894736],10
77,14,101
[5.715789473684211],11
84,15,99
[5.6081871345029235],11
82,13,94
[9.465725806451614],5
15,123,180
[9.575268817204302],5
11,124,171
[9.480113636363637],7
15,130,181
[5.4526315789473685],9
81,14,98
[9.514778325123153],5
13,124,151
[9.489655172413793],5
14,125,154
[5.5473684210526315],11
79,16,96
[5.3842105263157904],11
84,13,100
[5.431578947368421],11
83,13,101
[5.53421052631579],11
84,15,96
[8.629999999999999],8
29,42,177
[5.6421052631578945],10
80,16,99
[5.671052631578949],9
82,14,96
[9.584975369458128],3
11,125,153
[5.453216374269006],9
80,13,96
[5.235714285714286],3
85,15,103
[5.576315789473686],9
83,16,95
[5.610526315789473],11
82,15,101
[5.263157894736842],5
80,13,97
[9.53314393939394],5
14,127,180
[5.640476190476192],10
83,15,106
[9.486631016042782],5
15,135,181
[5.281578947368421],9
79,14,102
[5.076315789473685],7
83,15,99
[5.694736842105264],7
84,13,98
[5.328571428571428],11
82,15,106
[5.2973684210526315],11
84,13,99
[5.360526315789474],6
82,15,101
[5.46842105263158],9
81,15,96
[5.673684210526316],5
83,14,95
[5.681578947368422],9
81,14,104
[9.463709677419356],5
15,125,177
[9.524137931034481],5
13,126,154
[5.128947368421052],5
82,15,98
[8.73076923076923],5
27,43,190
[9.47064393939394],5
15,125,181
[5.171428571428572],6
84,16,101
[8.68],9
27,40,175
[5.1842105263157885],9
78,13,98
[5.544736842105262],11
81,13,101
[5.771052631578947],11
79,15,103
[5.421052631578948],5
80,14,94
[5.076315789473684],11
83,16,100
[5.694736842105263],7
82,14,99
[5.2552631578947375],11
85,15,96
[5.286842105263158],11
83,15,99
[8.747863247863249],5
31,41,191
[9.436491935483872],5
16,127,176
[8.452380952380953],7
21,5,122
[9.51782531194296],5
14,132,185
[5.5],9
81,15,95
[8.864672364672364],3
27,45,192
[5.405263157894737],11
82,14,98
[9.45766129032258],5
15,125,172
[5.573684210526316],7
84,15,98
[5.342105263157894],11
82,15,100
[9.507575757575758],6
14,131,179
[5.51578947368421],11
79,14,99
[8.733618233618234],7
29,44,188
[9.5625],5
12,129,179
[9.539772727272727],5
13,132,181
[5.121052631578947],9
82,14,95
[5.281578947368421],11
81,14,100
[5.0736842105263165],3
83,16,100
[9.5],3
14,125,181
[5.560526315789474],7
85,14,97
[8.535384615384615],3
30,34,189
[9.463709677419356],7
15,123,178
[9.53103448275862],3
12,123,162
[5.552631578947368],9
82,16,98
[5.431578947368421],11
81,15,101
[8.76],7
27,42,181
[9.50284090909091],4
14,127,180
[5.747368421052633],11
80,15,100
[4.942105263157895],5
84,12,98
[5.339473684210526],8
82,15,96
[8.693333333333333],9
25,47,173
[5.421052631578947],11
80,16,92
[5.5736842105263165],7
80,14,98
[5.460526315789474],3
78,16,100
[5.465789473684211],5
85,16,98
[5.3500000000000005],7
79,16,105
[5.252631578947368],11
82,14,100
[5.531578947368422],5
83,14,102
[5.444736842105263],7
85,14,99
[5.486842105263158],11
85,13,99
[5.5552631578947365],7
85,14,99
[5.289473684210526],10
80,15,96
[5.576315789473684],9
81,15,96
[8.671666666666667],11
28,43,177
[5.294736842105263],11
81,14,102
[5.4532163742690045],7
82,13,94
[5.371052631578946],11
82,16,101
[5.478571428571428],11
82,15,104
[5.48421052631579],7
83,16,98
[5.6342105263157904],9
81,13,101
