[9.52183908045977],4
13,126,153
[8.604395604395604],4
17,5,113
[8.442857142857141],7
18,5,118
[8.695238095238095],5
19,4,122
[8.64],5
27,44,172
[8.554945054945055],4
17,4,110
[8.671666666666667],9
29,38,181
[8.461538461538462],9
16,5,109
[8.60952380952381],4
17,5,122
[8.686153846153847],11
28,44,187
[8.64285714285714],9
16,5,111
[8.98923076923077],7
25,44,188
[8.525641025641026],5
15,5,109
[9.622988505747127],3
11,126,155
[5.3921052631578945],5
80,14,99
[8.565],11
30,38,176
[9.549261083743842],4
13,124,150
[8.749230769230769],7
28,42,185
[8.346153846153845],3
18,5,116
[8.554945054945053],8
16,4,112
[8.842857142857143],6
18,3,126
[8.489010989010987],7
16,5,112
[8.366666666666665],4
20,5,116
[8.689230769230768],11
29,42,181
[8.552536231884059],5
27,43,165
[8.64],7
31,35,184
[8.357142857142856],8
20,5,115
[8.629166666666668],7
18,5,129
[8.596923076923076],9
29,41,186
[8.495238095238095],3
18,5,124
[8.581666666666667],3
30,45,172
[8.526666666666667],5
28,42,174
[8.742165242165244],9
29,45,188
[8.703296703296703],8
15,4,112
[9.588709677419356],5
12,133,170
[8.73913043478261],3
25,45,168
[5.719298245614036],10
82,14,93
[8.724615384615385],5
29,38,192
[9.554022988505748],5
12,126,153
[8.533333333333333],7
30,42,174
[8.695238095238095],4
17,4,126
[9.478219696969697],7
15,129,180
[8.435897435897436],3
17,5,106
[8.743589743589743],7
14,4,109
[8.538461538461538],11
17,3,110
[9.508522727272727],5
14,128,182
[8.571428571428571],3
16,5,113
[8.595238095238097],3
19,5,125
[8.973846153846154],11
24,44,185
[9.489655172413793],5
14,127,152
[8.471428571428572],7
20,3,120
[8.41],5
31,43,171
[9.480295566502463],5
14,122,152
[8.676666666666666],9
30,37,175
[8.532967032967033],4
17,5,114
[9.485057471264367],6
14,125,152
[8.840000000000002],5
27,44,188
[8.82],5
28,42,183
[8.827898550724637],3
26,47,166
[8.512820512820513],3
17,4,107
[8.666666666666666],9
31,36,173
[8.767806267806268],5
29,47,191
[9.563218390804597],4
13,126,158
[8.479999999999999],8
32,39,179
[8.5],3
29,35,176
[8.702279202279202],5
28,43,191
[8.513846153846153],5
29,43,184
[8.571666666666667],11
28,45,172
[8.708333333333334],11
28,43,176
[8.735000000000001],3
26,40,179
[8.532967032967033],7
17,4,115
[8.708791208791208],6
15,5,112
[8.90923076923077],5
27,46,184
[8.861538461538462],5
26,42,186
[8.378787878787879],9
15,4,98
[9.572043010752688],5
11,125,166
[8.545],11
30,43,174
[8.538095238095238],3
18,5,120
[8.676666666666666],5
27,42,173
[8.669230769230769],5
30,40,186
[8.357142857142856],3
19,5,116
[8.664835164835164],8
15,3,116
[8.813390313390315],9
27,43,191
[9.46875],7
15,127,178
[8.510989010989011],3
18,5,110
[8.661904761904761],7
20,4,118
[8.50952380952381],5
20,4,123
[9.53409090909091],5
13,134,174
[8.743333333333332],7
30,42,174
[8.873846153846156],9
26,44,188
[8.618333333333332],11
29,43,174
[8.673076923076922],6
16,3,109
[8.483516483516482],8
16,5,111
[9.474431818181818],5
15,126,182
[9.516009852216749],5
13,123,153
[8.713675213675215],7
28,43,193
[8.333333333333332],9
17,5,104
[8.675824175824175],4
16,5,115
[9.517241379310345],4
13,124,153
[8.600000000000001],8
20,4,126
