[8.833333333333334],5
18,3,124
[9.46875],5
15,128,177
[8.768115942028986],9
26,43,166
[9.59080459770115],3
13,128,153
[8.516483516483515],11
17,4,114
[8.55076923076923],4
30,45,180
[5.423684210526316],7
82,15,100
[9.527217741935484],5
13,130,173
[8.864672364672366],7
29,45,190
[5.563157894736841],11
82,13,99
[9.435483870967744],5
16,124,178
[9.548029556650246],5
13,125,149
[9.435483870967744],7
16,125,177
[8.835384615384616],3
27,42,188
[9.505681818181818],7
15,127,181
[8.512820512820513],9
16,4,108
[8.729344729344728],5
28,46,194
[8.309523809523808],5
21,5,121
[9.505376344086022],6
13,127,162
[8.693333333333333],5
28,45,172
[9.511083743842363],5
13,123,149
[9.505681818181818],5
15,127,181
[9.510416666666668],5
14,125,186
[8.554945054945055],4
15,4,112
[9.526209677419356],5
13,125,178
[8.58974358974359],3
15,4,103
[8.774928774928775],5
29,44,196
[9.5],5
13,121,146
[8.703296703296703],3
16,5,110
[9.489655172413793],8
14,127,152
[9.558467741935484],5
12,124,180
[8.741758241758241],3
16,5,115
[9.513546798029557],5
13,122,152
[8.695652173913045],5
27,36,174
[8.46153846153846],11
17,5,108
[8.438095238095238],6
22,3,116
[8.747863247863247],11
27,44,193
[8.357142857142856],3
18,5,110
[5.450000000000001],10
84,13,103
[5.407894736842106],7
81,16,99
[9.576354679802956],5
12,120,150
[8.615384615384613],6
15,5,110
[8.663076923076924],3
31,44,179
[9.446022727272727],6
16,132,176
[8.484615384615385],9
30,47,174
[8.505494505494505],3
17,5,112
[9.5625],7
13,132,175
[8.55982905982906],7
30,45,189
[9.566666666666668],3
12,124,164
[8.52857142857143],3
18,5,126
[9.619458128078817],5
11,128,150
[8.67032967032967],7
13,5,117
[8.961538461538463],5
24,44,192
[5.478947368421052],11
84,13,102
[8.573333333333334],5
30,38,178
[5.3],7
82,13,98
[8.533333333333333],7
20,5,125
[5.1342105263157904],11
82,16,99
[8.56043956043956],3
18,4,117
[9.505681818181818],5
14,126,183
[8.478021978021978],3
16,5,110
[9.507389162561577],5
13,121,149
[8.647619047619049],3
20,4,122
[8.75],3
13,4,103
[5.515789473684211],6
82,15,101
[9.493103448275862],5
14,126,155
[8.709523809523809],3
19,5,123
[8.714285714285714],3
15,4,113
[5.347368421052632],5
84,14,98
[9.536931818181818],7
15,130,178
[9.550403225806452],5
13,135,163
[8.600000000000001],3
28,45,169
[5.536842105263158],9
82,14,97
[8.428571428571429],9
20,4,121
[9.513257575757576],5
14,131,183
[8.428571428571429],8
19,5,116
[8.56043956043956],3
17,5,110
[9.466748768472906],5
14,120,147
[9.472537878787879],5
15,128,179
[8.68131868131868],5
16,4,117
[9.464717741935484],6
15,124,177
[9.47064393939394],5
15,124,182
[8.452380952380953],9
20,5,123
[8.613333333333333],3
31,40,174
[9.559475806451612],5
12,123,182
[9.47783251231527],5
14,127,145
[8.96866096866097],11
26,46,190
[8.685897435897434],7
14,5,110
[8.615384615384615],5
15,5,110
[8.523809523809526],7
18,5,125
[8.56043956043956],4
14,5,113
[8.635],6
29,43,177
[8.81076923076923],3
31,44,178
[5.51578947368421],5
82,13,99
[8.755384615384616],7
28,46,182
[8.447619047619048],7
20,5,123
[9.497983870967744],6
15,128,175
[9.497983870967744],5
14,127,177
[8.595238095238095],7
20,4,118
[8.826153846153845],11
27,41,187
