0,0
0.9741517448322351,0.11989818949489789,0.4758580942622951,0.5540212139649942,0.47086449430199434,0.06850939663265045,0.6818802276951672,0.6769899764150942,0.6562762473712578,0.833378226076865,0.2810650562963709
0.9037277851261557,0.8507873669009152,0.09279682066567319,0.18935322147554157,0.12004662004661998,0.40727424701701803,0.09950809207314826,0.047303220888126496,0.9359327269411415,0.79702679957047,0.4934165293624738
0.9410137598317342,0.18644480768823948,0.3157942340305258,0.37249613968950557,0.30407702131840064,0.16216488797595682,0.4437123445712089,0.43292127521145085,0.7778172003452545,0.8023714503207648,0.40546830122763233
0.9874641360806308,0.07339116838554977,0.6475409836065575,0.7414539299972187,0.685897435897436,0.03750104100911049,0.8015608290472069,0.7987722925820623,0.5802033153270657,0.8247124672498292,0.24516741419131446
0,1
0.9735869093209003,0.12511961211331027,0.4403211776513884,0.5253388785840248,0.444107215535787,0.07657513194303983,0.6834382823761475,0.6806314978821718,0.6646675822565403,0.8383331541524484,0.2791571459090912
0.9032201750141386,0.8435550241216538,0.09035177595628419,0.188013394919188,0.11973231244064592,0.41537010458175805,0.09739002478314779,0.047700471698113256,0.9362916859013843,0.796646969334725,0.49559423833813865
0.9864319056925354,0.07685355494975313,0.6452049180327868,0.7351941719060493,0.6725160256410257,0.03819004961939304,0.7912987918215617,0.7858962264150944,0.5841371306934774,0.8233359394338132,0.2478358794817841
0.9379675139748369,0.1868675124357919,0.3216757741347905,0.3771362003376043,0.3102669621188141,0.16012378476361308,0.41754096103538474,0.40975541579315156,0.7790999863219831,0.7992877577993661,0.42080860352602567
0,2
0.9866107195249206,0.07686279976177174,0.6464687081142384,0.7384415690518139,0.6734576860363026,0.03774480555325278,0.7879404269247854,0.7845496618013527,0.5839415858244121,0.8229701516382818,0.2487814587610102
0.9030341111712971,0.8484700860033925,0.09104156317271106,0.18786097919239342,0.11931278597945233,0.4149913356513948,0.0976305809019562,0.04642652944539738,0.9367337200482487,0.7967179615791564,0.4958881767323815
0.974393608077685,0.1225902231735706,0.4359958144401814,0.5243650440820907,0.4453294538400922,0.07744228666337677,0.6949300007909516,0.6906302689682857,0.6634934389160045,0.8391043291501084,0.27460358363149673
0.939748001349835,0.18497039802689147,0.3367515405185444,0.3889132547185176,0.3253520842173325,0.1533257679350303,0.4193624930791743,0.41255185333868594,0.7728106438272869,0.798650943791106,0.41474278591545005
0,3
0.9742110116688817,0.12050901371480247,0.4730004967709886,0.5557392159697153,0.46934084434084444,0.06780484935179937,0.6833671285344147,0.6772870211549457,0.6542828132577333,0.8344814187050329,0.2775109674181283
0.9039145022311552,0.8478406107235864,0.09234105299679085,0.18931547881267824,0.12062286136360223,0.4078851764812732,0.09993902558958317,0.04807826694619155,0.9357095092630612,0.7970473128720312,0.493287191162488
0.9873794661914577,0.07344786313128138,0.6453997992639677,0.7407381588835482,0.6853305424733998,0.03760276717205735,0.7991679943352807,0.7944037992555513,0.5804714171265568,0.8251838581234419,0.24617645173038435
0.9418994059445371,0.1892862504024978,0.31504804974561895,0.37252899607944845,0.3051576775714707,0.1618021619107683,0.44207152929111654,0.4372153545868575,0.7776007103137007,0.8032465044427317,0.40355759480986786
0,4
0.9035318736947902,0.8494912854240682,0.09212111073937812,0.18858415769781361,0.11936740508169047,0.41102296517871484,0.09868371140277687,0.04684251058914152,0.9359826819525539,0.7967514357741192,0.49447043644363836
0.9862530033169257,0.0779464300139841,0.6453345705742859,0.7357922464010629,0.6705280510311957,0.0381076440766952,0.785836197423488,0.779518215260472,0.5854060049086042,0.8234104207444823,0.24850084581055695
0.9379008052287603,0.18580970134900976,0.32485731633272624,0.3773785215757059,0.3128416165453203,0.15982226990452186,0.40933498554316405,0.4018728162124387,0.7802234836395715,0.7978800740095987,0.42223018837194337
0.9737154059233917,0.1257037630160399,0.43676718612966337,0.5243722322996388,0.44649619546738895,0.07686621120399487,0.6900423761225083,0.6856432952869012,0.6639124876940062,0.8389367261217311,0.27849462517387186
0,5
0.9034584025984037,0.8460384380673311,0.09124590163934387,0.1883886840304606,0.11945868945868976,0.4123680647798099,0.09925650557620819,0.047490566037735604,0.9363256565449352,0.7969170157526891,0.4945333262298026
0.9865024107337386,0.0778953363019882,0.6453659059252119,0.7341462159200174,0.6713312105468969,0.03828850262219259,0.7890881259567024,0.7810580836108029,0.5852438978600623,0.8236557494055433,0.24716961835440143
0.9732549993179881,0.1253278750938126,0.43750562520090003,0.5236444737533044,0.4459192223898107,0.07753512562683194,0.6862453531598515,0.6813170551239363,0.6653535768020812,0.838549294332867,0.2785033132352294
0.937889254974149,0.18479824566952868,0.3304717807533475,0.3812218430677771,0.3135425501837716,0.15601871387266328,0.4107097250205739,0.4033703010226126,0.778647880794497,0.7984859104984319,0.4180321687544001
0,6
0.9351509113424259,0.17866583373776201,0.33074109199295487,0.3817915971003799,0.31807586353040906,0.15884211810742363,0.3940520446096655,0.38964603149851856,0.7828340291036626,0.7950433933715657,0.4331097612675957
0.9862633126908427,0.07785142946744766,0.6420295685406818,0.7329966991094496,0.66759302955622,0.0383664382638544,0.788275138549958,0.7822085889570553,0.5846190566697985,0.8234845026717711,0.2484086498349629
0.9034913486809257,0.8402398996369892,0.09315136889406667,0.18852514683030525,0.1204246026581054,0.4137520688118859,0.10022078387711608,0.04838616990709704,0.9353247522855165,0.7966724034767997,0.49583927661189053
0.9721719803161536,0.1302409974986867,0.4360787942887361,0.5197643380716432,0.43879239040529366,0.07909876539649377,0.6751558939920854,0.6690353012781496,0.6698752101340909,0.8358055699009056,0.28481470752443167
0,7
0.9729918404589949,0.1257192714802663,0.45249789412298325,0.5360076125069961,0.4526311048050179,0.07321203492089004,0.6777260237741893,0.6711462450592884,0.6633936058232702,0.8348517279759686,0.2838689983846734
0.9031898199759764,0.8485266942861242,0.09153147031342895,0.188534701035167,0.12008620816910992,0.41220853929633827,0.09784848893426085,0.046436601818359124,0.9366714787781659,0.7967237911301508,0.4951026616259515
0.987065136857273,0.07485333959596091,0.6447499481220171,0.7375846011121016,0.6763406541887556,0.03783855618341564,0.7950096466048657,0.7890613804633386,0.5822984461596814,0.8237265818904668,0.2444578037571697
0.9379075679595774,0.18461091878572203,0.3153089533417402,0.3738228584883532,0.3051939513477975,0.16154946514607288,0.4137832427795254,0.4100145137880986,0.7826938859253204,0.7996697552890333,0.423017377828623
0,8
0.9037507926587285,0.8486604917996838,0.09292405486784844,0.18920656144281955,0.12041397755683458,0.4083869715762057,0.09900614520901324,0.047054293415479564,0.9358458145260593,0.7969493669882769,0.4941638094691188
0.9874654409090058,0.07297246333258528,0.6472449908925318,0.7431178030264411,0.6877374169040839,0.037271664225787024,0.8007925444031392,0.7948899371069184,0.5794258366388565,0.8247429325593235,0.2445705506979629
0.9746304642014956,0.12064338269981778,0.47198211624441133,0.5548486839658896,0.47126176292842964,0.06797156323632772,0.6842401712290187,0.6774013722126928,0.6550356871961325,0.8347604718569909,0.2779610788891294
0.9403131740617243,0.17558460182810293,0.31662112932604736,0.3749765842576228,0.30761316872427985,0.1590381195860722,0.4425340768277571,0.4389675052410901,0.7788563466010148,0.8023896014980393,0.4064744132297774
0,9
0.9410783246153601,0.18536964547532803,0.3250168425780373,0.3820385483593812,0.312375600046833,0.15569078565220007,0.4322961755869022,0.42600155078831725,0.7751572503808323,0.8012928191218067,0.4054664241601947
0.9873749072589257,0.07434239426933562,0.6468192245286186,0.7403290772807063,0.6825452388592324,0.037521825811281995,0.7994087569940493,0.7939596883250692,0.5806194952390707,0.8246036552139405,0.24674011045313834
0.9031692895422633,0.8434998424550773,0.09111035997971939,0.1880846533746771,0.11964343407642364,0.41502409834632314,0.09897290461043229,0.04783116125267434,0.9362007644179746,0.7967027450677823,0.4965576008537903
0.9739840560340185,0.12146194610072228,0.47399202481169694,0.554167134465669,0.4714384714384715,0.06835031144063539,0.6800964533306542,0.67427697239018,0.6549946687410804,0.8339198863189053,0.27900604286268443
1,0
0.9733944470440695,0.12299305079907316,0.43876721311475414,0.5234651782038223,0.44560683760683767,0.07747302544191272,0.6849665427509294,0.6824905660377358,0.6659265490357018,0.8380622150148295,0.28092016088084215
0.9030018935302123,0.8458370119812538,0.0911681400738133,0.18779541395636912,0.11940454348831331,0.4157786640789122,0.09809455224897323,0.04644868122098217,0.9364232587917108,0.7965709786590838,0.4964940126559033
0.9863261332771552,0.0773318476752955,0.6467986390349523,0.7368999602950419,0.67252593667688,0.03806434764894777,0.7846321105421895,0.7791028835884657,0.5852014798068579,0.8230024249988551,0.24958998277737515
0.9381133083462525,0.18582745017774732,0.3302781917536016,0.3826526659906451,0.31949840283173625,0.15649634564713238,0.410414554466599,0.4029159519725558,0.7779462920132827,0.7978334915639175,0.417235567919161
1,1
0.9408890758047276,0.18341549839963045,0.3162305938551731,0.3717459753090564,0.3043716156298939,0.16191154707860203,0.44124670720598735,0.43751093339997504,0.7784986290276583,0.8023341248041939,0.4087074405110756
0.9040550837516613,0.8506135642784196,0.09147041690937835,0.18899328307497337,0.11938334273359652,0.4073616379129258,0.09878663219670508,0.04733263097404472,0.9362128688639006,0.7972177395010523,0.49287430149494804
0.9874543804276438,0.07377351819513892,0.6452504712400753,0.74132354374013,0.6867188818408331,0.037439045751154615,0.8031035063404273,0.7988297942278613,0.5793562228077893,0.8246389653177657,0.2469252139138824
0.9745130238741119,0.12018537849696417,0.4728328124003317,0.5560549692154871,0.47144900063188006,0.06754319336497748,0.6841016591208251,0.6762645914396888,0.6541800852294974,0.834177632508876,0.27528363359713015
1,2
0.9737144262294346,0.12593462458135932,0.43951612903225806,0.5265578870755783,0.44494991269184825,0.0764624712010996,0.6883319342846863,0.683094948265368,0.6640516416932527,0.838065365774034,0.27950582512097194
0.9035898450161378,0.8447111870342588,0.09216942664558547,0.18875299272693774,0.12029444516754156,0.4112854433961137,0.09961693053799575,0.04813715161383003,0.9357278025532791,0.7969069878502597,0.4943877946428112
0.9863249571482573,0.07673104916371648,0.6446025363439531,0.7331150271427713,0.669784443369349,0.03843369268565086,0.7878352154497206,0.780135279458882,0.5859047364658596,0.8234194052275997,0.24719579590869623
0.9374533730078765,0.18604346533724506,0.3316812809759817,0.3851930648794925,0.31665893681397567,0.1538398706399804,0.41465663813722947,0.40438788942518644,0.7762709424791594,0.7979738831904718,0.42327480777797144
1,3
0.9398201059723852,0.18390756399420022,0.3176561807709348,0.37608962834650816,0.30726880726880734,0.15920897205062423,0.4296443283432131,0.42519122896481376,0.7789612422229393,0.8013251922993273,0.40961077436856425
0.9031202062684278,0.8459278278415945,0.09200504413619143,0.18845369576924037,0.12021330995689983,0.4135259881632619,0.09793156038509188,0.04681180454765338,0.9362512231305856,0.7966173509660479,0.49604029233659064
0.9741384827544268,0.11988910999120184,0.47465714103463674,0.5544836166265962,0.4693316483199752,0.06827373443450556,0.6800514949445272,0.6770428015564202,0.6558176555023181,0.8340610622868763,0.27988784082143636
0.9876615225685503,0.07292856144884041,0.6486750505277342,0.7426795694759716,0.6861998985286656,0.03733688524475437,0.8024392728013443,0.7979839751873871,0.5795737516933592,0.8243108976840959,0.24496487689716395
1,4
0.9378312537328837,0.1851917525713128,0.3212090163934426,0.3734960230221466,0.3075587606837607,0.1623196148270665,0.4134816449814127,0.40857900943396225,0.7810680716557268,0.7992292077050902,0.4166086884092117
0.973224754484234,0.12516641303458284,0.4389079851930196,0.5250422204776496,0.44501884018013055,0.07717219517661679,0.6841647679577887,0.6806451612903226,0.6653684957708468,0.8377651789102717,0.28098331368299695
0.9864564625748993,0.07741179203691229,0.6460335989443232,0.7367418599722334,0.6746138851402009,0.037940880696924945,0.7876207027518503,0.7806180267538989,0.5844864898856782,0.8234546998611088,0.24689557588744687
0.9036649320966851,0.8463639462278639,0.09217701520428062,0.18918668127453847,0.12049953500730703,0.40972282148625827,0.10031396267118681,0.0480203343435332,0.935890928071338,0.7967979310917201,0.49372501557309867
1,5
0.9862334407940688,0.07827531704723634,0.6453568726355611,0.735051680389367,0.6727416173570021,0.03817976750949066,0.7867543608807549,0.7816777939042092,0.5851289416369452,0.8236179494243459,0.2503042256360848
0.9033141211246174,0.849754285879374,0.09232450609499798,0.18868927353215548,0.11981883263934545,0.4110158556745866,0.09995234010103882,0.04719883889695181,0.936086034742172,0.796880951549214,0.4945894790444789
0.93973007546287,0.18751558830117546,0.3304815573770492,0.3841764158973732,0.31746349715099714,0.15474210049044648,0.4105773698884758,0.40477594339622636,0.7754956144850249,0.7994431283119752,0.411377970063051
0.9735009646888392,0.126510276834068,0.44211233539371136,0.5266513258445401,0.4449932277801131,0.07678657871683246,0.6852489487476384,0.6799103000309309,0.6646653453924156,0.8365303691500826,0.28029683721988474
1,6
0.9409992480277908,0.18427852614583168,0.3217184850197852,0.3811813610303012,0.31058060713233127,0.15641737984588985,0.4360979361620306,0.4276642810670136,0.7768645734580414,0.801510985422031,0.4090294613890485
0.9032605449832166,0.8502741424191503,0.09240095628415301,0.18888270124068102,0.11996972934472921,0.41076352080566036,0.09888088599752154,0.04730738993710665,0.9360614036212582,0.7968905192002435,0.4963241884258647
0.9742639414726662,0.12071371492265048,0.4661120626376315,0.5480939022140472,0.46599268614193995,0.07029390190154773,0.6844587471564113,0.6790903970712474,0.6578326055402124,0.8351169178407818,0.27883884726179364
0.987425666182677,0.07354008186404934,0.6504483920717427,0.7419403456406932,0.6859842957403933,0.03734710483116155,0.7996321386474616,0.7950299125632765,0.5794496932453954,0.824588939565199,0.24461094604061823
1,7
0.9038218356699682,0.8493158265285734,0.09214582823586986,0.1889389670482864,0.11992742838513976,0.4088301595120341,0.09785644269359534,0.04704777996808435,0.9362823755657522,0.7968900799198291,0.49292309706022197
0.9875194405196266,0.07266336762235096,0.6434511316580636,0.7394522459637441,0.6833269255414584,0.037616632189512056,0.8046719234380828,0.8004961807142388,0.5794928389178953,0.8248592230056863,0.24567569072098092
0.9422491947352976,0.18697651379777214,0.31627077060332337,0.3752485835135782,0.30499835261740027,0.15886364252454838,0.446830033128493,0.4394044410216916,0.7760981495593748,0.8035679938959976,0.40456662237451935
0.9741814729864242,0.12327474264908991,0.47333976213436196,0.5538460223425243,0.468610692140104,0.06847113117240353,0.6825424593629273,0.6752645209027006,0.6552193712938623,0.8342787196727471,0.2783875115288774
1,8
0.9733111625100546,0.12259664967798747,0.4685396070579402,0.5482163022138777,0.4678671625236511,0.06990715211095574,0.6779704304889469,0.6712948293244994,0.6564999044626909,0.8346709174397461,0.2806134173460115
0.9033244518010417,0.8398622483022633,0.09076242518865457,0.18767268651172708,0.11946215649919367,0.41694616495372594,0.09850317657009139,0.04803833483078779,0.9360294772174159,0.7966081841333962,0.4959582691588011
0.9872802721544822,0.07390578686549318,0.6439908804690045,0.7403954251112375,0.6790532254108412,0.03757247923823795,0.7990226248799822,0.7935024365862802,0.5812724022859521,0.8239645238057782,0.24586632245592743
0.9382942475097329,0.18342894845108382,0.3131973110036561,0.37232936217349394,0.30445387279919656,0.1626545601160841,0.43045117809098443,0.4248948011402198,0.7817305449854338,0.8014997922370524,0.4188815215575484
1,9
0.9863282734642063,0.07858863248208783,0.6476565783942834,0.7381557204295615,0.6710314851340493,0.03784672007346215,0.7861262034124489,0.7797653604257375,0.5847522634491774,0.8229133820979854,0.2471995698083942
0.9033022308783487,0.8443130681973009,0.09196479043850464,0.188444350374377,0.12007915456191315,0.41337112264635745,0.09855879282875862,0.04719769495306275,0.9360596388598622,0.7967598064337792,0.49568170224160024
0.973791588387763,0.12370648868297932,0.4360655737704918,0.5257517173838502,0.44714227571370435,0.07585948040194931,0.6884910097868144,0.6845899114362726,0.6637595990386328,0.8385348014498183,0.27770998284477066
0.936975091275285,0.18143065070296302,0.32277694982613014,0.373953539757756,0.3133039799706467,0.16315803121642497,0.4069787090233187,0.39922813036020577,0.783408173860064,0.7972205264431059,0.42263179007963614
2,0
0.9746499730362786,0.1209801344085277,0.47601608413238483,0.5567836447495962,0.4724076761812611,0.0677356948281413,0.6820228659605808,0.6749448202207191,0.6547984685779784,0.8337009835614995,0.27809273385851846
0.903304055742185,0.8455252577244438,0.09183707960114906,0.18847138324327545,0.12075953828531139,0.41294653437813056,0.09954777143295157,0.04709200544641112,0.9360466223047629,0.796699163316445,0.495666694800228
0.9873869960737817,0.07462512269171168,0.6500546448087431,0.7423903885255044,0.6850902184235519,0.037253723611163414,0.8007826257092546,0.7956835484938762,0.579123382934153,0.8249817842927134,0.24578159148440254
0.9411756781389935,0.18473569476010804,0.32133377941340474,0.3775760232992754,0.30711087853945,0.15900274486007746,0.44081126874541643,0.432832755743807,0.7766260792376063,0.8015998487838827,0.4062124385000358
2,1
0.9734674200637898,0.12550997057220784,0.44050144648023143,0.525431800519811,0.44561756326462215,0.07674340554654474,0.6839055324732123,0.6811162200729348,0.6646476501967242,0.8380986779187819,0.2795381362006482
0.903763372803384,0.8466244840451542,0.09213445934757386,0.18882104382503134,0.12026245359578686,0.4101042869690057,0.09952686718485981,0.047913093196112144,0.935996972183885,0.7969859880981403,0.49385623489944275
0.9863695528623455,0.07776113081632224,0.6484697761762165,0.7379880168393952,0.6744903989486033,0.03782071276075144,0.7903253651294208,0.7831064898650621,0.5840983813779078,0.8236762794603967,0.24807199021671522
0.9374903164827056,0.18199630367611197,0.3243929495870824,0.3770861213945911,0.3131761026497869,0.1578507549142602,0.40595913575760967,0.4010497942970634,0.7808384060273811,0.7988545840795032,0.4204813947829366
2,2
0.9747364050851084,0.12309365961764654,0.4327729924979161,0.5254313784426807,0.44364768941040134,0.07640621292859955,0.6953248062503938,0.6934122161816436,0.6633633670183562,0.8406112945540575,0.2743776724395808
0.9028354784832138,0.8462585894248704,0.09081967213114756,0.18773074867703493,0.12018293597240964,0.4162064473280883,0.09665427509293667,0.04564051638530309,0.9368488542859021,0.7965288350679439,0.4973614661655482
0.9861256398489439,0.07781523746075464,0.6472736443883986,0.7378295926332845,0.671882533420995,0.03790444152761516,0.785118673148413,0.7786124818577647,0.5853650452952891,0.8221184165616743,0.2496241482710217
0.9391503960981229,0.18647321340972584,0.3392396232996163,0.3903401879587516,0.3248873532561476,0.1520968436201735,0.4155395607582589,0.40599491502743207,0.7711201715863909,0.798050437260788,0.41552709574734265
2,3
0.9037682279616598,0.8476220670383184,0.09209975584234381,0.18902343526867826,0.11980966236285384,0.4093500741322075,0.10003559281816016,0.04827378562826157,0.9359571303224257,0.7971504909960829,0.49298218745736916
0.9864367512840515,0.07684707293291121,0.6454624380777287,0.7361515711183995,0.672923822456533,0.038122603351702825,0.7876871764583261,0.7806383353905835,0.5855058374463283,0.8230410887412488,0.2477609400672589
0.9376674539234129,0.18085431629317195,0.32671755725190843,0.3815462926367433,0.31502142189165094,0.15781459983137,0.4090638213343172,0.40331268903932016,0.7802951163205943,0.7980344176583609,0.4251397493435534
0.9736488905509352,0.12473130197910318,0.44216757741347906,0.5279500781118214,0.4472821417265862,0.0761268085620543,0.6867882221042072,0.6826894279724467,0.6634908015319403,0.8367885150465718,0.27950399393022723
2,4
0.9405510526213533,0.18313966042636826,0.3249491444298193,0.3808525424965118,0.31336951774907984,0.1571722208590421,0.43309906927522857,0.4266629940779506,0.775898630900146,0.7998046983038494,0.41043581104366134
0.9040235739948651,0.849297537049593,0.09252651880424301,0.18922103079946417,0.11997933076364437,0.4072417116943844,0.09946060208469998,0.04807621161672193,0.9358118709116829,0.7971529712520394,0.4926013773147959
0.986318549394879,0.07727319425904924,0.6440236563602406,0.7345746405803818,0.6705074110137403,0.03823687421831849,0.7844807303185733,0.7779316933365177,0.5850906450138443,0.8233782059698204,0.24880716017156074
0.9740092379300971,0.12313437996852036,0.4453017091035926,0.5341431419669131,0.4540340668000243,0.0733371341488601,0.6905164913390809,0.6854435969490164,0.6584388286959048,0.8389992948869811,0.2765556404060632
2,5
0.9030550151351547,0.8437955092609504,0.09072773007199225,0.1879758144825382,0.11956767512323052,0.41572694152647144,0.09879821403985006,0.047359488868922994,0.9362829547995765,0.7965843318029512,0.4973308675101208
0.9865802430516807,0.07694205142520127,0.6379476004160267,0.7287373653888731,0.6671658877096945,0.03883006374137711,0.7907209200462719,0.7857265005985291,0.5857867505860699,0.824292282933122,0.24714217179803125
0.9353147720330399,0.18569012464375778,0.32628325718892776,0.37611941178213726,0.3129466162253048,0.16351765975943328,0.39441769760497286,0.3854624188060625,0.7828692897071807,0.7958518089107145,0.4271904906124605
0.9718118367748241,0.13237776578874613,0.4326295081967213,0.5147758118723655,0.4365128205128206,0.08097282108919995,0.6751672862453532,0.6695245283018867,0.6731124333196575,0.8355568351778204,0.28619103271411533
2,6
0.9873814040321826,0.07282488752781169,0.64834927140255,0.7431614952811016,0.6881034346312126,0.0373323314373942,0.8006634655101197,0.7968422431865826,0.5793959159713691,0.8245432645140323,0.2450991645716999
0.9032641310245095,0.8425103275946926,0.09276166456494339,0.1885917906444916,0.12016947914383819,0.4135614878973416,0.0982747116576112,0.047547169811320456,0.9357119935187258,0.796574654899823,0.4961914452418664
0.9744331667717093,0.11999856143241619,0.47350844048997504,0.5556024136422826,0.4706362066956863,0.06783769380746707,0.6849131438205663,0.6786560987585044,0.6538182267490217,0.8343670018509525,0.27818756115910165
0.9409722500297881,0.182774101895263,0.31393442622950823,0.37308734099033836,0.30618640618640625,0.16129149089900596,0.4456452469463621,0.4402695417789756,0.7787344656779438,0.8028671730985136,0.4089213747019919
2,7
0.9741998965897455,0.11934419650339725,0.47423798541419937,0.5563430451917195,0.471092912157551,0.06751870934556234,0.6823469546411862,0.6777100222397588,0.6535340777712442,0.8348160255137609,0.2775786612349732
0.9030262976420508,0.8500727265149761,0.09112091204127498,0.18860517358599632,0.11961473382793181,0.4126133470329178,0.09708829468042968,0.04610669476103818,0.9363823686858088,0.7965961842974087,0.49632950396916725
0.9878137188448202,0.07090375129908447,0.6463934426229507,0.7419825100985757,0.6873321123321126,0.03749927016888299,0.8016861391396708,0.7969137466307278,0.579475093792135,0.8247134627753503,0.2450872422163437
0.9413445587008349,0.18441001750879865,0.31848576358930114,0.3773016678467198,0.305930424351477,0.15890759358547588,0.44159655644687923,0.4372889771598808,0.777338603870162,0.8024304997801791,0.40684948471480814
2,8
0.9870084721416797,0.07565036052517968,0.6444949762030673,0.7362128852761418,0.6746990166345008,0.038126448185051204,0.7970979733781026,0.7929519172245891,0.5821602777079187,0.8250695063119365,0.24365304340789362
0.9037317764316749,0.8492104264787482,0.09247583018074806,0.18863729915275257,0.11894221637811386,0.4099802721034965,0.10014297969688296,0.04743105950653109,0.9359918668392226,0.797043058388418,0.4935835477710047
0.9365433861610528,0.1903030229708056,0.3184832937054186,0.3718782875364922,0.3064526652312912,0.1618571956724023,0.405374726865121,0.3984156704594555,0.7826694534326111,0.7987103945452416,0.4224917483657452
0.9723466187764621,0.12687165001938025,0.4486936475409836,0.5302148078673048,0.4508547008547009,0.07593768758940433,0.6734287871747212,0.6672169811320754,0.668479872473843,0.8335087421474052,0.28796815621427563
2,9
0.9743856426551055,0.12219085523789255,0.4691684771874383,0.5513357804967303,0.4648565773063766,0.06926110490803512,0.6851644496200415,0.6788360991134348,0.6557271350481965,0.8361842314913615,0.2752950463446356
0.903657311775274,0.8460353789894774,0.09204554631349404,0.18871293969033676,0.11978443012925744,0.41100244317258083,0.0989067335689564,0.04801561483409228,0.9360283074360614,0.7968211311325497,0.4932145513715327
0.9873779324441312,0.07401019798611966,0.6437083869523865,0.7384554548119164,0.6836634481685677,0.037635597266137355,0.8013245873352197,0.7963552063880484,0.5800069603846296,0.8247212005212675,0.2463816956434958
0.941636137962473,0.18098995930388984,0.32126686740269883,0.37883760072295153,0.3108707870612633,0.15673722743414314,0.4424044710821131,0.4373251187267359,0.7758273806034542,0.8025718815310388,0.4045411546668499
3,0
0.9366429620966318,0.18431384336146783,0.3247640337804273,0.3801068210261582,0.31582923249589917,0.15916899272690116,0.41125943449363533,0.4055460263007432,0.7803865750239389,0.7981049698596177,0.42233126828545153
0.9034238855456709,0.840766227308489,0.09190364670458384,0.18838365820440606,0.12034129891272743,0.41443740186378014,0.09923374554282705,0.04824797843665751,0.9355265444298386,0.7966784845406997,0.4953385640369664
0.9866287918110024,0.077734372383685,0.6474268520439922,0.7398928321888324,0.6737260629665693,0.03761666211830986,0.7904451555220932,0.7841413900167183,0.5835904995766756,0.8228995305153948,0.2474300008117225
0.9738137409127454,0.1253241448988575,0.43860091590894007,0.5258070379862964,0.4477317554240632,0.07673816667487116,0.6872808271751727,0.6843021923458865,0.6647637883572941,0.838155042797508,0.27838874371891575
3,1
0.9862704164581755,0.07825468546315514,0.6471964080609796,0.7361838132012894,0.6743698622679513,0.03805495753823976,0.7882579973006891,0.7814205023434683,0.584405358995739,0.8235398898460125,0.24950370206612826
0.9037147856628308,0.8437809308748911,0.09276370259976802,0.1890322372231401,0.12050706495150953,0.41042384610382976,0.09992114453081008,0.048599199542595506,0.9356425871352038,0.7967560481046364,0.49341495989981654
0.9382177198706356,0.1839830232306986,0.3238428158148505,0.37481368180282104,0.3095986257750964,0.16129570889355024,0.4132407609884101,0.40624306326304094,0.7802863785029834,0.7986777021758429,0.42078633418312583
0.9739556060184877,0.12327589272375902,0.43877989787691485,0.5256483100838915,0.44628929055158567,0.07722412593152171,0.6871229203485892,0.6839777296628516,0.6647691918308611,0.8375234937410629,0.28149226177076864
3,2
0.9413405513583801,0.18238130654223933,0.31985669308435566,0.37902794130062,0.30801305635742726,0.15667154090742075,0.4401388512764963,0.4363613644883169,0.7775040286749284,0.8027545344116515,0.4102973383428324
0.9037018723084089,0.8514383911034344,0.09229849726775957,0.18862305940510365,0.11900522317188994,0.4094323677667654,0.0980870508054521,0.04624606918239005,0.9363638160819339,0.7970630548626418,0.4937465104659137
0.9875276991173073,0.07242325271492273,0.6487119437939112,0.7443902660578943,0.6845548308962944,0.037202340158975056,0.8011994352551067,0.7964499375451974,0.5801011267923822,0.8244879553329556,0.24525933038594067
0.9740756448871495,0.12238800581623249,0.47394568890001254,0.5575424060225309,0.4731084578412823,0.06736658770748229,0.6824682879763897,0.6762638628834796,0.6544746309284055,0.8341222854857105,0.2782935275383591
3,3
0.9862832447858558,0.07770773760425764,0.6422378036737113,0.7319190952849779,0.6694985068479047,0.038470090641507554,0.7863797196219824,0.7792793816776539,0.5851966544882873,0.8241503904801059,0.24898660988132376
0.9036750909300414,0.8502179235973477,0.09270833333333328,0.18942935101654118,0.12074133428300093,0.407314736172133,0.09921003717472104,0.04713050314465439,0.9360293457632362,0.7970348181388482,0.4930883400044781
0.972754979611394,0.12633097593962953,0.4402019782804178,0.5240279131357635,0.44169161046798183,0.07764648618959363,0.6772857747870688,0.6733858769206272,0.6675782460623775,0.8359731173223856,0.28329898859904223
0.9390949304359004,0.18928947245462235,0.3205105743961957,0.37806963564598683,0.31038907374785235,0.1604678702157481,0.4126677828542241,0.40573239233760616,0.7787704348044016,0.7998769077868207,0.414707985806261
3,4
0.9725182828279265,0.12690167844698094,0.45442887361184564,0.5344582199940707,0.45152099990809674,0.07416015567062303,0.67404664827917,0.6698113207547169,0.6655521562735802,0.8339503427293721,0.28486373744223414
0.9036582359171674,0.8445706093859326,0.09270944888376287,0.18893969652917747,0.11987286861658714,0.4105436372626389,0.10039042797631315,0.0478619512657627,0.935508482090389,0.7969790283949699,0.49460970661617354
0.9384169065994714,0.1889243483723376,0.312156368221942,0.3662871738787322,0.3032215647600264,0.16693799074125015,0.420017157563626,0.41396226415094345,0.7833555601148977,0.8005710182633894,0.411788902431855
0.9869963198102132,0.07494452406595373,0.6386052563101744,0.7332072361243546,0.6744629855740967,0.03838729218058948,0.7945005015636986,0.7897094938604372,0.5831807582833453,0.8250597855324651,0.2451949134972815
3,5
0.9028279477102338,0.8486224729515912,0.08922716627634636,0.18726096049662605,0.11884411884411883,0.41701142498482985,0.0958766406190728,0.04474393530997334,0.9375693496520507,0.7964815868421615,0.49782453103824775
0.9862434009285092,0.07757075687059736,0.6456637534260745,0.7339484233241497,0.6716456811094036,0.03827278121785832,0.7855710482802294,0.7812154038450093,0.5851099117314708,0.8235748025695823,0.24691288245980939
0.9417184905310392,0.18211605955729313,0.337565399372166,0.389066156885311,0.32304863510537274,0.15059218807406263,0.4350233330696829,0.42472902448815736,0.7698534996813337,0.800777649415088,0.4044997707908199
0.9744951067707164,0.12248433786707122,0.44360104697616753,0.5313104309131504,0.45239292298115835,0.07415749583781601,0.693886476523695,0.6904233391469794,0.6600767923090471,0.8393977628232624,0.27446748831219714
3,6
0.9405455078857216,0.18291434280869556,0.32167078374129804,0.37823306624750486,0.30843382898177424,0.15777280387318374,0.43186331924428367,0.4268544843628844,0.7778100600896029,0.8010206833675673,0.4122334934840686
0.987441996108962,0.07366512659819557,0.6485536843283165,0.743021258447738,0.688068220491429,0.037370217719332965,0.8019843434791987,0.796265052482452,0.5797690538778603,0.823777270327069,0.24504748720310063
0.9741345822167831,0.12020985762791794,0.46988325881768506,0.5507520437743874,0.4670422170422171,0.06932965730669309,0.6837332432127972,0.6774013722126929,0.6568216013230397,0.8349414901301633,0.2797771264097063
0.9032762284249857,0.8418376391630732,0.09140428484690788,0.18828759832688707,0.119688267836416,0.414616516997226,0.09980134143702901,0.048916841369671726,0.9357461468150867,0.796663069473081,0.49641488388385724
3,7
0.9871592731042075,0.07484087880381082,0.639032518140285,0.7331441707250337,0.6732894306664798,0.03837965886497151,0.7957462368212567,0.7898298793690071,0.5823822625237983,0.8249568378225139,0.2446379756118462
0.9031047098400493,0.8455957761545227,0.09123160992013424,0.1880864164975743,0.11984805318138647,0.41493857629036945,0.09673053093127437,0.046869859700048144,0.9365518765190519,0.79654145602836,0.496237019488415
0.9373786319740888,0.18280172041545129,0.317958831504992,0.37613398084214955,0.30925604609815144,0.16154081945437823,0.4141487547865947,0.4100156050503617,0.7818684997269563,0.7991435618153987,0.42209104582750323
0.9728629631631646,0.12605302686462663,0.45404139502500157,0.5356599103978905,0.4518474518474519,0.07415315920220386,0.6753455526689728,0.6691921031543673,0.6643279365889153,0.8345371125033944,0.2839004832757956
3,8
0.9405106292182529,0.1889780041667215,0.3262643878618765,0.38210647873545134,0.31076357317492076,0.1547332291279429,0.4332041445859369,0.4225879834069316,0.7739343513272068,0.8009142722062065,0.4092792747579292
0.9741252247228701,0.12048584085089253,0.4714754098360656,0.552347787656943,0.46901161516546136,0.06952639293882774,0.6844295110094366,0.6782002902757619,0.6562924150121544,0.8339152611884928,0.27886190947071077
0.9037486363715981,0.8467321685424634,0.09234426229508214,0.18886918074518444,0.12011396011396008,0.41005855982425665,0.0998327137546467,0.04847169811320817,0.9357391259745615,0.7969969253358489,0.49331724904165253
0.9874736387870862,0.0729397022018162,0.6474902822376205,0.7407638891644895,0.6849355302963551,0.037542876324123065,0.802603507965099,0.7973286649808728,0.5797796922304637,0.8250139785916165,0.2440784207780099
3,9
0.9365864170795288,0.1822075016612264,0.3250476553564621,0.37732673649887816,0.31400870160560085,0.15853592370198402,0.4086913921788996,0.40193067134708194,0.7803421413416571,0.798080469266619,0.42137229424247535
0.9863359802749596,0.0776344403213498,0.6482099994893007,0.7368705176013193,0.6722137905938529,0.037961898404871075,0.7871197118669585,0.7816023041203783,0.5844232605586019,0.8228018263408878,0.24921451117755444
0.903340411218499,0.8536399807626713,0.09202074272331912,0.1889314627262279,0.1200941915227629,0.40958780441777193,0.09934754570973353,0.046418944936465145,0.9363618806160159,0.7969586339546775,0.4949294623969478
0.9738893324675013,0.12402824420151295,0.436625349860056,0.5251280541344139,0.4445950015055707,0.07670562867118398,0.6901502100522864,0.6848596410492407,0.6629060453509767,0.8388615573734475,0.277693997934392
4,0
0.9741815774188154,0.1216795826817102,0.4742792538157151,0.5557040894945863,0.47390597199026324,0.06770906124200253,0.682576307880756,0.6762235234583965,0.6538101145023187,0.8341695694921123,0.2789368228846844
0.9033507333588452,0.847586281159094,0.09159122420683469,0.1886491224816208,0.12038100097801552,0.41146132777412614,0.09924355915589333,0.04712287618511213,0.9362387386008024,0.7967940445184997,0.4955382038442086
0.9873668173432624,0.07331324985897378,0.6492500871991631,0.7432209071051187,0.68622577842436,0.0372156997232542,0.8021039310290279,0.7969088719389803,0.5793592502699244,0.8237254706435599,0.24674496935746315
0.9405234935943919,0.1808694663235804,0.3157800825248132,0.3690791750330413,0.3003275384227766,0.162593774610079,0.44207571504438203,0.43588756257219863,0.7798288991427537,0.8023539199093355,0.40714048826114424
4,1
0.9035548350858753,0.845338409542071,0.09215456674473049,0.1886576944878628,0.11994883423454866,0.41170666054303595,0.09974584629390809,0.048247978436657735,0.9358973687956949,0.7968272674480873,0.49409887239062694
0.9734684052013812,0.1256557154714603,0.4387074922097277,0.525895560899957,0.4453627180899909,0.076773287553822,0.684890472825586,0.6815219086231092,0.665013081725603,0.8377509116134433,0.27956673753939626
0.9375113862628852,0.18619970419891374,0.3259520807061791,0.3812310678176685,0.3125356125356126,0.15614296044203063,0.4053760366028024,0.400377358490566,0.7793081815599279,0.7982636848816161,0.4234894293428594
0.9863094716019842,0.07836375921932232,0.6406193078324226,0.7323623527710783,0.6701927473532414,0.03844744130220602,0.7860503006103996,0.780969019333799,0.5858352710527535,0.8234909660104269,0.24651295103292753
4,2
0.986407044232166,0.07676985129909064,0.6483325672846123,0.7373375215270042,0.6719652794419151,0.03797482960262305,0.786262724524893,0.7814377240933403,0.5850753633303823,0.8230354468172328,0.25051234333425487
0.9040219661274154,0.8472437564140715,0.0923063578801287,0.1889035317750571,0.1197485641930085,0.4089039666591521,0.10011604807143853,0.04869721473495059,0.9356449186157871,0.7971365205888254,0.4922618999758914
0.9735460329889207,0.12397116609681677,0.4426358590422099,0.5283238873893478,0.44760751059963666,0.07590994280537654,0.6851710915317741,0.6816074877432773,0.6636360295186758,0.8367259327050461,0.28062907625430705
0.9369215900580175,0.18713581480889185,0.3247694672131148,0.38078922407154403,0.31330128205128216,0.1579397015811791,0.4081958643122677,0.40005896226415094,0.7800867004770233,0.7988127106723608,0.4228547453087792
4,3
0.9729489111055386,0.1258520765950606,0.441703318672531,0.5274708665004457,0.4458457832441573,0.07594480939956023,0.6815667784930637,0.6794753796594569,0.6654254281053296,0.8365742453104947,0.28123339643762535
0.9035758875862039,0.8489928349955203,0.09156788566624652,0.18860402907582874,0.12005259697567378,0.41086029872174745,0.09808407206176745,0.04681180454765327,0.9361231232179146,0.796917915689973,0.49332331170441623
0.9863582079917288,0.07847655639532244,0.6422890103217972,0.7326886949848644,0.6726372621434351,0.03843987268321428,0.7888384046996189,0.7823084090379687,0.5853239284284988,0.824180350478186,0.24725656299615456
0.9381937627465544,0.18935945422817246,0.3275074222279592,0.3790930052556122,0.31397357381609353,0.16007474964781337,0.4133419196206423,0.4047541227157926,0.7779734344860589,0.7986737541751804,0.4167141822952557
4,4
0.9861559239313281,0.07841923421375013,0.648292784796909,0.7379600875865955,0.6713666140417733,0.03779516439004299,0.7864939739066606,0.7806633818050712,0.5836108141732177,0.8227773648756833,0.24881799310029828
0.903332868158187,0.8433809499404206,0.09117084130814712,0.18832443510238922,0.1196147338279317,0.4139189482162964,0.09929613345158794,0.047773201800593634,0.935998325310518,0.7967473397964804,0.4952657156711522
0.974015187730002,0.12284299911897467,0.4362745738358043,0.5246498682361709,0.4480425874848186,0.07651431669866975,0.6899539388912751,0.6843719461775538,0.6637479626017904,0.8387709487813907,0.27783471042721064
0.9375341368586851,0.18394325279712798,0.32670870113493067,0.3793022814434909,0.313960113960114,0.15959573531607862,0.4077780955104376,0.4009288824383165,0.7796344812348119,0.7978112396599015,0.42238671413877715
4,5
0.9738030464311975,0.12475184512264309,0.43993069438891114,0.5249869810652327,0.4420355314664258,0.07680484565139924,0.6901199867017257,0.6857033287314005,0.6641873171398949,0.8396537319430885,0.27632727933300777
0.903331652518125,0.8464873738079501,0.09288454830833615,0.18865407566111075,0.11996120506758806,0.411781110526556,0.09855255872814978,0.046868727418707734,0.9362406036371917,0.7967795264513815,0.49644882608199115
0.9371930981148249,0.18556554461836433,0.3238805970149254,0.37745949331535283,0.3118595058893566,0.15924147018051663,0.41466459523941623,0.4069276260208391,0.7799341923946154,0.7982557414344307,0.4200107531667199
0.9863558289414102,0.07709782304276588,0.6466707144302773,0.7380094329688587,0.6735869297597695,0.03787664128656433,0.7862797741979898,0.7804099697181458,0.5841562308444421,0.8226638699834287,0.25060151520145896
4,6
0.9731214314833408,0.1275796714223566,0.43720419781878045,0.5215809553466177,0.439807364493557,0.07840432167511077,0.6810284487719899,0.6770506039314756,0.6695547890523214,0.8368674516986245,0.28142994968975055
0.9030908797756526,0.8456149085312201,0.0915231897190874,0.18828504720308686,0.12011625076951715,0.4140893878814733,0.09732678261194455,0.046932777093012024,0.9363325140268459,0.7965406503642318,0.49675170577615896
0.9866360856509225,0.07666016772927595,0.639733606557377,0.7321059913639519,0.6714209401709403,0.038560718299785274,0.7912407063197029,0.7857900943396227,0.5848797509745607,0.8249309037671603,0.2469397707502337
0.9384805329266279,0.18352269897450102,0.3266454612184976,0.3798985201364207,0.31872687842837105,0.1589529554129831,0.41508073017810576,0.4091523514502956,0.7786514952933347,0.7983642881842088,0.4175584716440812
4,7
0.987764671728413,0.07296908220728904,0.6473909027938121,0.741622076121957,0.6850046145820795,0.03739065510874587,0.8015210220430389,0.7959075205952697,0.5794108361700794,0.8247677984186903,0.24284617693009092
0.9032090829676573,0.8435062299859599,0.09171920975199638,0.18813166217143001,0.1197311710132225,0.41472806679713803,0.097721856829663,0.04646347363328496,0.9363669602180092,0.7965731106550965,0.49591684449369633
0.9744877090499151,0.11940683631127294,0.4716840536512668,0.5563347246349246,0.4712293878960546,0.06769841564722534,0.685549735270925,0.6779016580903373,0.6534032622076343,0.8349564590444488,0.27786931739832976
0.9420268362596945,0.18312085979987505,0.3202332489822863,0.37914702419470314,0.31216658062295655,0.1571503219926721,0.4431027169980789,0.4390781309357984,0.7765268662923137,0.8026476533256398,0.40426458498902273
4,8
0.9414644057469554,0.18619358964827193,0.3220451679468073,0.3785035237043931,0.31046161815392587,0.15733711981285292,0.4315387215015468,0.4267845362184984,0.7756699599128839,0.8012864851241858,0.404774273137717
0.9036149534387999,0.8501427469261092,0.09165272666443641,0.18866437877708764,0.11959997674283374,0.4103536709462573,0.09843714437447854,0.04715055833654247,0.9363098029527801,0.7969544773098556,0.4945474896676197
0.987152691666282,0.07470041445903677,0.6468306010928959,0.7400986063367656,0.6795726495726497,0.03760072885800893,0.7986864931846347,0.7929811320754715,0.5814408083709497,0.8243088045898862,0.2456408132101922
0.973650906682232,0.12212331930222028,0.46320222898982705,0.5446837380638899,0.46626803148542284,0.07089963858647694,0.6817814479039629,0.6741740621970319,0.6588814813132866,0.8353317198297385,0.2811298555596863
4,9
0.9740378711486897,0.12024384887501635,0.4758374910905203,0.5531375199498295,0.46954494780581746,0.06858648501622101,0.6799006714959519,0.6752777984935492,0.655807170742232,0.8334312898511853,0.2812324547335352
0.9034229372842638,0.8488637376559602,0.09213614046767082,0.18899476740975285,0.11990397269585107,0.41039178927397224,0.09997546845809857,0.047485873000670364,0.9358577263799032,0.7968991237374248,0.4946370439796802
0.9406627995469972,0.18246295162704015,0.31627241720761357,0.37524882140349786,0.3042505592841164,0.1600176031346883,0.4419051420872732,0.43363302519944275,0.7783372531415864,0.8024101497939324,0.4102821926796258
0.9875312447756656,0.07275013560219501,0.6498853018519555,0.7441796778962801,0.6873778477874042,0.03717593443416438,0.8006902064275472,0.7945650074054993,0.5792067612364014,0.8240426034044355,0.24424119025577173
5,0
0.9038839711620353,0.8464734379848246,0.0925894948143191,0.1890538073243601,0.12010872725158456,0.4090504662578221,0.10073211440710106,0.048498267231421255,0.9356257275171072,0.7970908875739606,0.4927560945759085
0.973703105340842,0.12227914942305301,0.4744997818363149,0.5559336754778614,0.469836317745063,0.06773034649439907,0.6792090123962853,0.6718272472917712,0.6542065370531327,0.8335133745137083,0.27909232052757743
0.9878251101601464,0.07315371002903817,0.6414430767485394,0.7365045645632673,0.6823213951241635,0.03800686455410272,0.8033984641308962,0.7984461709211985,0.5806177258612555,0.8258825492927896,0.24301017359429314
0.9417096544333579,0.18556921216660693,0.31239252550727964,0.3689607103397033,0.29972306895383816,0.1611130006194888,0.4401175033145293,0.43538725425517866,0.7807012950119253,0.8034100883823787,0.40555127643985023
5,1
0.903364747507402,0.8474777867182792,0.0916843625244203,0.1884504466088563,0.11971716634929053,0.41180195151546595,0.09736695109501725,0.046690781112523116,0.936231904086612,0.7967791773957518,0.4968690274021195
0.9863778612400418,0.07679768929227981,0.6483889202939518,0.7368696684777039,0.6738204324411222,0.037980336976982665,0.7883255060540022,0.7812385402496008,0.5848277855886861,0.822707117223445,0.24981084145955462
0.937529361797568,0.18069683690837685,0.3296417729204615,0.3825894746173184,0.3173367099293026,0.1558768434317632,0.41054660608563964,0.4046121593291404,0.7791866137783274,0.798151000826584,0.4239078377647276
0.9730486230866163,0.12723960712073012,0.44168618266978926,0.526643482661292,0.44816559102273396,0.07614411453761029,0.6818299066838631,0.6783673469387754,0.664238818219124,0.8372712817749285,0.2797725069898797
5,2
0.9029802010912389,0.8474364969719115,0.0917029106724655,0.18814385397954564,0.11968719111576276,0.4145655132902246,0.09820954404066501,0.0464189449364647,0.9363071859847781,0.7966290442037401,0.49708555013687794
0.9417469144549502,0.18739874987056904,0.3213779353123616,0.3779906805760098,0.3076153076153077,0.1579326305717181,0.4432331960213001,0.4369964303926568,0.7754002206966942,0.8028443145722836,0.4046651145637991
0.9741758862137746,0.11853786723715037,0.4758385876418663,0.557451601464242,0.47400832785448177,0.06719181056503527,0.6823706033743208,0.6760087082728591,0.6539161879359889,0.8337814208338079,0.2786241875690708
0.9873242501614587,0.07397791027895112,0.6481785063752277,0.7402036455112189,0.6819503798670464,0.03760644257404944,0.8009861627426683,0.7972615303983228,0.5801560434049168,0.8251475505446456,0.24491061810512144
5,3
0.9344022387342941,0.18455877972135418,0.3301092896174863,0.37733446534951687,0.31730769230769235,0.16311305813834676,0.3903345724907064,0.38415094339622624,0.7846750615510898,0.7932519067069982,0.432311117190701
0.9865209237328157,0.07666825777430913,0.6410182754692686,0.7344765311659682,0.6700321050774223,0.038159550695678904,0.7890811891418369,0.7835261927834462,0.5837900593444239,0.8240158999099352,0.24942187255022957
0.9037847201744721,0.8496277787979986,0.09219869841008294,0.18905674598787608,0.12004466778336126,0.4084771974719822,0.09943770899105192,0.04729306911918152,0.936122704206303,0.7970958689243213,0.4933036273883164
0.9721683789171657,0.12969027944093448,0.4300907736079122,0.5127452224717791,0.43541475359657184,0.08133111303829417,0.676841070386187,0.6728520193357242,0.6738784306677043,0.8360329768812615,0.28677399850718277
5,4
0.9865815653660828,0.07728072084379767,0.6443702142967263,0.737387809668818,0.6752940546043996,0.03788784975783566,0.786274486953887,0.7798426687170994,0.5843891456554726,0.8226382687841439,0.24688120785560172
0.9038073393213893,0.8534229971574978,0.09276456956484397,0.18922281554468856,0.11965811965811946,0.4067312419455875,0.10037174721189596,0.04781191346438818,0.9362511198430851,0.7971651263605395,0.4924461811853684
0.9732890055494207,0.12416151048980795,0.4385712381713981,0.5231104762017447,0.44217450721515766,0.07780983941698005,0.6844077734457641,0.6813468323362478,0.6672206681545705,0.8379469798251657,0.2797889926312519
0.9384925112365532,0.18681299622288722,0.3239392478302796,0.37854965440503696,0.3120077090665327,0.15971930051268488,0.41499015963262625,0.40613207547169805,0.7786616108281663,0.8001407997607605,0.41576282958909055
5,5
0.9395127929115522,0.18002758824198167,0.3209016393442623,0.38073569428917436,0.3104028173472618,0.15530708607222732,0.4368029739776952,0.43092243186582807,0.776132141065976,0.8017911054192618,0.41122352415949065
0.9742707343764891,0.12195737400860346,0.4694485842026826,0.5529115359221934,0.46935163601830276,0.069158927968765,0.6832967218654952,0.67562893081761,0.6551534269655956,0.8340968769707321,0.278918354340364
0.9032299303737749,0.843748704770142,0.09207508706362016,0.1886167686776531,0.12032239493379404,0.41330719983312963,0.09823371920565527,0.0476097370221914,0.9359422206441735,0.7965683973028197,0.49592241899669465
0.9874953793308174,0.0729830008284198,0.6477043546842431,0.7435688371268143,0.6854446304618126,0.03716686908821115,0.8032166992424532,0.7995980029825585,0.57901664911086,0.8242681574386589,0.24558468440223663
5,6
0.9872778686131355,0.07466334160489718,0.6457881899143456,0.7400060392716793,0.684509902502982,0.03764270660571914,0.7992693688015333,0.7936802245870601,0.5810410226993613,0.8251894782487404,0.24380442558916876
0.9032760668129771,0.8449471835156388,0.08923440932905208,0.1876864689204033,0.11957000616794444,0.41571714635130336,0.09774652205572354,0.04734487453802749,0.9367134257516241,0.7966813536771673,0.49488694258879184
0.9412059874525434,0.1820446214933121,0.31471038251366124,0.375321208259239,0.306286799620133,0.15910144409250365,0.44654275092936807,0.4403522012578616,0.776523731363701,0.8030932922803906,0.40605363004406086
0.974400983201453,0.12316744526286921,0.4756756756756757,0.5569548920243954,0.47141647141647147,0.06724658981479248,0.6848617071665398,0.6773074961754206,0.6533871713908664,0.8348358356088563,0.27650874661843333
5,7
0.9376727975444613,0.18661528938978433,0.3218663303909206,0.37562928806657114,0.3105632259478414,0.1619487389079705,0.4123248498713182,0.4048185776487664,0.7793472428269334,0.7986728043991083,0.41922209784488595
0.986501740852582,0.07617878606605064,0.6436317780580078,0.7335509459159502,0.6723738037840602,0.03835956678534848,0.7889381374511486,0.7834905660377359,0.5846795989709939,0.8239735414194478,0.24749317508359908
0.9037156494121619,0.8458282502916082,0.09258550386951814,0.1891203345180063,0.12051137431848097,0.4099847694989572,0.10031513596135333,0.048328704147112156,0.9355663741514622,0.7969124275835504,0.4934512833211979
0.9736081331871959,0.1235301418493456,0.44250631763105036,0.5259527552578749,0.44612231568753313,0.0767988591787686,0.6861013562161131,0.6827951375941531,0.6650899100007969,0.8372756218302592,0.2798883139342935
5,8
0.9862031445231242,0.07775471108457885,0.6507317577700781,0.7394682160992937,0.6729937897130326,0.03772680653116424,0.784550795679758,0.7779298851258852,0.5847838721912075,0.8228494822125904,0.24944066672258103
0.9032562178781331,0.8434901632868299,0.09221935591245711,0.18840621810832853,0.12009197795999849,0.4139744450190064,0.09816390844073752,0.04708361268077754,0.9359803598916061,0.7966345035534711,0.49648740458545143
0.9388640541328626,0.18527548645614123,0.34096001887014976,0.3921866748226617,0.32398696427473406,0.15042491397706395,0.41170335107378786,0.40491380480521244,0.7717845830024556,0.798519660452901,0.4163329643477947
0.9751780618239133,0.12290251100370045,0.43625763083887786,0.5272646518150615,0.44736497037752276,0.07624483079552631,0.6975004277426077,0.6937554274887503,0.6621834668800229,0.8408766560318349,0.274190254434122
5,9
0.9737702280291819,0.12500597170132313,0.435689330825047,0.5240184056330739,0.44391901359114483,0.07727243985413905,0.6884331769151076,0.6848437983297246,0.664729040677535,0.8388175654119086,0.27829599480476136
0.9031817243515433,0.844804424978824,0.09157027544312246,0.18809609424163276,0.11935441884680453,0.4146774909636164,0.09788085218802461,0.046451489320946115,0.9362951452751496,0.7965996828297088,0.4956632768480629
0.986322696861131,0.07759186669772569,0.645982845251992,0.736605389174937,0.672188263519533,0.03801086991937547,0.7892435001783925,0.7836789532098838,0.5847634380188826,0.8223726123664894,0.24961305767714317
0.938921258293323,0.18291936179625107,0.32771516393442623,0.37957081910521556,0.3181534900284901,0.16043893126724224,0.41022885687732347,0.4023290094339622,0.7794527563346352,0.7965471963512916,0.41933997073086005
6,0
0.903323070534197,0.8433969925085998,0.09253931080629008,0.1883211149287612,0.11978894121751288,0.41409776974036777,0.10105454821333759,0.048209472468232484,0.9355644904658648,0.7967613606978033,0.4961394509518794
0.9864288147838187,0.07754153132338562,0.640072859744991,0.7315522674349326,0.6693661847982836,0.038491906938783835,0.7877369314791868,0.7824831120428606,0.5850443522444634,0.824617294157547,0.2468926600040574
0.936174315879499,0.1827778567994245,0.3242397697409586,0.3760900877967507,0.312933603009939,0.16145434003823422,0.4012315899997163,0.3944692496039176,0.7830472956676203,0.796353203022904,0.427153796027273
0.9722371298031217,0.13041598368726015,0.43730874316939894,0.5187663895823978,0.4421296296296297,0.07913606697660161,0.6783921933085502,0.6720911949685533,0.6694328323758741,0.8363014901166338,0.28337597258891395
6,1
0.9418664823420693,0.18711615421073763,0.3190819672131147,0.37640062640055316,0.30651471984805323,0.1579523858179217,0.43955390334572497,0.43398742138364776,0.7756032006565474,0.8033800867456001,0.4027876878172982
0.9032031788849273,0.8426083254777175,0.0911031420765025,0.18788357195062722,0.11964328110161437,0.4159509000034056,0.09764172862453552,0.04726808176100611,0.9363630146354834,0.796516965658409,0.4957924353866516
0.98749406212652,0.07350514210934836,0.6525632856398078,0.74287851188099,0.6850996144282365,0.03734884307841832,0.8022252288938221,0.7963997599839988,0.5793403666385873,0.8240968398918045,0.2445534491290411
0.9745840468088142,0.12042363842386652,0.4724627003131332,0.5554811260977803,0.4706723433315194,0.06775694005156274,0.6858527212731298,0.6798954137516783,0.653572268353522,0.835788308401417,0.2755017805559283
6,2
0.9029183015135036,0.8447891008003405,0.09030345308685023,0.18770903991336813,0.11941565133054494,0.41639480781062155,0.09726726251680767,0.04632677639502175,0.9365988331485371,0.7965766768245813,0.49682549604170356
0.9743996015058929,0.11887441903232757,0.4740280133157465,0.5547571282871802,0.47218128827324235,0.06800727135495634,0.6842712472759904,0.6794910720740258,0.6536595776793611,0.8347732713081416,0.27732196115887553
0.9410531096698891,0.1846084087408612,0.31369863013698635,0.37409189073318827,0.30392616009054374,0.16122659216657265,0.4375668381117278,0.435202894804859,0.7795251994086624,0.8023260854718834,0.4045695675615158
0.987468881189341,0.07378710987768233,0.6473257161781752,0.7421712792783455,0.6838470171803506,0.037406652265648835,0.8015846194284855,0.7968744044215741,0.5799459510990099,0.8247749808543943,0.2459527111901333
6,3
0.9032392754173036,0.8462303450299151,0.09110534004220094,0.18833196673764724,0.11977095145411981,0.41352965441123657,0.0986234311163457,0.047337941341304035,0.9362900539130674,0.7967339960079574,0.4962948293799143
0.9861589998411024,0.0786349750438172,0.6350819672131148,0.7284722114354663,0.664556623931624,0.03887638736333915,0.7886733271375466,0.7806603773584903,0.586766836787035,0.8242279166901489,0.24804070091505728
0.9353775974653247,0.17856521252105972,0.3289071038251366,0.3774538780441431,0.3133190883190883,0.1608495325431695,0.39677819083023547,0.3893710691823898,0.7845972678156228,0.7959369727002623,0.4344267250300973
0.9726468921094236,0.13130826219201572,0.42885245901639346,0.5144708334443577,0.4351452991452992,0.0807969755798508,0.6800743494423792,0.6742490566037735,0.6710687320476016,0.8367636723399535,0.28329810817776657
6,4
0.9371969936353112,0.18150964866138558,0.32289959016393444,0.3773881497280699,0.31114227207977213,0.15936627908833145,0.4129879182156133,0.40651533018867914,0.780634489125977,0.7982503592357848,0.42467302545027025
0.9866700355679883,0.07614880333663651,0.6413054410137784,0.7332543166303748,0.6708440389421986,0.03835343115100101,0.7904303601158572,0.7842458617895588,0.5843498493320025,0.8244523680752818,0.24631509059556894
0.9039103864443869,0.8505903061877085,0.09284649776453063,0.189363400639468,0.12013295346628683,0.4068370302596829,0.09911381472719777,0.04789403468648723,0.9359811699265974,0.7970217159650467,0.4930604193397018
0.9728278438110981,0.12733144581721556,0.4392896174863388,0.5226740165521183,0.44025403608736946,0.07743307448656378,0.6794764560099134,0.6744811320754717,0.6677378265627159,0.8368587672816835,0.28159973914607933
6,5
0.9408620251643474,0.18519311247612286,0.3190346083788707,0.376540271261824,0.3071581196581197,0.1587533207315827,0.4391780256092524,0.43409329140461206,0.7765453312360395,0.8022220148809506,0.40369200636890584
0.9038459417602194,0.8488963153439881,0.09218092867565031,0.1889077034087791,0.11928521352605104,0.40878179035444495,0.0992039549232176,0.04706114788106286,0.9360773696094485,0.797091159886576,0.4935183090122463
0.9873309268713327,0.07406865372570309,0.6446568491247568,0.7396877488149687,0.682592109710754,0.03757093896607913,0.8004662592149203,0.796162456028142,0.5799308680442075,0.8247572323341302,0.24557725520214307
0.973874183445887,0.12159660091406999,0.4763108497059192,0.5553394700795055,0.47241251821404495,0.06788780412090506,0.6766934362496099,0.6714388592827307,0.6551200950987814,0.8329424770625797,0.27835351542304376
6,6
0.9873186090011548,0.0739490704518796,0.6479201516672244,0.742109786692167,0.6846715894334944,0.037341809105372964,0.7999519510406392,0.7959055320241303,0.5801162073364448,0.8243702400458882,0.24485001777625315
0.903641156940805,0.8462888506105926,0.09227406473308081,0.188895045933144,0.12037402293812549,0.41062090475853635,0.09941854923267562,0.04818577648766359,0.9361089191208217,0.7968409433284771,0.49364775328376775
0.9406323422799389,0.1839711504909015,0.3211553473848555,0.37679433928197725,0.3105025485977867,0.15702959430425892,0.43734668588625036,0.4302143498908997,0.7781257763671764,0.8019102673880487,0.4089510770336506
0.9740548345414692,0.12001779706491064,0.46867315573770496,0.5507298480322383,0.46898370726495736,0.06932875322494121,0.6843052973977695,0.6804834905660376,0.6560227899312701,0.834934101679503,0.2807233702671511
6,7
0.9863455445566679,0.07679808543613043,0.6478522515044616,0.7372798424393672,0.6710934400807818,0.03798547511359035,0.7866218060326573,0.7822068306663483,0.5851224593944637,0.8231060965338911,0.24865763401332286
0.9032071795477291,0.8467939170906698,0.0919680369058406,0.1886141893536264,0.12053143208922118,0.41241522314751444,0.09792456707328462,0.04702759078410934,0.9361910083862093,0.796730277712774,0.4952119078231213
0.9378992859630028,0.18310728374781093,0.3253104818678589,0.37979577846080886,0.3152464819131486,0.15870542556452436,0.4140193759152868,0.4048027444253859,0.7792122859700849,0.7986028200526312,0.4191605365736595
0.9737548891738591,0.12454531465954369,0.4376848444295751,0.5266343443450525,0.44496773068201645,0.07616189113839059,0.6901904256126242,0.6855602618405852,0.6632091983284923,0.8380156304228293,0.2810306741257143
6,8
0.9387316319642617,0.1884717893695349,0.325784724869742,0.37938379214217555,0.3126614987080104,0.1598834239059407,0.4150024494971327,0.40760567500365646,0.7776864584426804,0.7984965868558344,0.41931808828973605
0.9863159548127972,0.0779853320122949,0.6486372950819675,0.7390663883467955,0.6727831196581197,0.03775496193930725,0.7842007434944238,0.7774882075471696,0.5845524402441544,0.8220698230501716,0.24943501874895715
0.9032739221018096,0.8465016915654391,0.09175309468049508,0.18837374638592702,0.11955636955636945,0.41272998803076966,0.09834231090205592,0.04684251058914146,0.9362179473759166,0.7967907324870599,0.49614974072754875
0.9736715304982585,0.12430592094749296,0.43799030994889493,0.5246777007913603,0.44577090326078184,0.07718865271580201,0.6853543638908538,0.6814758230845619,0.6668665761813095,0.8379247388674065,0.28167271491587703
6,9
0.9383223490681131,0.18714027098509317,0.3312756147540984,0.3822431183293622,0.3177305911680912,0.15818915557627464,0.40770213754646845,0.40041273584905657,0.7762036924240893,0.797472108538007,0.4185107239558537
0.9039094147241374,0.850921019906973,0.09250585480093704,0.18941389314841262,0.12053026338740619,0.4071387648755221,0.09982171307184612,0.047323835194455044,0.9356508504099245,0.7970852068381951,0.492255042563968
0.986642792798656,0.07668016514130352,0.6459625437750595,0.7369607592809739,0.6770747885298973,0.03800205206818552,0.7887370953076985,0.7829312459839943,0.5843008520601529,0.8234290731355371,0.24844098234930914
0.9731204036114557,0.1249108955358536,0.4389026430244229,0.5268425299114688,0.44504913076341657,0.0764404781019386,0.6831651619755709,0.677474008471313,0.664989783356923,0.8375824302052676,0.28032753223999585
7,0
0.9033672725924728,0.8473803240065295,0.09264440820530428,0.18879379358128473,0.12010560701660183,0.4111894879252689,0.0984643531403882,0.04694260594685373,0.936057228546817,0.7967464119883768,0.4957570083884365
0.9730247668059069,0.12979085188876666,0.4497505345687812,0.5327682883774778,0.4457281848586197,0.07506736370057725,0.6769766519241224,0.6699679319859795,0.6661782045896535,0.8336247088510002,0.28180207544956315
0.9873225760385084,0.07350095776125132,0.639607822465869,0.7333010739216866,0.6787314150658206,0.038371944606616096,0.7965550628145208,0.7915306679609294,0.581502084028781,0.8261751516910487,0.24353613314598668
0.9386502980930985,0.1890672362915633,0.32350530376084863,0.37639074110679693,0.31100217864923757,0.16083910830092737,0.41581019024710253,0.4074361820199778,0.7791707650438123,0.7992259648828848,0.4155092372728938
7,1
0.9032364136542959,0.844693482572799,0.09139750040577826,0.18827236084623367,0.11964401568361971,0.4138820237393105,0.09893628768081275,0.04754343358864188,0.9360216566383788,0.7967503508970918,0.4965061070335125
0.9864113115292017,0.07708464543172114,0.6483502801411081,0.7396007377307495,0.6738883479389808,0.037639983224970336,0.7876452872805985,0.7820874134224981,0.5840594370542759,0.8220048448545276,0.2490268593851483
0.9733343225660527,0.12457666959716387,0.43739330713995395,0.5250327774524988,0.44663417390690124,0.07704778095753602,0.6847829426403269,0.6804927491033839,0.664769124075464,0.8377893951787602,0.28116138367231575
0.9379885530653301,0.18633067437887046,0.32784401390958773,0.3812211980966352,0.3161961495294829,0.15619707342145267,0.4106961811422778,0.40405946255002856,0.7785311050596262,0.7981936935417314,0.41871685763397726
7,2
0.9401692478000462,0.18606547364182374,0.31739966082532506,0.3760514819389289,0.30643481677964435,0.15942515229562085,0.4334572490706321,0.42724788549121656,0.776624382720419,0.8017798225330542,0.40946182453610847
0.9872765545746411,0.07504453404984524,0.6458685212783574,0.7393242457936958,0.6773240476944182,0.03752031056107892,0.797579262263277,0.7910933231687947,0.580934844270915,0.8236459673157664,0.2438468593134993
0.9033611273157742,0.8473869595173507,0.0914465301962118,0.1881210644700516,0.11912669943758031,0.4131978102495062,0.09769439682570269,0.046788542379509246,0.9367945278000456,0.7968391767409759,0.49507949150832414
0.9741775657237302,0.11960541507423167,0.4630095043694585,0.5465036820768574,0.46661567284135386,0.07055351953814694,0.6833494857737984,0.6782615079656413,0.6578334336565518,0.8358237554887815,0.27925656954473693
7,3
0.9872613244183828,0.07392432907590105,0.6481978252470055,0.742121202532992,0.6840484618262397,0.037402566931534,0.7990562377179478,0.7937361031700655,0.580728810468246,0.8244808313524353,0.24617297045851744
0.9029252606013844,0.8500233477519801,0.0915523586483773,0.18865629046320825,0.12021047735333468,0.4119475699751649,0.09735604278886278,0.0458413554100886,0.9365890334385729,0.7966553415956127,0.49723363170837387
0.940128569454449,0.18610281848705956,0.31531938948558513,0.37468282519990664,0.304627173592691,0.16135795900966446,0.4383796949109088,0.4304489264801561,0.7803291214466653,0.8024156290204304,0.410460022725445
0.9741712500931295,0.12007833729590656,0.4796824577255712,0.5583732934208344,0.47272135854813024,0.06708335378201363,0.6807803764306414,0.6744763036695884,0.6548557103577093,0.832674592119953,0.2804999363189597
7,4
0.9720204446378053,0.13144475674286213,0.4317377049180328,0.5156431930517691,0.43716239316239325,0.08034683764176971,0.6768475836431226,0.6729358490566038,0.6708961838325832,0.8366010369594109,0.28491958511065196
0.9034972749047077,0.8459001854455482,0.09153698926520748,0.18854752320699247,0.12038121682791758,0.4118437827243121,0.09908855886626539,0.047868978067234724,0.9362639010683462,0.796803500872965,0.494994666872305
0.9864600159430559,0.07677528912139628,0.641003598560576,0.7309870238471651,0.6674397192689876,0.03855993172874925,0.7884441019131381,0.7819144040497008,0.5851838275768907,0.823726015269165,0.24744476387883546
0.9355332526897061,0.18230203987036897,0.32831722012049885,0.3753563125473946,0.31015170331409647,0.16319747371142074,0.39535474851459995,0.38619577487502,0.7855847704021712,0.7959506812915259,0.43354707353477195
7,5
0.9036484302229753,0.8480997648661552,0.09198360655737675,0.18861786257256363,0.11925925925925923,0.41084550934913644,0.09873605947955416,0.047245283018867934,0.9358286315141595,0.7969383415039204,0.4941893379380149
0.9732228242117381,0.12272952518393748,0.46060327868852463,0.5431624212763276,0.46441025641025646,0.07142117094104423,0.6784089219330856,0.6744754716981131,0.6593093967993455,0.8350583636340875,0.2817778505485337
0.9423985155190373,0.189802016565299,0.3187822014051522,0.3769101576678256,0.30925925925925934,0.157878344451094,0.4396972915560276,0.43253369272237197,0.7760031361744557,0.803101789991681,0.4006216300841896
0.9869777512875709,0.07600388737744823,0.6431114971230052,0.7358845602934955,0.6744495386879493,0.03808433372557321,0.7940495827076002,0.7888916656253904,0.58325837597524,0.8247940781615388,0.24733805126195163
7,6
0.9037851870213602,0.8461456006827819,0.09240095628415318,0.1890924692167938,0.1199845679012344,0.4095058070229215,0.10015876703841364,0.048486635220125585,0.9357726157502421,0.7969421342810858,0.4922888946060151
0.9865863540730005,0.07641060770060085,0.6495582452377304,0.7403285706630545,0.6760568380506073,0.0376184457925782,0.7888800101912008,0.7819784870393227,0.5837901727904584,0.8227810231422292,0.248500560224731
0.9371185468141257,0.18177884004535327,0.3270740188772976,0.37898690681207475,0.3145558145558146,0.1585648363165733,0.41269573053959663,0.4090051457975986,0.7799303819897813,0.7974671319154664,0.42384813979796365
0.9736630382895175,0.12443541909503697,0.4379770359062853,0.5257226258668105,0.44476740833016143,0.0764210890344913,0.6858811311951598,0.6843785807043006,0.6640643819390358,0.8381621530994865,0.27938377678843146
7,7
0.974240626954339,0.12103748209493315,0.4672671590704378,0.5499780194137902,0.46628679962013303,0.0696423565535653,0.6820267712461021,0.6753196489045545,0.6569644792357165,0.834403179332354,0.2782936488017218
0.904057015918987,0.8498019943576569,0.09197141656158053,0.18920824316313284,0.12063700781649495,0.4073743820295368,0.09978076446477907,0.047643928398645174,0.9357319844701899,0.7971983564578122,0.4920216507462605
0.9870964832380842,0.07562342235751318,0.6488069540866928,0.7404121042134663,0.6826961097423732,0.03760976231452362,0.8013335273650929,0.7978513395554959,0.5802040604733976,0.8253722268162712,0.24560561977722473
0.9398718056955827,0.18108850509329516,0.3176200848331996,0.376686534358389,0.30755284601438454,0.15902285106331288,0.43590610133361063,0.4311914500593745,0.7782435557876699,0.8026286050017125,0.4098417213079506
7,8
0.9376318890847303,0.18604988629305447,0.3226572057744067,0.3763559209201174,0.3125186035633797,0.16083711792524044,0.4070631970260222,0.401182765418192,0.7800061551087427,0.7979973815741699,0.4202510191624345
0.9032041980432663,0.8431796692296132,0.09214128781477077,0.1882784819296075,0.11971686198490322,0.4145559436618531,0.09845552447016442,0.04755884069247218,0.9358988256644795,0.7965346675421603,0.49616245276305027
0.9863778178167323,0.07720909303149909,0.6447103146319113,0.7361590338930742,0.673771478119304,0.03804411289662357,0.7873305779399201,0.7821164889253485,0.5847890123025732,0.8232271559236671,0.24757445427154579
0.9737496384239992,0.12518814436323197,0.43705459964774424,0.5237989530718454,0.4436674436674437,0.0772057954260458,0.6916341515868383,0.6849368470294713,0.6646553054324367,0.8396067768156562,0.2770948637590133
7,9
0.9873362855140791,0.07350355594815333,0.6436301296474876,0.7373135052509646,0.6779788838612368,0.03789958134406654,0.7996938552372621,0.7946232581082746,0.581445565505646,0.825113984965755,0.24571085081760952
0.9034053643850171,0.8445402024140328,0.09159942240720276,0.18827953038595724,0.12002716147793879,0.41392965501979717,0.09981316331837331,0.047609737022191845,0.9360716480170796,0.7967465013417245,0.4945649198860017
0.9396391475399799,0.18003400912313372,0.330501376091899,0.38479360192841683,0.31775739804936887,0.15398722720963826,0.42132255175969385,0.4149290731304228,0.7738510463684883,0.7992104432037948,0.4141787516098903
0.9738908375490191,0.1219659840730854,0.46343493852459017,0.5443403415244055,0.4629407051282052,0.0718930405129253,0.6848861524163569,0.6797906839622643,0.6593882639387588,0.8353419422617951,0.28026501383316205
8,0
0.9039935055242665,0.8495282441564578,0.09295944779982723,0.18948384302045657,0.11989803568750956,0.40636592310960284,0.10015652514185053,0.04871896722939428,0.9357344556508245,0.7972622899515418,0.49333764875708014
0.9746857209800398,0.12091858930561103,0.4404014720642355,0.5284435986796104,0.4518518518518519,0.07583868021511252,0.69594112738032,0.692383519445514,0.6625076415465674,0.8389987391317172,0.2742385204600774
0.9863843031507116,0.07776058765735605,0.6479975098568169,0.7389437249243254,0.674645677810235,0.037798461663819075,0.7867865041645099,0.780248387867208,0.5842352277390253,0.822978926841808,0.24790298558953894
0.938788489117957,0.18217724811294478,0.3359016393442623,0.389515193762952,0.3224257224257225,0.1520834853814827,0.4174455655868295,0.4109164420485174,0.7735594114543667,0.7992224577895187,0.4161038872805858
8,1
0.9740012546432454,0.1251976821887566,0.436710777536375,0.5248901026072802,0.44706461172324635,0.07696208354414903,0.6876576939729178,0.6833219671137379,0.6650067648517768,0.838853604822137,0.2774480416318515
0.903172260373205,0.8479235276944138,0.09112312521799792,0.1883498983925992,0.1200218221494816,0.4128724409714145,0.09681246539587135,0.04624648735447673,0.9367447987148507,0.796749123890872,0.49634485105380965
0.9863294892885576,0.07723509942725218,0.6501608702313469,0.7402721088023118,0.6753645569844948,0.03756051402664923,0.7860542681443908,0.7804855110797624,0.5839697766903557,0.8221810782231008,0.24974547524441743
0.936932699996813,0.18316001589172579,0.33207731832640075,0.3807901219219656,0.3146659863077774,0.15826517128264875,0.4089219330855018,0.39887355674457886,0.7793232748853215,0.7968924936685599,0.42023234241712054
8,2
0.9873670083534521,0.07431657681299139,0.6483240380823616,0.7412517607705307,0.684778884091599,0.03748687244493282,0.8019008929597975,0.7976787914154186,0.5804969069344756,0.8244489015592326,0.24699478357773902
0.9032881594774572,0.8470901885704448,0.09089822404371578,0.18842634329131985,0.11980650522317204,0.41293250666274983,0.09851301115241623,0.04687499999999978,0.9363330939679961,0.7967452244012455,0.4949146700674978
0.9407965074564832,0.18777680932906232,0.3109658839167036,0.37011246230683825,0.3011280511280513,0.16235581397275478,0.43996784888978197,0.43424273329933705,0.779832869389704,0.8029066218066876,0.4078606988500786
0.9735704662245869,0.1220654974701551,0.4763017398404623,0.5547848674083848,0.4715809236882034,0.06814316395155516,0.677477246506858,0.670772789705776,0.6551364500351404,0.8323744465440209,0.27988050044812185
8,3
0.9376490063112417,0.18203917164262745,0.3254776284974733,0.3790340188435918,0.3151896836107363,0.15976089580239553,0.4064063504486123,0.39863810469570143,0.7814496746585404,0.7981129762803489,0.4208961086670102
0.9035474950765232,0.8458528658136657,0.09286800743620088,0.18875429636558105,0.12026022850765106,0.4112840618577768,0.0994136358410303,0.047695000972573065,0.9358496482492866,0.7968150146757105,0.4944704033353322
0.9735258654193981,0.12405814733839926,0.4382870525259284,0.5245134378709498,0.44428164428164435,0.07692362630144528,0.6875502617403841,0.6828032345013477,0.664473089194646,0.8381981567351258,0.27935476857551966
0.9862960302861701,0.07757083390979452,0.6422848360655737,0.7342991960045728,0.6697649572649573,0.03818306490753039,0.7883131970260222,0.7815683962264152,0.5850267362535922,0.8229896437494487,0.2489265665008123
8,4
0.9736532417464112,0.12478073630707423,0.43892599338865274,0.5255486567641008,0.44279131933452925,0.07674101363150328,0.6873498860281181,0.6841059088438544,0.6648306880719248,0.8389255015180801,0.2796009380563678
0.9034686319835417,0.8527549170264668,0.09107834253233366,0.18859811927553188,0.11970106944981307,0.4104327322727872,0.09912013599596492,0.04697070256945096,0.936313955910041,0.7970032881082653,0.49501896711469534
0.986322930177103,0.07770604038037662,0.6466773542948752,0.7364991779317174,0.6697942786270862,0.03801012835219836,0.7862746707633129,0.7797154931254091,0.5857105364329382,0.8229953137205352,0.2466495050179383
0.937242931164044,0.18665829238560896,0.3269074325157155,0.37924823433357485,0.31576805261015795,0.15978701607395415,0.40581938116667127,0.39912044261597385,0.7794724038245,0.7984544688847516,0.42328867961122063
8,5
0.9740743854499156,0.11993710667921198,0.47198211624441133,0.5532795424137168,0.4676897176897178,0.06842555136529287,0.6851695392587585,0.6790880503144652,0.6551561470262763,0.8348423277325635,0.2791740111261853
0.903472217105182,0.8455388804988241,0.09224590163934449,0.18864734371769304,0.11972934472934482,0.41169038009604575,0.09899628252788101,0.047547169811320567,0.9359701990151853,0.7967667539119778,0.4942897513388387
0.9874602003292068,0.0738684596854178,0.6466697237189041,0.7408148374721768,0.6871675333213797,0.03753538660175014,0.802116099513869,0.7978625148436469,0.5788621513898512,0.8253770942638409,0.24506615772587162
0.9418508895186983,0.1849764264585939,0.3135765412145001,0.37349487997114805,0.3019341117932667,0.16081937882531727,0.44834808105136403,0.4407387722561785,0.7772641697538559,0.8043417438224573,0.40446257484109294
8,6
0.9874817837349097,0.0731394645360787,0.6487005197920833,0.7427106546491937,0.6864409303433694,0.0373949888727456,0.8028574019144334,0.7966603116165931,0.5795297597005532,0.8245697570915251,0.24613647890048743
0.9034780656588527,0.8410907426197378,0.09237203077952494,0.1883867812212105,0.12002151287865581,0.41392665040880966,0.09970791290493858,0.0484405082787836,0.9357097321899652,0.7966083440670978,0.49487856858465296
0.9745097258638411,0.12201941648473424,0.4703916906519835,0.5547327651656686,0.469226419608099,0.06797979209061406,0.6835324498425039,0.6785251332277114,0.6542553649681929,0.8353760076411919,0.27765912740279125
0.9418335588298292,0.18363491884766764,0.31600312256049967,0.37498003953386283,0.30561854371378183,0.15917451582656153,0.4417216700806717,0.4377358490566037,0.7768985928388613,0.8027664027951764,0.40203693225465326
8,7
0.9724167541523401,0.12722791202949155,0.45253997166565474,0.5324938255613637,0.4500838286846518,0.07515065756582276,0.6719445591812383,0.6662629086109169,0.6669815988422677,0.8331920718355983,0.28706236716394307
0.903427700266481,0.8441069067370205,0.09134195568003961,0.18833489547589255,0.12020215035290405,0.4137455053955791,0.09824214006837145,0.047387882810277615,0.9358827374459523,0.7965798686524496,0.4952337147546947
0.9377927511093325,0.1919760027536671,0.3211843944592706,0.37689571298933955,0.31018794584686066,0.16164903530470334,0.4132157574709662,0.407166886061138,0.7791055529577947,0.7983969335101955,0.42067367753279467
0.9870037776039962,0.07449753465442085,0.6396302538174761,0.7323137542304337,0.6736072281243621,0.03844094954620651,0.7945314942848208,0.7911479456885913,0.5826292988289332,0.8254190691219181,0.24606075334430105
8,8
0.9864216104306295,0.07718113618338909,0.6456748118362718,0.7351957047488256,0.6705280510311957,0.03819825329840054,0.7865492974211499,0.7803963450812861,0.5852087381898063,0.8228646122180275,0.246799904796761
0.9033162558106619,0.8500600680765545,0.09258155323729084,0.18879058071396693,0.11988834211056426,0.41045584072047747,0.09866321204611161,0.04610253478178028,0.9363479895383904,0.796917416605055,0.49542731626387865
0.9386581577246582,0.18621661391766775,0.32847414880201764,0.38218676978900656,0.317948717948718,0.15394243541275315,0.41549899914212174,0.40775036284470245,0.7773417032290671,0.7984925632929862,0.41784749617789496
0.9739346415167833,0.12451473405448629,0.4391443422630948,0.5253452581640492,0.4460310842424664,0.07681896758683535,0.6846948952760903,0.6793066421230249,0.6651174641619232,0.8382459404816669,0.2783316277190664
8,9
0.9874546163458536,0.07391499880090524,0.6443133473254296,0.7396846702169658,0.6847169234712491,0.037569477270710416,0.8012374422762765,0.7969837435529146,0.579785508304074,0.8250177392808603,0.24520099365548703
0.9033223426916057,0.8432944848401285,0.09117084130814695,0.188101601683686,0.11955688605434783,0.4145018591428907,0.09880550261355286,0.04754333876065542,0.9361550670813148,0.7967194007296409,0.49495992746025264
0.9409584227180913,0.1777518647759595,0.32117855560478514,0.3776168190772705,0.30975205975205977,0.15780611829260544,0.4437606751733145,0.4403875573686894,0.7768873587374843,0.80100357082285,0.4085083480730909
0.9741366986466319,0.12054026203224946,0.4744567289363325,0.5560097408783327,0.4729786435212792,0.06759594676691034,0.6842886372150658,0.6770220857101067,0.6541630085917068,0.8345367708690355,0.27895246951366787
9,0
0.9865171982221155,0.07721109897712636,0.6475253708040595,0.7401498590720044,0.6740559851670962,0.03766609739839544,0.7895438720717531,0.7852410901467504,0.5843044727123531,0.8227589972135457,0.24804428438391113
0.9034129932078142,0.8534847248806217,0.09112435833747312,0.18871102283012692,0.11981639759417506,0.4099745023547007,0.09933911606774065,0.04711263579188124,0.9363267471597411,0.7970343512813265,0.49389275000243277
0.9373216494170402,0.1854424522575614,0.3291107799304521,0.38227169869009514,0.3174479841146508,0.15871074724975306,0.4067252450152078,0.4024013722126929,0.7787475441737878,0.7971525835464558,0.4231006597765764
0.9738763865504447,0.1240056400393538,0.4384379581500733,0.5268717653617921,0.44684177611006887,0.07669566024617028,0.6876718953063137,0.6842613897837091,0.6643082508482061,0.8384525155027592,0.27766012733122314
9,1
0.9863544752875304,0.07683208079169218,0.6481886257842541,0.7360242384443805,0.6697970525131018,0.038081782397158245,0.7893661939510762,0.782506405776846,0.5847483117777899,0.8233568184541331,0.2487488771411464
0.9037578617689725,0.8427720352322581,0.09293622864990148,0.18914720811642255,0.12064259184678039,0.4103669281347142,0.09978785106755689,0.04838486614639981,0.9354954271731428,0.7968619335291353,0.49377900253835244
0.9732024938555037,0.12524188865036304,0.43884390019092767,0.5241926269276097,0.4455314134028994,0.07719377561333512,0.6838506442125378,0.6779116465863453,0.6659885335350451,0.8377679261145439,0.2815850906966725
0.9371288982044809,0.1839303537293405,0.32423155737704923,0.3742950508864247,0.30755876068376076,0.16148963149458465,0.4111291821561338,0.4040978773584905,0.7812648267593377,0.7993739334149981,0.4205425875936516
9,2
0.9863163086447062,0.0787188416091883,0.6445277127244339,0.7362176179606116,0.6713426491204271,0.03808461499786735,0.789886115536673,0.7825696316262353,0.5845593072408848,0.8233644132966967,0.24916220261989658
0.9032579186377695,0.8410770781832753,0.09188866120218564,0.18806456031918733,0.12011811490978153,0.4155560309594359,0.09864854399008699,0.04766116352201205,0.9358565004787334,0.7965580834085991,0.49675807488633705
0.9738353168533759,0.12377692338985849,0.43570271496144625,0.5248958717455873,0.44358861750166106,0.07695641471646464,0.6892310857075685,0.6852263405175627,0.6643355239789759,0.8388309854099817,0.27907387837082076
0.9371483135839004,0.18269942800237604,0.32545951316443117,0.37971928639267977,0.3154191487524821,0.15951180601354298,0.4125830798693253,0.4046026300743281,0.7810327837256462,0.7980198826951426,0.42419977298128086
9,3
0.9376193289111405,0.1844511611535909,0.3271718084419776,0.3791267858262743,0.31505036229445676,0.15933960283165277,0.40968299036969824,0.39976229386421025,0.7803163338169129,0.7970258978117908,0.4241739078284493
0.9738655349783825,0.12327582923669356,0.44060021152829193,0.5261081664726982,0.4476725484790002,0.07609630492391158,0.6865181676460007,0.6834753499695678,0.6637101737990941,0.8380858871652062,0.2804770184312552
0.9030110771779318,0.8462034948809336,0.09241169511576824,0.18821227850219108,0.12006931594560466,0.41457878850442254,0.09782317096539295,0.045924917331259085,0.9362086962591347,0.7965639761565152,0.4964804789557331
0.9861626242130069,0.077944260198295,0.6445718926051871,0.7355926366757233,0.6712003739867518,0.03804962101429177,0.7843405802939449,0.7773234417898243,0.5848461730976667,0.8228274174416337,0.24927012831561818
9,4
0.941895567199574,0.1852575962273574,0.31669945355191254,0.37529812694005515,0.3062678062678063,0.15902489697217395,0.4440396530359355,0.4384654088050314,0.7770041717959264,0.8027572497960893,0.40133449229650553
0.90399499335715,0.8493165849412938,0.09240242989098757,0.1892657061031675,0.11974489131849547,0.40703390854645566,0.10010756137603094,0.04790728857389148,0.9358251803311497,0.7971570446531722,0.4923637573119612
0.9743016168916693,0.12036992449738645,0.4710425204918033,0.5533792250750049,0.4716323896011397,0.06845935616123432,0.6862221189591078,0.6788915094339623,0.6537376657391281,0.8343853741290482,0.2786420388541989
0.9876329310136697,0.07211390957534763,0.6500198536502354,0.7436405318628778,0.6883742939106263,0.03726489273427122,0.800761502939247,0.7956780048312331,0.5794550350493349,0.8245522050717555,0.24488828958999492
9,5
0.9875822432341894,0.07278251853409148,0.6475015492084952,0.7408923044450646,0.6864138788537415,0.037489856977679564,0.8001762924922393,0.796109706282824,0.5799714665234017,0.8244530591480901,0.24313469680487843
0.9036582396040299,0.8435538155210369,0.09149102263856373,0.188249877045236,0.11923604516197128,0.41318875108596165,0.09934895065006577,0.048437655984825856,0.9360099371896691,0.7968940041300632,0.49340044585366294
0.9403773899859453,0.18139715702909337,0.3242135578201152,0.3831533999789942,0.3142758142758143,0.1548965084682107,0.43396463377876016,0.42876083630800604,0.7752764946933006,0.801365917864696,0.41120990197236046
0.9744427821941514,0.12121547644307523,0.46650521609538004,0.5497496373008925,0.4641608391608392,0.06980270674456841,0.6867888926439113,0.6840623213264722,0.6567030843933819,0.8356623981027236,0.2767519806877492
9,6
0.9733405633083012,0.1253188597063465,0.44562512344459804,0.5273588888035518,0.445886108536711,0.07673505916995868,0.6828055717292963,0.6795938470864589,0.6655188666030578,0.8357812929885605,0.2802958358253986
0.9032329410420827,0.8516576349275577,0.09074882609770124,0.1884410629301499,0.11985855201935586,0.4113183034822627,0.09682240197268854,0.045908789229164915,0.9369616857368526,0.7968222395242609,0.4956529275253829
0.9864312781898392,0.07814619238479148,0.6464274667491494,0.7374768176278286,0.6739952337436614,0.037986349817142856,0.7868064810268639,0.7809778094220954,0.5853251949117786,0.8230333991760056,0.2494479657442052
0.9374712306358844,0.18712805616027156,0.32365339578454333,0.3780759644299003,0.31040564373897717,0.15868981528785348,0.40446686729214615,0.39742437855645407,0.7821738769369078,0.7982953232210637,0.42765413463378216
9,7
0.9730815998422628,0.12643431496018437,0.4365912706647299,0.5234796266466467,0.44492528880714544,0.0774639052320761,0.6843913227612819,0.6798662526868879,0.6663299103656901,0.8374226200220178,0.2812070676955019
0.9033376060941163,0.8433127140495082,0.0917543430389039,0.18832255827219918,0.11979986109339347,0.41396795271623876,0.09942850801753295,0.04839951187458896,0.9358283980181189,0.7967325135327049,0.495989101836974
0.9862291257796914,0.07801349951817646,0.6460150530982577,0.7359588230252702,0.6738250103029977,0.03803012820883568,0.7878936662692009,0.7816423400973062,0.58410368971026,0.8232251163630241,0.24786067073960372
0.9387724977425911,0.1866164920244226,0.3282786885245902,0.3807832122575757,0.31450058655941016,0.15597211411896933,0.41676689263065825,0.4098224195338512,0.7754626137488256,0.7993371668867151,0.4140230413518592
9,8
0.9742731728415571,0.11979873387072165,0.47494857570279875,0.5547702548650901,0.4719378635728446,0.06823627485983776,0.6816402108923347,0.674424277207834,0.6555855856558683,0.8344510840372837,0.2775403045325287
0.9034036669628684,0.8499177331277128,0.09241907297994534,0.18908678856653877,0.1202221354505617,0.40947453604413603,0.09835261260921263,0.046470644574273856,0.9363224839561025,0.796786259013117,0.49434824214824735
0.9412994109214888,0.18414191749745978,0.3177326252597553,0.3763906122482682,0.3089161751133582,0.15925813129517885,0.44232682339389495,0.4387191070954025,0.7755129979714173,0.8025492967625532,0.4011635321995034
0.9874250197930516,0.0737924252583457,0.6468739400791406,0.7389417364101757,0.6824049513704685,0.037737207696346003,0.8000512754775027,0.7946909564085882,0.58121259179602,0.8248110113457926,0.24460362968685934
9,9
0.987466675646377,0.07382202334284482,0.6397035706265438,0.7361073953428807,0.6828045115716351,0.037946050533906525,0.8017390640118145,0.7967433445334713,0.5798718458580914,0.8255531030200408,0.24511426868898173
0.9034255136845399,0.8454280277080205,0.09150063051702395,0.18834179467398932,0.11957045803199656,0.4129906102548383,0.09884663044514341,0.04737300435413666,0.9361588964994819,0.7967395816720411,0.49616923285425263
0.9737095300774357,0.1229588933765523,0.4762455801992928,0.5554289186504183,0.4698285012010503,0.06786293141963026,0.6760259494132226,0.6699815020347761,0.6547338016043533,0.8331918053527204,0.2802496918899542
0.9409922361261843,0.18600387688323902,0.3155191256830601,0.3739230436434797,0.303684710351377,0.15993758727563773,0.43868649318463443,0.42976100628930813,0.778324442620711,0.8026527981107967,0.40588273076486026
