0.14120796160353852,0.12085872579495908,0.1328789511529056,0.12565341598974036,0.13431137764954526,0.13926798255862113,0.12541378901938674,0.13987658549882073,0.12878432486358013,0.13899502056253307,0.1330747215561017,0.11785011944494345,0.1389722527831018,0.13041232156345378,0.1329905337156243,0.1333962711843223,0.1271585035846576,0.12791046323635918,0.13299029372583426,0.12331033173045401,0.12435030889475229,0.12488020948846784,0.13182268169617892,0.12263227995593153,0.12306799741164029
0.11801311400264433,0.13082554383256856,0.13343303594361486,0.1442079690028473,0.135088502007811,0.12182889229175609,0.13758331820984127,0.13306102220100868,0.13478173332081042,0.13414588833343616,0.1296207291435733,0.12353626252495711,0.13640772014398828,0.13480376568975708,0.12420629371679748,0.12026359762587888,0.1381377831757057,0.13370896061154763,0.1339946670459543,0.128682466701936,0.12491381583169225,0.13429033388645814,0.14046459942571957,0.12364042777910456,0.12577221928701324
0.1260901671043882,0.1313530196719484,0.11632877739662884,0.11986826926746774,0.13424412114424913,0.11961946584305988,0.12541024010255464,0.13035785943389797,0.13070833149378094,0.1426122219350732,0.11798614633415608,0.13324139946504962,0.1451757378612221,0.13037061975842137,0.12305580192519461,0.12955546474673768,0.12991023754101094,0.14077954798700246,0.1310055960777653,0.13243774228335106,0.13490343769174098,0.13271183508564813,0.131142610372223,0.12708619166373938,0.13705249896750793
0.1424846966299849,0.13165299362304964,0.13989039347574134,0.12577313772049348,0.12629331020407591,0.13208417820836116,0.13289011526362768,0.12301563248468138,0.11919164261797045,0.12125515690727481,0.13101161564544425,0.1318995716416282,0.12527288624510924,0.13625677754091742,0.12574066845887275,0.13573529906563436,0.12176830043387361,0.12134418886827233,0.1361268217230619,0.13381461461965793,0.12034012717762507,0.1401200304808588,0.12389022301062852,0.13876021190066198,0.14532355872042646
-0.011713068560754951,-0.01428899460063741,-0.01562426151626387,-0.018205853004675525,-0.009334706788070486,-0.006205318299731683,-0.022190278163838655,-0.013678489840842092,-0.011854147516151672,-0.00656038380405213,-0.01440576347358525,-0.023028556984377432,-0.008400906240381615,-0.012675697426567413,-0.011936035423306601,-0.016123981053881783,-0.017146095450834745,-0.012554573119770587,-0.013510343132474623,-0.016538255253055918,-0.01706326141665445,-0.01294229242493821,-0.01203483180128926,-0.0134966287079007,-0.018360814281641793
-0.02204386320286134,-0.013557980761607562,-0.0148445855677842,-0.009201284662346732,-0.02103031018124196,-0.018006795720849306,-0.010794936354316255,-0.015942817359522077,-0.006951808826372616,-0.011142437697102086,-0.015118346904905482,-0.010717719108843385,-0.013595195133545426,-0.018925974507081195,-0.014666258331507436,-0.016503198014703475,-0.007270856730038595,-0.008296306427379867,-0.014634062614918683,-0.01612261522934199,-0.005870366847755385,-0.01570298023061777,-0.012986340626915754,-0.017736944110224053,-0.013270858950090034
-0.01316264039662054,-0.012897462527104905,-0.013809559020089719,-0.011969306520226857,-0.013336539677184515,-0.019175191017757946,-0.018910417790956643,-0.01899130887724347,-0.019128074669845143,-0.0195127419235858,-0.016066025185931955,-0.01145649129513876,-0.014075684590134535,-0.006527158736634064,-0.013313684757367718,-0.01754346074888819,-0.014268203575362523,-0.006071122052904157,-0.01573473405245572,-0.013097568187837907,-0.014914641942628253,-0.01642487853698465,-0.0183610295470312,-0.016458385015143764,-0.010888563867390663
-0.008152097015097769,-0.015332264386149779,-0.013581727790687885,-0.013836330284311376,-0.0171913759084325,-0.007256569917652436,-0.00877811106315993,-0.015901458990816835,-0.017373404004096406,-0.01404619264646501,-0.014204393341876292,-0.014338488728015613,-0.01980570791148718,-0.013655169116481479,-0.015755241811636407,-0.017151223145987347,-0.014807412081078625,-0.018885071678540956,-0.012721205218946369,-0.01399805809352773,-0.01677421903852032,-0.016325155296714373,-0.011977424729243147,-0.007387914172957544,-0.013334010880978863
0.0003195569802190725,0.0003193974718400648,0.0003222061813868957,0.00032193709529509116,0.0003178035096549151,0.00032446942624912505,0.0003141232033745226,0.00031643904785644636,0.0003222205899444373,0.00032882468366284164,0.00031890204988619617,0.00032835087336120924,0.00031428931587547615,0.000322120884649116,0.000324083764448121,0.0003272026132452866,0.0003146836191050724,0.0003242145828030544,0.0003215067003232335,0.0003233886412969997,0.0003187029208856123,0.0003208106237329938,0.0003103883306088357,0.00033327541845951005,0.00032258619306587875
0.00032436215447767747,0.0003191530879487496,0.0003169150074110958,0.0003235161731784851,0.0003224856874046867,0.0003191152315459957,0.00032788176217671267,0.0003135512145626262,0.00031968247059737125,0.00032831943468344146,0.00032191201127257054,0.00032201970201601964,0.00032488552702350623,0.00032252886683171083,0.0003157276635339308,0.0003208562265614318,0.000309788249267976,0.0003171105145483303,0.0003279082598658207,0.0003194264992919507,0.0003186798424123207,0.0003248502887732416,0.0003219869716808033,0.00032454995059303423,0.00031753862901910955
0.00032019829549690917,0.00032842890426614836,0.00032323535845616525,0.00031931450012991005,0.00032825018707369907,0.0003200590448688701,0.0003262369539328874,0.0003248402337954414,0.00032129676727446266,0.0003171583949199448,0.0003192343574708954,0.00032584754399539326,0.00031651268526154864,0.00031918935734131864,0.00032092896894554283,0.00032669587459259437,0.00032192018245925474,0.000313971375543347,0.00032968705434899346,0.0003233273900383735,0.00032032719918793825,0.0003217493225601289,0.00031668882587971913,0.0003195049178299115,0.000312167076785561
0.00031772452574679687,0.0003267705393976311,0.0003161433463889848,0.0003135692008171234,0.0003224836041276818,0.0003243350797623118,0.0003258355956878846,0.00032473374001002706,0.0003082293084465659,0.0003149708613736762,0.0003093236806114255,0.000325950241784728,0.00032068342988949406,0.0003228803792461429,0.00032464915043389515,0.0003266170380572326,0.00032329810491368686,0.00032071742796530603,0.000311767111194199,0.00031819752238655517,0.0003251714284872262,0.00032440009610273945,0.00032296853613549963,0.000322697476209112,0.0003191380179391393
3.9790433981292814,4.921796943961338,4.989502446138319,4.913596037984785,3.971280113192803,4.992060497745831,4.906319270966159,4.958306510801326,4.998292276360848,2.475368966691192,4.995860684967266,4.927371310759782,4.97552770846913,4.006988138692017,4.989294572146393,4.913487898731507,4.9222213697401145,4.927500460043547,4.9738466256030325,4.932711942987571,4.922781429284994,4.928783290865676,4.926273719592901,4.926750120960107,4.937998521934178
4.940617292995151,4.925600067488616,4.981584480856909,3.9864902662164763,4.989051638135971,4.933848364156343,4.921537766165996,4.975908738866847,4.90610792727287,4.9538281831978885,3.8784929357126723,3.8980876333813272,3.976229644704322,4.919251205390305,4.919090934065983,5.00346422733542,4.978203600419443,4.929689743783864,4.993269765344094,4.978959158917029,4.943747453025275,4.992220045566284,4.9866289291213235,3.902221567253754,4.928104411456273
4.947167080184302,4.907889438861782,4.931149174835096,2.472607709002172,4.97301714166931,4.934535004699214,4.995183931555596,4.9366451199257115,3.874077738043174,3.9738082682358513,4.91757025864889,4.933790859094988,4.972981313473191,4.924000053284123,4.929097592843222,4.010129469035224,4.983027623414495,4.959632246811518,4.913289560645138,4.929983223589367,4.993173129141615,4.989811205146345,4.945694268512497,3.9826052851877534,3.988606355320467
4.973369106184744,4.9622480961527184,4.989648785875553,4.922812254957843,4.926708529021528,4.919855237800949,5.007109430334502,4.918988326813754,4.945761603731409,4.933327215227002,4.923488796190661,4.9983303903395075,4.93663842979158,3.976081446554808,4.934720829093103,4.902714504115499,4.930550940837597,4.937500205029076,3.9366379954322204,4.968755893968091,3.88245332204556,3.865963655117069,4.918077610056835,4.988587649260168,4.978312630266661
0,0,0,0,0,0,0,0,0,0,0,0,0,0,0,0,0,0,0,0,0,0,0,0,0
0,0,0,0,0,0,0,0,0,0,0,0,0,0,0,0,0,0,0,0,0,0,0,0,0
0,0,0,0,0,0,0,0,0,0,0,0,0,0,0,0,0,0,0,0,0,0,0,0,0
0,0,0,0,0,0,0,0,0,0,0,0,0,0,0,0,0,0,0,0,0,0,0,0,0
0.004084801081651757,0.0050146385793942766,0.008529970879911763,0.008895090648307083,0.0040422692398818065,0.008398724506931245,0.0050842032055794404,0.0046014873304506,0.00453109786980192,0.006094634514594474,0.008391408328223647,0.009303227900873649,0.004774085255024021,0.004169161284978982,0.0044992753834394985,0.0050824246255911625,0.0049547429257378005,0.004855058215539063,0.0046445815192609876,0.004884048091022389,0.008239329828414054,0.008961606032042728,0.0048330304043767815,0.009020958150076957,0.009594383050626773
0.00906944868171963,0.008756978194580304,0.004645868816401491,0.0040083850716886105,0.004686090131450426,0.009258590527894392,0.004830226888479064,0.008411889816093386,0.009030820955133398,0.004648267911895953,0.003599199547396185,0.003650045315909571,0.004086794336475413,0.004872067729369781,0.004783144690582651,0.00450495564944398,0.004570726353521805,0.004782942662750262,0.004748174625303885,0.008425402389656007,0.009163059809623352,0.00895135712062139,0.004550523928338081,0.0036252093404569043,0.008566011432239761
0.008488016771408636,0.004860486086834753,0.009163173527690312,0.006047759870975973,0.008396467661970533,0.008429691271191832,0.008845910807799031,0.004680532711773913,0.003704838473041037,0.0039004927475487262,0.009167217655637624,0.00902911283382097,0.00841827323765669,0.00877856286086232,0.0048624321839710665,0.003953011909049412,0.004657721791462306,0.008737315954643174,0.010584897070970673,0.004831258445049548,0.0045437469699276785,0.0081854280637105,0.004855999158277334,0.004109037177210146,0.004056956750648219
0.00811169050068632,0.009368954179314245,0.004563877805185725,0.005069727441202022,0.00907866043154552,0.004663172745565926,0.008136362763403512,0.0049992746362695845,0.005054774159992264,0.00504418239866881,0.009391354773018596,0.00815413830121456,0.004882657439540503,0.003986080319703671,0.00903263137840105,0.004769906785550365,0.005070207328434757,0.009029399696284105,0.003806246150196381,0.004807197854834983,0.0037706785813352906,0.0036954288552591076,0.009330775106498433,0.004350336054048297,0.00807775719082167
5.668965112554083,5.664570130642927,5.66552061003225,5.664950010588402,5.669258432544784,5.669992055637468,5.66043966952238,5.664543229269073,5.671505381646146,5.6764689471406085,5.661043449176623,5.66197483218556,5.677823803200716,5.675352083063768,5.667393513032229,5.65486527121811,5.6677994773121245,5.675727856665373,5.665297467706436,5.675571806601234,5.675947606790537,5.668713109171593,5.669242173163324,5.673730988687659,5.6697168341197814
5.664507162496827,5.653344830074663,5.663572155446942,5.669705996523862,5.665502664444091,5.665687940374826,5.665747009557473,5.652785100350161,5.6665279705238785,5.658034131313351,5.661844607260907,5.677984597056473,5.66532431851475,5.665119033907592,5.6604577018989435,5.661545200555917,5.670069481626771,5.673209343409386,5.682782317753383,5.657187490008586,5.6772530501205365,5.6564151275804235,5.666268973070146,5.674063859567662,5.652139837143931
5.672096869997125,5.666173691115041,5.671462321159196,5.6696691552116665,5.677904796909243,5.68015193955888,5.674630905179562,5.673581978578108,5.660840035358462,5.667402732299877,5.675440073693077,5.660560461799221,5.657293656005681,5.662630378536144,5.673328873413555,5.679803137758194,5.667440370986775,5.659003070261637,5.664003127842101,5.660380261623142,5.666714646420791,5.66396403472673,5.671830706821133,5.660165430923502,5.672744668975893
5.676636653325059,5.674919838784437,5.656035993693754,5.6736783157661765,5.652170361696452,5.683335774887614,5.652972462977596,5.654305691705981,5.669665369501246,5.672018567267102,5.663364136697426,5.664973750313768,5.6604774608182895,5.6721572171499615,5.676122415257993,5.653834022529381,5.666039231622787,5.654185351551767,5.6719065491283605,5.680010113860574,5.661743296349604,5.664051052554175,5.674483480469333,5.672101613570972,5.649321405160733
0,0,0,0,0,0,0,0,0,0,0,0,0,0,0,0,0,0,0,0,0,0,0,0,0
0,0,0,0,0,0,0,0,0,0,0,0,0,0,0,0,0,0,0,0,0,0,0,0,0
0,0,0,0,0,0,0,0,0,0,0,0,0,0,0,0,0,0,0,0,0,0,0,0,0
0,0,0,0,0,0,0,0,0,0,0,0,0,0,0,0,0,0,0,0,0,0,0,0,0
