0.05285977229869679,0.23801230719360814,0.00042466362768965756,1.1046657275855194,0,0.0007226328529749878,5.788048772320826,0
0.017370726040335866,0.7761599326108423,0.0005447267528197706,1.5520995347295998,0,0.0007112522984107553,4.912761723840535,0
0.02908769656384108,0.30907318971945036,0.001198177813997753,1.3066310695401917,0,0.0020638269036950293,5.163598154965154,0
0.2418654515335863,0.2754343348329133,0.0003341420073067153,0.7404804643789138,0,0.00041350815215482643,6.4249440556016735,0
0.057856840935199744,0.2592406410139694,0.00044216985215580915,1.0391385418283947,0,0.0006793648974467879,5.7379586288670295,0
0.016963712510157478,0.7807262950801939,0.0007239014192326322,1.4108501915470413,0,0.0007869453526108683,4.912943116999514,0
0.024145179181074193,0.300488627502287,0.0012348750502135112,1.2988441554404095,0,0.0022063715671776923,5.142031736129568,0
0.19015806266059404,0.2751859565102911,0.00031152176449957057,0.8050811571042575,0,0.000435642437215346,6.380533461979156,0
0.026877131805999467,0.310113699689853,0.001215446767610336,1.3875338775707022,0,0.0021201196403505323,5.171292593999935,0
0.03118874088561697,0.4718301959326351,0.0005371183088147756,1.4527451468588892,0,0.0006964597469666608,4.920936226473728,0
0.20676742764845057,0.2682666549864494,0.00032183190833562277,0.7587379875872127,0,0.00039197163629993735,6.378921451325539,0
0.06996728563166188,0.2669101589600376,0.00044668513748399586,1.050038966617876,0,0.0006952172492761335,5.7350619200267134,0
0.04111599771351772,0.2475772352196257,0.0004106614951833243,1.1061640177617003,0,0.0007385654104808008,5.780679145744612,0
0.03180942203943574,0.464535071509572,0.0007450679511433591,1.4737805302952145,0,0.0007651978703210567,4.911399376875978,0
0.022035124256725137,0.3104252401243587,0.0011664206167398897,1.2810924215115551,0,0.0020474970116869523,5.167640048571009,0
0.2629220839085938,0.27542295196769473,0.00034033459247480606,0.7529214472747521,0,0.00040761921410336385,6.417056572051413,0
0.1862461990288127,0.2667524161356881,0.0003216069105637139,0.8159223641570733,0,0.00043310796006982205,6.361155236089933,0
0.07791844862384914,0.25823073346076336,0.0004453312700633038,1.0287438780088205,0,0.0007012427353966592,5.742729722128631,0
0.03367884610408424,0.3011293027138784,0.0012527928757021041,1.321802001935013,0,0.002037236073776555,5.135534680977718,0
0.037467291793957545,0.47220467686998135,0.0006719442064972951,1.4439741568778728,0,0.0006897998913354529,4.913970659119479,0
0.19774836545309976,0.2807213304798796,0.00032737762737159056,0.8164866807045833,0,0.00048196863206277467,6.3678006721869185,0
0.0444334009200175,0.29328379309413904,0.0012306346853542792,1.2827254959005012,0,0.0021195646470352006,5.141930289802071,0
0.02359089800914841,0.4822619396947108,0.0006389814012860463,1.4848546289365032,0,0.0006906480698193896,4.915751078994423,0
0.07694898939205877,0.25799581739924254,0.00043439311419712543,1.0332418987575511,0,0.0006610892747809257,5.734867346686478,0
0.028560367220020463,0.4678086655290614,0.0006490482451759502,1.4763015172318323,0,0.0007520668750489183,4.913480220846131,0
0.040452942971139744,0.26093259494029236,0.00044928581766128233,1.036349219647844,0,0.0006936668585943102,5.718582558728967,0
0.18447589905305015,0.27403217747584463,0.0003134018096740711,0.8280053371119709,0,0.00043111901013054277,6.358363037296401,0
0.032601540396905944,0.31980343701567804,0.0013649868526321432,1.281778972662399,0,0.002456928561745586,5.127246847476338,0
0.045817438543780425,0.23838476888911705,0.0004369568142107185,1.0569868942197451,0,0.0007302830719054246,5.75173928283539,0
0.02699071193284937,0.7816253552242468,0.0007085654191943568,1.5103732634023155,0,0.0007665229583048109,4.914071296238579,0
0.03845550559618478,0.30473478012467253,0.0013239024851884893,1.3031023647708422,0,0.0023210037259207257,5.131098268064507,0
0.22249040931257275,0.27556383466516593,0.0003211864295487824,0.7712063072682519,0,0.00039288487055609035,6.385721929056121,0
0.24854768954019496,0.27514360486692285,0.00034805247428585154,0.7825224747865869,0,0.00043353280765784136,6.423023062888888,0
0.027002105582475885,0.2880926116789938,0.001226680761983606,1.249112279236753,0,0.002150022551814991,5.153685265666711,0
0.019838018650152597,0.7747977298940495,0.0005584565866461571,1.5500402610790012,0,0.0005383489364320481,4.909503501520268,0
0.06749880785269546,0.24463577095100358,0.0004096662278604515,1.0873834084410892,0,0.0006936582445278952,5.7852623567728685,0
0.025192806971645228,0.7696698971098122,0.0006899989221242648,1.477840855227882,0,0.0007924118451194617,4.914291370783198,0
0.06354386313319216,0.24804677294447283,0.00040680848167934283,1.0658056348437914,0,0.000702183510990384,5.780344140604986,0
0.2636696139244101,0.27880854244943243,0.0003291024054225861,0.7437642261502515,0,0.00041162004757834265,6.404385750893325,0
0.025989720378304562,0.30713426944887445,0.0011238178884575459,1.2876111040587073,0,0.001862834575551217,5.162580017964569,0
0.06688185435768562,0.2471334708681686,0.00044240583801829234,1.0426561302693524,0,0.0006740434898660276,5.740042468053466,0
0.010798457547557691,0.7860912595427602,0.0002984730812427333,1.6549434201604072,0,0.0007667086560232016,4.913929779671187,0
0.023583802664705465,0.30543861003260814,0.0012338274158056328,1.3480116980549743,0,0.002131039400639658,5.149326576509206,0
0.19997722337915322,0.2676759911099466,0.00031792849968233553,0.8160388938734295,0,0.0004301191321248839,6.372035030488894,0
0.24992383304262894,0.2754576787408264,0.00034412576441555524,0.7800950203626733,0,0.00042193132272719697,6.42514066519902,0
0.03144269867472268,0.45918227060069705,0.0006969956545175525,1.3787675584005676,0,0.000687199446733838,4.910763111521825,0
0.049149470152959354,0.25224239623976946,0.00040922377434078665,1.0513788031501785,0,0.0006615409668574705,5.774531328960594,0
0.027048634484415503,0.3172298035536612,0.0011685917524275416,1.3356405905141222,0,0.002012089606094465,5.15631617363968,0
0.06216954799291759,0.2537669396644686,0.00044134788888808903,1.022578541824023,0,0.0006828781758902256,5.738486307015403,0
0.021044769483021364,0.465242338042234,0.0006466282886988484,1.4720418913660462,0,0.0007363689991165242,4.9185937870823935,0
0.027970034792323354,0.30627708944998855,0.0012962612128768018,1.2955846329064054,0,0.00227028503948037,5.168259957184591,0
0.18596611816583727,0.2788960909179086,0.0003117827380882259,0.8156947758577225,0,0.0004311513051311153,6.362963259917457,0
0.05207048996685809,0.25097332207091,0.000413179893847534,1.0935137757825295,0,0.0007378856848646122,5.788445729982497,0
0.017983720889257475,0.7820550706848556,0.00071265677708484,1.4158547786904476,0,0.0007601904580015348,4.912031336512816,0
0.021360584070509135,0.2976227479846367,0.0011930718126094552,1.2728690800397844,0,0.002022301342765544,5.142583700698326,0
0.2581230934872498,0.2780651677533111,0.0003381563331723045,0.7420798418284357,0,0.0004189752662318466,6.42445300807479,0
0.20532647003798554,0.2699054141591802,0.0003116223183455397,0.8080373074228714,0,0.000419059666531466,6.3565060690635145,0
0.021675359841622416,0.3048691061053812,0.001271398533422598,1.2676191929832412,0,0.002286420197641652,5.12451777955205,0
0.025009523753978444,0.49569857024183156,0.0006898099138659289,1.4764623708479752,0,0.0007567877558701172,4.9141312878546675,0
0.07310671605974026,0.25854535655728705,0.00044531947037603354,1.046259281544899,0,0.000684670542555683,5.730098194091751,0
0.04977763478777199,0.2511111727182896,0.000450034108690828,1.0626731959297708,0,0.0006998675297813468,5.742531692847631,0
0.04055884400977762,0.4611509622048826,0.0005516639891659697,1.497609486681373,0,0.0006742613519892822,4.921645556482712,0
0.020003439184614523,0.3092322093364718,0.001213151017468481,1.301167400595443,0,0.002022026085766468,5.137760300736235,0
0.2030268514207067,0.2721463655739578,0.00031444509281020847,0.8192452178241142,0,0.00043281904548371703,6.367901750893874,0
0.05489629020666288,0.25342980485606903,0.0004069756131824454,1.0922574110113419,0,0.0006966247635284368,5.7761004557287885,0
0.023878304603550383,0.7829914462624544,0.0007388668676045408,1.4641471245695115,0,0.0007578652856735031,4.921449237999739,0
0.04329377357935207,0.30792152817320323,0.001182890522566071,1.3116049303124022,0,0.0018829805462156847,5.16648482279241,0
0.24650371205705454,0.26755490988111724,0.00034360847606073605,0.7663275444793435,0,0.00041559487350646234,6.4230337187427,0
0.2610401355493211,0.2752085465453226,0.0003342653558568826,0.7378684174097188,0,0.00040928907894142676,6.424047261155045,0
0.050768914427417156,0.24006134564355722,0.0004199586755678367,1.1111601240851203,0,0.0007326997928700252,5.7852396805036435,0
0.032997784475750774,0.29388105299434897,0.0012064112413971567,1.3165427851393374,0,0.0020556263153220008,5.177989236540184,0
0.019410328602494212,0.7724046054287755,0.0005465480630607042,1.5520812506963495,0,0.0005176848859545997,4.908893994317935,0
0.06349117473587904,0.23890061255343595,0.0004178891899993371,1.100846494862396,0,0.00070792409447098,5.778128627241766,0
0.02594204412476725,0.7694045406598944,0.0007291412670634967,1.4737158614421777,0,0.0008149843207357989,4.909699588265181,0
0.023754297698184892,0.2743739425784665,0.0012703210883050885,1.1867944958367658,0,0.0021751436344997857,5.154192039201127,0
0.2559856710182891,0.2691217842221515,0.0003300549384962522,0.7662917514707024,0,0.00040711939092759526,6.411260914780174,0
0.019635128152542453,0.30575615562113106,0.001308827947432441,1.3376960399111326,0,0.0023922715120992875,5.1242967765373395,0
0.025842970433249804,0.4677592014158005,0.0006340640504661392,1.4495749561604958,0,0.0007193718619842903,4.911776707756045,0
0.19323931994042162,0.2779261448966887,0.00031855069965897086,0.8045113884210642,0,0.00045610361939327595,6.360982107262629,0
0.0803985136057375,0.2547421361193609,0.00044144642902312894,0.9811974793723878,0,0.0006638637665975658,5.739297229701977,0
0.05952066581241662,0.24323581944639502,0.0004020519128162513,1.105632717365992,0,0.0007056532238651192,5.790496906800329,0
0.03710358684619286,0.5089057689774943,0.000675616178015357,1.5046558940289225,0,0.0007463533655672731,4.912953438829192,0
0.01987403827068982,0.32225546678663686,0.0011805427222962663,1.3291649188811003,0,0.0020636600834304146,5.165620364913066,0
0.26474018347219913,0.27707762320065654,0.00034496668434460696,0.7438295444648119,0,0.00041740744087496854,6.41982267492838,0
0.0618260762073885,0.253699861890297,0.0004640269266028394,1.0409856375787667,0,0.0007169327130120762,5.735767559493633,0
0.030661438358292735,0.4542662489565468,0.000704991950737859,1.431031157527487,0,0.0006937571144930443,4.911653431495326,0
0.02667192968576272,0.3093260607730798,0.0012719328662630757,1.3059292828381626,0,0.0023222735102683273,5.113606707344211,0
0.18390140017986883,0.2688757390009013,0.0003126747817557924,0.8109289113650856,0,0.0004287542404434072,6.3798268646524114,0
0.07869302888044155,0.2601423263764941,0.0004335629466018671,1.0177057283180222,0,0.000671308936058191,5.746475966907886,0
0.014271906819708004,0.7855462255764124,0.0005860130747971511,1.4562202519191105,0,0.0008112591557870065,4.914027249131329,0
0.028312441862420663,0.3027116305556052,0.0012046617167393574,1.3930826738032076,0,0.0020568083343301883,5.162295321569809,0
0.21193223213157925,0.27667933562592817,0.00031699718041908626,0.8314662514489529,0,0.0004414306882934305,6.381700339344926,0
0.19102182872376247,0.27461475547461806,0.00030919576725201605,0.8122623984101435,0,0.00043500499842056845,6.374810268085231,0
0.06657926176188679,0.25342498567333255,0.00044189366831572547,1.037345752954887,0,0.000673309327153652,5.746875261632806,0
0.030872140401208295,0.30957420508195205,0.0012796084758806918,1.304503834966291,0,0.0022051706036520964,5.146113040956586,0
0.03135967306490424,0.7751264730976465,0.0007477822611592523,1.4657073274795298,0,0.0007626260196732838,4.91241219846548,0
0.19309417644567023,0.27280771401786225,0.0003217420918549181,0.8142797412852891,0,0.00043097349678874536,6.361167117426241,0
0.012792681315905448,0.7720863503757714,0.00024244121480774899,1.8317135366724913,0,0.0004693951271228598,4.913208806026088,0
0.06572031749299795,0.2605834762070323,0.0004415845136962366,1.0103698847813298,0,0.0006847611172753316,5.749955748993026,0
0.021760598433662515,0.3110813439372337,0.001207417593552772,1.3483870434178693,0,0.0021559212672710524,5.174546733267397,0
0.17364753437525313,0.2657576198644869,0.00031486957635901174,0.7887993022493539,0,0.00043059100858679,6.3492695030898725,0
0.043830884295201544,0.2640766785639096,0.00043868575851333425,1.057474096828988,0,0.0007033926550235911,5.706585094060626,0
0.0450332408619816,0.30368662401965857,0.0014106184286092947,1.2927139694143674,0,0.002113469145961417,5.113540969032338,0
0.02615777216854405,0.7743905673253856,0.0007283306142069839,1.4771969848797633,0,0.0008074222482177355,4.915848259829753,0
0.04112132026843554,0.29437046185084403,0.0012773842307726034,1.278858992356366,0,0.00216434025042693,5.163233084134992,0
0.024400372962392624,0.7659781012434316,0.0006887554495236828,1.4806285259749505,0,0.000782178719655859,4.9134101653740565,0
0.24066307238093865,0.2718066836769316,0.00034420752566196087,0.7799762820147536,0,0.0004272311128502634,6.42893863156073,0
0.06430911819743225,0.25593926466288647,0.00039581919667783726,1.0911873591524164,0,0.0006606330107819044,5.7879010102621296,0
0.06382047453795733,0.24784182059285045,0.0004134991752046392,1.0957382924917016,0,0.0006932091192747359,5.776506649896728,0
0.02141895355942776,0.7942781531897063,0.0006284325643223874,1.4783798635669838,0,0.0007712691025421533,4.911584571166062,0
0.024529885569910856,0.29709129332781786,0.0011193097655908264,1.246532193863695,0,0.0018771328474132124,5.170989481372213,0
0.2730334905666233,0.2761053192584998,0.0003570159132905592,0.7622504528195764,0,0.00043440637538586706,6.425189437631296,0
0.049351913032013486,0.25709533746639396,0.00044332608647054813,1.085730841495048,0,0.0007394840910234904,5.741824103261912,0
0.03953988780497639,0.45111729930387534,0.0006798944021343289,1.4369928067574715,0,0.0007291743493810869,4.916926987197071,0
0.020837233853306707,0.31003996323766486,0.001273074983888921,1.2347206464273426,0,0.0021971570687075626,5.1079514112868525,0
0.20429027308402897,0.2732180793448218,0.0003208384859955957,0.8315003626689306,0,0.00040612330952794796,6.394126252994704,0
0.06465270538547868,0.24708516257515048,0.0004240664979700354,1.0639209206351339,0,0.0006659596741096442,5.781811365298724,0
0.022774292738027797,0.7730450242123622,0.0007057067083686546,1.4862308610591888,0,0.0006944674045736325,4.913786189614215,0
0.024559805236329106,0.30426792603134345,0.0011614436936396388,1.279808787451644,0,0.002049048701634913,5.17408843130018,0
0.246753941715719,0.27776048757365496,0.00032841003525034654,0.7457437990558035,0,0.00041198306546845953,6.402153379307916,0
0.1890880320774161,0.2716872501697523,0.0003131720788693764,0.809992839495053,0,0.0004157820071456074,6.39259122068887,0
0.025247558695007354,0.47789973022283966,0.0006560540556213945,1.4686462388457546,0,0.0007860581481318639,4.91064576104386,0
0.0637033673131515,0.25987938257865817,0.00043752067864014023,1.0328877516767112,0,0.000664060089893114,5.7481670631365995,0
0.026790619998665652,0.304387155827391,0.001296552247503452,1.3474647026844853,0,0.002197528799742301,5.140913145190993,0
0.06291658031940746,0.25308145574596386,0.0004616857661645691,1.0416189974565075,0,0.0007120488788318893,5.732688001090421,0
0.028412994511765682,0.46179263281733135,0.0006760335934817946,1.4471152394529208,0,0.0007247005186993111,4.912298833804808,0
0.031129249847135287,0.2990988092296409,0.0012572101000970295,1.293954638377806,0,0.0022120998296538573,5.128721507464832,0
0.17773872681874942,0.2760480816644129,0.00032403988047974676,0.8131989463120715,0,0.000442750675232795,6.368508144605363,0
0.2233734691224123,0.271066935420916,0.00034324857219734315,0.7637551420714916,0,0.0004185493049210994,6.432006301157686,0
0.018439130998312358,0.7779448323160636,0.0005284067065204141,1.5565363356137838,0,0.0007149700813205644,4.908662291408721,0
0.06332179355011826,0.25124193892004687,0.000412589646603713,1.1103158757620502,0,0.0007035211924626754,5.789373244248061,0
0.024942733578255327,0.3046156907242624,0.0011633692975696595,1.266583812225572,0,0.0020541405150450295,5.16602876291481,0
0.026467933580289454,0.3092319617035105,0.0012725055986329884,1.342071066087851,0,0.0019708945757391924,5.130460811831701,0
0.02999649863166398,0.46999505735135677,0.0007705195706591848,1.4762014035260589,0,0.0007417679732735269,4.912309565533276,0
0.20102924234479627,0.27311952143560314,0.000302016396401588,0.8132863813933904,0,0.00041181050089164677,6.350482536022632,0
0.04280767828220866,0.24699138194661163,0.0004666539366615792,1.0471215175041548,0,0.0007203635644704849,5.725413893461784,0
0.06551002750526656,0.24457485537394824,0.0004456699706986176,1.0924847675651794,0,0.0007266596875761226,5.743825311332675,0
0.029690965548611666,0.4660994432160789,0.0006678137469652856,1.4445752606010636,0,0.0007249317358782797,4.913096621677009,0
0.03313474307349325,0.3055019321974988,0.0013143142208265372,1.3785285345924638,0,0.002285179347117962,5.119768565755718,0
0.24105319674239045,0.28042241388725164,0.00031995792129903993,0.7677484250207213,0,0.0003797625685396822,6.373186961854133,0
0.1878915149604583,0.2715013355467825,0.00032378393386780667,0.8071159760151891,0,0.0004432371248460254,6.364784786161167,0
0.0727952586055659,0.25452543729769866,0.000423871584591997,1.013485819673077,0,0.0006596628465306121,5.759461996198795,0
0.022267926906678448,0.31141752829646,0.0011582966649910445,1.381958889308075,0,0.0019342980081516186,5.193369850461491,0
0.03424144891285773,0.47173247759967923,0.00047521366926581084,1.4538582671857097,0,0.0006811639714374631,4.923584231329029,0
0.053388891658935095,0.24950681961411628,0.00041576341403200105,1.078012331148905,0,0.0007193449295703817,5.7846160465356675,0
0.01836712209433155,0.7760391215031984,0.0005660045413610263,1.551381261195439,0,0.0008516507258817661,4.908768855830859,0
0.021836090724703938,0.30742084122462054,0.0011367898003640047,1.2623781195131432,0,0.0019595048790286094,5.167975618684225,0
0.27100221174835376,0.2764731605244689,0.0003371375702556495,0.7540332970336497,0,0.0004160322971678355,6.429795072069359,0
0.060876258275309555,0.24168031507502438,0.00041841633279531156,1.0861663999134432,0,0.0007214944896445219,5.748452075455672,0
0.025349557722298247,0.7746883410714555,0.0007061546265575209,1.4763750882295485,0,0.0007628651088773315,4.91182783130228,0
0.025916111443551382,0.3166546938418401,0.0012688131399794839,1.3357311835824999,0,0.002251766316757129,5.135915988038814,0
0.2624810129950034,0.2690869830734334,0.0003360365273216874,0.787214798101541,0,0.00041704388097795175,6.375795745571303,0
0.028019066380679664,0.7746459871419589,0.0006368267019172132,1.51660649510191,0,0.0004968053256550819,4.9151361407810015,0
0.0315504078579904,0.30298335370394586,0.001195769612182115,1.2615865501096413,0,0.0021104482503967285,5.157891425427011,0
0.05743974742835849,0.24996985823641235,0.0004235091016024569,1.1315595479226228,0,0.0007341560917557961,5.7823873134344055,0
0.23499057254358413,0.2742594280669222,0.00033791420424549956,0.7696385096403402,0,0.00042175855926977507,6.4172621146066176,0
0.013031352866442199,0.7986195217462874,0.00024346894047721105,1.6544356731498662,0,0.0006996653266615726,4.922236161122773,0
0.06788686694221191,0.2547632200239486,0.00043521656702791875,1.017162314444148,0,0.0006733267689551429,5.738515749179424,0
0.18171278007033503,0.27406889305636517,0.00031602257810746604,0.8020573568925574,0,0.0004368578203936658,6.375365144380106,0
0.027640172690131817,0.2894684980570586,0.0012605938959120834,1.2398289089140495,0,0.0023429588487194845,5.136441991427333,0
0.07025177810233889,0.2551895671956965,0.00041505783287431176,1.0933297404323146,0,0.0007058182750168653,5.784945311053485,0
0.039251255449419584,0.44943241808327,0.0006504650894265449,1.4647393369600672,0,0.0006997163262738479,4.916332279311076,0
0.022364216169091983,0.2759586093767167,0.001216640309269896,1.1740630784493251,0,0.002049461135489,5.155827631270902,0
0.24785260321420283,0.2691778979221114,0.0003430189245254228,0.7186234149249451,0,0.0004144542407859242,6.429731409298099,0
0.0575060366893142,0.25971032592515686,0.0004455936313162868,1.0378229781794053,0,0.000701128919466174,5.7310766084069185,0
0.018056289794758876,0.476888726903498,0.0006852615095623855,1.4478683291506378,0,0.0007655833876088602,4.913886828463908,0
0.023396608438320483,0.2956094955769233,0.0013170154637460682,1.3390841189027005,0,0.0023554189971450087,5.12556455595504,0
0.183938772080526,0.27931935217636744,0.0003066580653834836,0.8057633575814098,0,0.00039459540664452163,6.354382350296906,0
0.029955217392195907,0.2913408433456481,0.001297149323163417,1.2607509025850967,0,0.0022946521471328184,5.136390254316043,0
0.0361252197059458,0.457601321589214,0.0007278978911636831,1.4185682883773039,0,0.0005114936916637462,4.910791638468412,0
0.26970214454164565,0.2713160201271534,0.0003226747076584579,0.7762092199686426,0,0.00043541299217399215,6.360677969593379,0
0.06339761249548553,0.25446396123532,0.0004256017011512442,1.0273562698276681,0,0.0006531252314444267,5.748120586406403,0
0.059337978290433524,0.24918462417160786,0.0004442883318517278,1.0210902863057079,0,0.0006691265341444195,5.735263523021746,0
0.02560748158530926,0.46840736226266255,0.0007096481827478596,1.438571662910722,0,0.0007351408444921503,4.91218185315121,0
0.0303043106444417,0.2897513172332245,0.001267930584232109,1.263657936080763,0,0.0021067174597760355,5.143888839009325,0
0.19093279912367034,0.27272907265165985,0.0003108327725300723,0.8052134233626419,0,0.00042239689364034636,6.36142728584804,0
0.033045938872600156,0.2969474435743697,0.0013455744114535626,1.3852333662600087,0,0.0021831304567385837,5.135190477561745,0
0.027459270047272832,0.47722208989766457,0.0006500842783619017,1.473271014575623,0,0.0007477400727033915,4.912444499677591,0
0.18689784208198384,0.2693520514232586,0.00032754812596624746,0.8356465283316951,0,0.00044652013650211696,6.382285826181864,0
0.06966378631817564,0.2489894100388662,0.00044398021421975615,1.0279073152950031,0,0.0006542016636443218,5.745927783169218,0
0.051598704266840656,0.24999999313681556,0.00043166125347619664,1.0047766370604019,0,0.0006626947917822759,5.732910539482888,0
0.028003888661046646,0.7735405634109629,0.0007365368684316033,1.4639467980104015,0,0.0007854523060584699,4.9136298868774375,0
0.03570211899494187,0.2940148316172126,0.0012802520294575219,1.2671523384341312,0,0.0022160902761196094,5.147001776088779,0
0.2048056136213154,0.27255513407051385,0.00031432384358571623,0.819327491006484,0,0.0004295190485421029,6.374621220010583,0
0.05287441369325345,0.2564899844801998,0.0004512979400095575,1.0651221405437579,0,0.00069770826549873,5.734009440763827,0
0.024878163746211632,0.4840097646833626,0.0005517668202072053,1.456292953864773,0,0.0006979240692822962,4.9184989212429,0
0.026363900986313964,0.31921808036153654,0.0012633989479378855,1.37453131675058,0,0.002324650908492603,5.141787438788392,0
0.1949215038054181,0.26709378063747036,0.0003289034408564797,0.8128885295729475,0,0.00044582133669082556,6.37400448251122,0
0.017773594294410847,0.3180102412204866,0.0011268523997021395,1.2841932056474281,0,0.0018360679835964194,5.178116391801386,0
0.0172033697929872,0.7780077356359262,0.0005478524746795226,1.5525930445460694,0,0.000810467594683954,4.906167820906048,0
0.2259674166177007,0.27187561354459083,0.0003413238752960934,0.7547275097541369,0,0.0004268562592993442,6.418500115728838,0
0.05247691477899795,0.25486163435062614,0.0004034992790404109,1.0814607109249876,0,0.0006935918395821618,5.785858468379101,0
0.2521189204660759,0.28023291174726933,0.00032669455640243035,0.7875074225764241,0,0.0004209708457009786,6.397398086208911,0
0.03821126636052166,0.461816174776303,0.0006484208423399638,1.3945234142451812,0,0.0006770300079010194,4.920229918433646,0
0.05645498396917929,0.24086156704556688,0.0004377101322931936,1.0761667052176034,0,0.0007682491900644694,5.766107656978564,0
0.028471190032228116,0.3117916046987672,0.0011376497872141503,1.3370748616267207,0,0.001996582188380339,5.154291173163617,0
0.061090753630952024,0.25165320532761515,0.0004267853007647932,1.1057625678559568,0,0.0007401534390896469,5.782194106676994,0
0.021094804962119722,0.7841042452313289,0.0007144951867299127,1.4876526907144707,0,0.0007152838822450454,4.91859131910634,0
0.028232884877717586,0.31588029153046127,0.0011847809799073873,1.3032140043967568,0,0.0020905549744158875,5.1562040241162395,0
0.27148169014349854,0.27602445012306415,0.0003335089741629248,0.7757986036143599,0,0.00041338311560836324,6.42728419610847,0
0.05525422709658684,0.23866411414952496,0.0004167350736603861,1.121713640718504,0,0.0007292905698137116,5.77955697899417,0
0.02843483154863919,0.46835463419499884,0.0005079883611868018,1.455416872340573,0,0.0006416137576612499,4.919987432327236,0
0.03718925122878744,0.2988576338857226,0.0012371042964765238,1.2803649908794184,0,0.002128234953619639,5.137549638864829,0
0.26977564200396814,0.28160789215815485,0.0003335369531760767,0.749457061580491,0,0.0004180077172264265,6.407385405122021,0
0.1814098887825726,0.27285348283940186,0.0003162678380707311,0.8110095580114219,0,0.0004353022112648585,6.373223964085096,0
0.06242904892281556,0.2567304848922542,0.0004422788019593595,1.0134965766770978,0,0.0006776666038241222,5.73763733109781,0
0.022445257185887017,0.31589356986700656,0.0012318326454395906,1.3255787636929695,0,0.0023395916081289506,5.139653101630913,0
0.02449816938942891,0.7757977156415914,0.0007040386359306349,1.440335122896202,0,0.0007598228049254589,4.915244438323459,0
0.03934218992271966,0.29571630835163004,0.0012010967979511399,1.2917020810732562,0,0.001972314247710079,5.18626383079317,0
0.05747096525721439,0.24439159767950625,0.00041066666926721106,1.091148279528755,0,0.0007052285326049746,5.787982647389474,0
0.017357599171952336,0.7872875844449819,0.0005370174583140461,1.5557671447566566,0,0.0007704991632839711,4.912262021267896,0
0.2275265612588808,0.26427320128159754,0.0003437327443539541,0.7690801620073053,0,0.0004166270528320995,6.429322428232603,0
0.03069591537445207,0.4703482811901459,0.0006878677169082487,1.4155993256626456,0,0.0004902657289414732,4.915102504676495,0
0.03941567982237915,0.2602653600610761,0.0004650827830748375,1.052896248675416,0,0.0007216170853076184,5.707731335154119,0
0.18594130096169373,0.2676355535231131,0.00031573130937822733,0.8210832397356687,0,0.00043146242153867064,6.365078334030342,0
0.021022569203425573,0.3009442069401484,0.0013933856694526348,1.3353250750936514,0,0.002535259278002311,5.117100794732543,0
0.02734017950086698,0.30319158360387954,0.0012511005125947735,1.313065415443256,0,0.00209686985779194,5.1329952382773785,0
0.032982918178578895,0.4584890526391009,0.0007551380227322598,1.4860646034044618,0,0.0006959507101625572,4.917121234574369,0
0.19571799861571038,0.27810848417015366,0.0003173006151557026,0.8267867663367967,0,0.0004286928087648682,6.3559083518590995,0
0.06767217827935168,0.2635696264473411,0.0004465235820259522,1.0321323368081083,0,0.0007085666434843021,5.727900736641924,0
0.01743453054246292,0.7791090462864668,0.0005512339731471278,1.5497841180627108,0,0.0008408487443038512,4.9112600032277465,0
0.03927664459997841,0.30245007983549577,0.0012094719195449167,1.30051777844736,0,0.0020337198883280446,5.172467674243511,0
0.062001591453096666,0.24220982802934365,0.00040570307846667336,1.0632209128388066,0,0.0006671584215403887,5.78140823552078,0
0.2642612824816396,0.2723973051438412,0.0003356641037492752,0.7550851381347932,0,0.0004146292296961818,6.433678712478128,0
0.05477471298482775,0.2596635323645034,0.0004040760663092456,1.1071634364569198,0,0.0006971415089605511,5.7857478458989196,0
0.017384275384179408,0.7815006754216968,0.0005489349019546369,1.558573338475857,0,0.0008105464172396803,4.905940922930637,0
0.02942921623665863,0.2792862849295921,0.0011559976341541764,1.2451187110848232,0,0.00200209085726864,5.161989206581531,0
0.2537291050176699,0.2703859024196474,0.0003447274116194745,0.7713981821620729,0,0.00041740794751348023,6.417951944571989,0
0.02355569981826093,0.46985595066957475,0.0006905282643733554,1.4992476568981932,0,0.0007141868728596422,4.915124499614969,0
0.06586798844837705,0.25251785449008923,0.0004306939140367948,1.0462739956165195,0,0.0006635473119177459,5.733608957363118,0
0.196763508802433,0.271385056388948,0.00031275828868873313,0.790551920398282,0,0.00043615422622931654,6.3649301888542675,0
0.030856403413468396,0.3118683045222085,0.001293418439108757,1.2923615273470666,0,0.002148934521225124,5.120351526334318,0
0.0686869169929691,0.2692419480301925,0.0004284570948907815,1.0164139415659175,0,0.0006641475090782069,5.75484138915834,0
0.025367701926151547,0.7748100460888953,0.0006982694289288412,1.4783313723939058,0,0.0007488493933866181,4.911108875430777,0
0.02540843103858615,0.30780909145430246,0.001214649519356704,1.3771362462492054,0,0.0019321582180124295,5.170539185382135,0
0.22168587266569498,0.27233859503580055,0.0003229343627834568,0.8179247933684333,0,0.00043380406473818696,6.377541930787462,0
0.07407909333127032,0.25183198581968075,0.0004396592669924718,1.0068871366108272,0,0.0006803729942638721,5.745673074932299,0
0.02693374023641136,0.4739216842538017,0.0005552297202450965,1.4439391746459018,0,0.0007181560547258981,4.915914646206012,0
0.02255992570054688,0.3113343414637128,0.0012901259510696972,1.386664560509817,0,0.0022218254146206865,5.161756030754464,0
0.18564904793396314,0.26974421576423646,0.0003217797494383619,0.814131865414091,0,0.0004447568015356365,6.375656298121864,0
0.17862767853563055,0.276120998816942,0.000317870694102137,0.8342912348605385,0,0.0004232004646761444,6.361603395140989,0
0.041138839661816584,0.25858222865202696,0.0004592180190289743,1.051379905574384,0,0.0007277769517316657,5.722488323551266,0
0.026195612807820075,0.319185060452533,0.0012815124721479122,1.2981549680765052,0,0.0022426108495634954,5.121081715417381,0
0.033565192932283064,0.4486433531836297,0.0006355546645546295,1.4548360988971363,0,0.0007513803352375997,4.917807821915399,0
0.2463007843907269,0.2753286128014875,0.00034838898408444884,0.7608055357116875,0,0.00043774153182140046,6.41662179736842,0
0.02900083710128524,0.4752084257442445,0.0006699070299206786,1.4455174428181525,0,0.0007909781792103554,4.913221669985333,0
0.07203194875436338,0.26025003853580236,0.00039236581834581666,1.0748601611947755,0,0.000651334788252133,5.786056512782565,0
0.016945138748696627,0.3104958609214995,0.0011114466654066671,1.2814121183619525,0,0.0019529072251612777,5.159811066667521,0
0.07026551262186483,0.2552275414140887,0.0004104406865772097,1.1213183109185991,0,0.0006962250248054296,5.782929691976704,0
0.021248386074474955,0.7830741625945382,0.0007118842430080415,1.408535589271823,0,0.0008631126189520689,4.909541005353168,0
0.03201240086778098,0.28121959821664266,0.0011800565988593537,1.27101487436827,0,0.0019017945249908935,5.153443386470598,0
0.2482234541593294,0.2718125126787225,0.0003312947051771414,0.7334093175305834,0,0.00041058778815102087,6.4217710268552475,0
0.19813159932943752,0.2668523715103424,0.0003268552456577443,0.8050070179051643,0,0.00044183121316106926,6.353801322322946,0
0.046640296652592984,0.253069186691384,0.0004352476698218865,1.0361883944522192,0,0.0006789089623694728,5.714483255651382,0
0.03977401766345762,0.32107363419204127,0.0013657689382383649,1.2650309182562516,0,0.0024486711521639194,5.123379876656255,0
0.016688254857708123,0.7844351086254215,0.0006877041746906347,1.412902458548925,0,0.0007133582201196531,4.91762067386072,0
0.030391523536865597,0.4679793796875215,0.0007325146998137308,1.4398192109137453,0,0.0004961048494187033,4.9123844771751495,0
0.0507514042649336,0.252143223795207,0.00044094673080162945,1.0476631120886766,0,0.0006779581572722791,5.727608751313119,0
0.1812525949756399,0.27690200681310856,0.00030750597018992115,0.802605838379201,0,0.00043776814955410434,6.36396138678013,0
0.027188192676311514,0.3094131966730661,0.0013292173327908155,1.3023854582172245,0,0.002353338533383879,5.135459496468181,0
0.2611949374097735,0.27057051941332966,0.0003293438755985975,0.7431636805293976,0,0.00040543722268050335,6.411450200323948,0
0.022837955462806453,0.7683110745896896,0.0007280979280356136,1.3257232375776966,0,0.0007119134895152317,4.910878600905653,0
0.0525088247694121,0.23772099349552073,0.00040366154758884036,1.047823704343596,0,0.0006923118862479024,5.776204193849233,0
0.0297847688021059,0.2866395601144098,0.001178963968544152,1.2895939008832873,0,0.002010058269204927,5.159426059358706,0
0.05812067283810883,0.25101572530631466,0.0004278360280555368,1.0668023833336808,0,0.0007140898957253377,5.784374133554351,0
0.01029774957469098,0.7837450043633191,0.0002715713922980551,1.831720503322932,0,0.0007573998321920131,4.913474818779096,0
0.034012515194082604,0.27919606366279254,0.0011941794723544469,1.2527332189236486,0,0.002049770529626992,5.169284368210699,0
0.24760252903923696,0.27333316830472326,0.0003385750868947595,0.7684497831853991,0,0.00041642903355226156,6.410597379826603,0
0.056409384948791746,0.251313072953743,0.0004488287273006825,1.0299509545477414,0,0.0006933089732991058,5.745238891227087,0
0.02596919617104852,0.4715892872663666,0.0005648606572680637,1.4936089545844957,0,0.0006905770190069159,4.918908917496182,0
0.031497023690643396,0.30703431391273095,0.0012754284633909486,1.334167684265903,0,0.0023215520199471457,5.148143619519517,0
0.18562968715897699,0.27591650781206295,0.0003246779627614265,0.8292940097995528,0,0.000445975789554679,6.375251712213717,0
0.03125709632647113,0.4723228963863521,0.0006790037409906329,1.443805998507082,0,0.0007458733705038861,4.912095177751935,0
0.06551764068397266,0.2485772756242609,0.0004534805607042177,1.0697980704244479,0,0.0006975323784142092,5.743538168893348,0
0.22723328876846957,0.2772462680377916,0.00031142544777510394,0.8236305348722145,0,0.0003982058058469117,6.372500575954353,0
0.021436564491704814,0.31273425406117095,0.0012943909833667932,1.3925550686624781,0,0.0022720894390816466,5.1539061971984514,0
0.22725993960360352,0.27536304428921593,0.0003218222660016499,0.7706063154308105,0,0.0004332175536617509,6.374968661785405,0
0.0276832592105221,0.4647065170410953,0.0007052095780176941,1.4886247178494885,0,0.0007016158735159443,4.912709034170388,0
0.07331379942956903,0.25567886924307764,0.00044457756032671155,1.0161501392747985,0,0.0006817279217530037,5.73615532314701,0
0.034498864096949064,0.3125119293753795,0.0013190760974737892,1.3829678420368041,0,0.002097043989408894,5.141271261871993,0
0.05046171695096642,0.24206974892317892,0.00042103161003374063,1.0435946033568582,0,0.0006659368920351084,5.744031583212894,0
0.029373626602938227,0.7738960873627929,0.0007216934339907363,1.4557289527369193,0,0.0005565997381998475,4.913574934540152,0
0.021172675704942273,0.29441551137356176,0.0012171350261304154,1.2418563515798393,0,0.00226015269136264,5.133063025884123,0
0.24031901602098046,0.27524348643279156,0.00032511698983847016,0.7847489720518457,0,0.0004121529614139721,6.378430557582434,0
0.1761945877904916,0.26770256274354154,0.00032587918035569945,0.8206775454994377,0,0.0004449670429604961,6.367049013819043,0
0.026301285654333935,0.3006576600768925,0.0011937377786566756,1.2942468999344177,0,0.0020949873019217875,5.144130555755845,0
0.02978094272103113,0.47751951506574153,0.0006357124431890129,1.4580937765882522,0,0.0007352034965749307,4.9152796434654835,0
0.07208532743907198,0.2571365113601117,0.0004591113035687251,1.0375657977968307,0,0.0007150769487166747,5.737200615234221,0
0.018570415104346392,0.7830179086251353,0.0007245684829978976,1.3874517676306024,0,0.0007490597126689897,4.9130085102202425,0
0.07043746895337905,0.24357214830693025,0.000428299988534684,1.1073339873861618,0,0.0007211862933164372,5.773320950081315,0
0.26491151724016837,0.27217597954622835,0.0003285371546757909,0.7490968499755022,0,0.0004158636997647666,6.388072973892395,0
0.022818823219001583,0.3129983933696424,0.00121256872621755,1.363023834793977,0,0.0020161065795803773,5.152521595139804,0
0.04630868251264071,0.245526771879883,0.00042893537104251363,1.1077952827445783,0,0.0007291897554929893,5.792093134469052,0
0.026844798704374485,0.7871999245257416,0.0006639466112572102,1.5366973244201467,0,0.0007327190935500843,4.916326321359469,0
0.02102201517151194,0.3085120506300652,0.0012580824923522829,1.3345343413384907,0,0.002113880429252169,5.157499771363483,0
0.2534531319936437,0.2799485584925163,0.00033481038988331015,0.7416386059014892,0,0.000414594287165351,6.423588617847806,0
0.04553323826584743,0.2647550282509078,0.00044240325149159313,1.0610631912948167,0,0.0006929537876694542,5.711285933309401,0
0.02867521121986835,0.4761987814073985,0.0006750821911942539,1.4384658384578848,0,0.0007306345464014821,4.915175940579088,0
0.029994792708810586,0.30464098451772975,0.0014787108334769952,1.2530942397892992,0,0.00258900231673001,5.115513422030422,0
0.18593408976813122,0.27144508923791616,0.0003122739368121274,0.8204603720522297,0,0.0004333050929029082,6.352031950570079,0
0.07069938060647947,0.24630477200900552,0.0004358143728388784,1.0729186553214716,0,0.0007326548429417592,5.75907085361101,0
0.027237619740338167,0.4751617395584939,0.0006011518382998758,1.4299735394268591,0,0.0006384808302613,4.916627303203547,0
0.02709583894986383,0.3100889486979549,0.001156564104358737,1.2922304330112608,0,0.0019323653450579016,5.170905999732808,0
0.19809744903933324,0.27338595534935284,0.0003286329230343477,0.8107630231266711,0,0.0004013498441248302,6.392372047028112,0
0.19849557232387943,0.2763441277326894,0.00031295026486295177,0.8349312030459761,0,0.0004399924905267919,6.379432036310323,0
0.07503962684718826,0.2587656563367529,0.0004421058521278624,1.0010177187759142,0,0.000673977036863388,5.7345159484786015,0
0.02352032460455654,0.317854845105919,0.001268247090290037,1.3778968947278663,0,0.002244903552448632,5.15717949690293,0
0.03056044526318598,0.4638233148290698,0.0007285526951532553,1.4463306139273142,0,0.0007634562448556998,4.912003503516782,0
0.052719939160403156,0.2421345486652155,0.0003907067420059674,1.0569913650287914,0,0.0006712428960135103,5.773891584802647,0
0.03197153436345236,0.45996867061642543,0.0007170161883103135,1.432974638906384,0,0.0006718920990807831,4.913556541397087,0
0.025543791504654183,0.3110978756092312,0.0012556445890202319,1.333388439814213,0,0.0021522866775311403,5.162823066615163,0
0.23009988460660333,0.2766005906426297,0.00034937232679979195,0.7550771097890281,0,0.0004374237128489971,6.4246874015686695,0
0.19293856094696482,0.27162966274323386,0.00031272331835128917,0.8096278025858108,0,0.0004215211328886978,6.366728501406952,0
0.02076858008191887,0.481873774936556,0.0006623304381323637,1.4584720871995427,0,0.0008206394608565709,4.91134385296178,0
0.07064284854193117,0.24960143257811637,0.00044746916331112925,1.0165621406253065,0,0.0006836884694383827,5.739513912958781,0
0.06601022860373189,0.27718113206474254,0.001263649419677698,1.2802327737699049,0,0.0020869488828943183,5.130608707311389,0
0.04748638026357094,0.23782791291200003,0.0004266693414058889,1.1301356320004405,0,0.0007477322628432324,5.781836240739793,0
0.030219359115013777,0.4691791658265002,0.0006043226920285681,1.4785112469876747,0,0.000733213564577969,4.918957964982482,0
0.0365943133906704,0.3042730350934294,0.0012473797409918083,1.3552158506556042,0,0.0020244896740414364,5.140513267832443,0
0.22997994307129271,0.2685503630532337,0.00032068718599051867,0.7462644150309357,0,0.00039722802399203775,6.405317384595421,0
0.07782348297042277,0.26595650704588913,0.00042120896804470707,1.033539891387342,0,0.0006263873492139365,5.755659724150017,0
0.024106046943027495,0.4694667538500549,0.0007568737078376246,1.4159124405770611,0,0.000512103843390233,4.915088437909184,0
0.027270276145462798,0.3081438939663032,0.0012694665506506047,1.352308138338067,0,0.002146766990988579,5.167277282737815,0
0.19322098108521282,0.27221990510199034,0.0003233884169724432,0.8145351422443079,0,0.0004344935828228012,6.384386380195497,0
0.06126461607768667,0.25385720633086645,0.0004288777170144286,1.0065589567105455,0,0.0006590887756419895,5.74485830944071,0
0.028432187717671017,0.7738130736515445,0.0007373792741760215,1.4589916465731876,0,0.0007658546117790465,4.912656545577002,0
0.01644242183019832,0.30146130757691214,0.0012282199845837234,1.2846381302789607,0,0.002092106564692323,5.129766858375326,0
0.20107351808388133,0.27202671701258585,0.0003197052895524001,0.834568249794113,0,0.00043642304804763533,6.379431033623148,0
0.039526030490282915,0.2469963703572299,0.0004062669896477563,1.1268661804559628,0,0.0007047288175227918,5.786145381828893,0
0.027864042516332538,0.4702498342440505,0.0006917786932576289,1.4704864111293352,0,0.0007695502757079475,4.911096090323568,0
0.05129681500247851,0.2736797290156573,0.0012183848626610586,1.2527793857101996,0,0.0020120295696144995,5.142686685890028,0
0.26217918350622593,0.2710037689207977,0.00033598508474931316,0.7322784455218578,0,0.0004168351354015264,6.428173921431416,0
0.05873521894010025,0.25786975713805627,0.00044870571336237604,1.0240023822811057,0,0.0006989258655089838,5.7375802499706605,0
0.025172225594261827,0.7771645815358639,0.0006803276529630941,1.5506262559656443,0,0.0007233114746628972,4.912671724428829,0
0.025097407233471605,0.30992688585401496,0.0012848877360640365,1.322072031649926,0,0.002241785086281299,5.132131624561719,0
0.19057846488354807,0.27225135644540566,0.00031634384138528476,0.8065272380405535,0,0.00042912761996641584,6.366306305769077,0
0.05981293825057313,0.2578552574551901,0.00044644633965478984,1.0336985641157088,0,0.0006978345990856478,5.731077211739784,0
0.043552460418974454,0.4561414773198233,0.0006451406099085051,1.472021756081173,0,0.0006687188949916946,4.921023656476569,0
0.036151375516748345,0.3045958388773782,0.00126202472145202,1.3687119739076286,0,0.002239959643987701,5.136757572694264,0
0.20523617443961126,0.27943074306728505,0.0003160519266628471,0.798084299483677,0,0.00045572896859427897,6.3605850981188,0
0.06011341802852034,0.2455928232067562,0.00040535099216761224,1.0889210072273299,0,0.0006824870113829385,5.778148068704886,0
0.017189600114707725,0.7805586876151496,0.0005417861154060427,1.5516686307907348,0,0.0007473313139592245,4.909779339784459,0
0.03010736967180827,0.29956293257764177,0.0012850686234681895,1.2903611669701132,0,0.0019975061013457586,5.171638416154552,0
0.2724335261062324,0.2735555181831602,0.0003444487512911494,0.77894324110738,0,0.0004243579389407278,6.427030825873917,0
0.032515929826272806,0.2829275781957974,0.0011773671461174527,1.2681245545761484,0,0.0019719849341467586,5.160265173342083,0
0.025550605208778717,0.47632178056237584,0.0006530891439272398,1.449455503838915,0,0.0007650136583340619,4.911622723388877,0
0.2530502706853236,0.26980392386724883,0.0003526809694780985,0.7372731352349919,0,0.00042572372249753405,6.430201511231047,0
0.0688410403537006,0.2564226042438095,0.0004022710533677237,1.0630502095158936,0,0.0006547640987302534,5.781882359659587,0
0.056747591313949734,0.24870406799894912,0.00046190652915819913,1.0789801907468561,0,0.0007641246444014864,5.747537566739172,0
0.032094163065993185,0.4641936700286915,0.0006292745924691357,1.4477846131913021,0,0.0007434127146522282,4.91278397898712,0
0.024862341611211182,0.3079136292303266,0.0013079756540490491,1.2853403623440764,0,0.00229697291999876,5.131222404990036,0
0.2468990811040111,0.26916863740950703,0.000318851615437991,0.7773018282151227,0,0.000389571351593431,6.378259114283363,0
0.07430777764462347,0.24314987209172917,0.00045346232983159695,1.058761202465369,0,0.0006947470232738696,5.732762830696806,0
0.03828588715688315,0.46003334706662313,0.0004509179407387432,1.4401382906132454,0,0.0006474063262993809,4.923447883733244,0
0.023779569050032888,0.31278950586158233,0.0012538792409171585,1.3410624631715042,0,0.002248119719684517,5.1420901570242465,0
0.1812420169977128,0.2783522739567173,0.0003130604440084661,0.8197138481203128,0,0.000449761050832957,6.358378826644026,0
0.049187328763596216,0.2517683041284184,0.00041577883782897043,1.1057194247397535,0,0.0007269864498757698,5.791496176654352,0
0.0252316183853208,0.7741691599794097,0.000716795243208538,1.4783246944950499,0,0.0007770544364329323,4.912778700557215,0
0.03811206502152771,0.2887526727602578,0.001175772418217347,1.3015389110176718,0,0.002011117706904169,5.1747460825937255,0
0.28065065223798663,0.27666014701332725,0.0003403677428319709,0.7568321146513435,0,0.00040936299439820676,6.420711131857934,0
0.0531894373013585,0.2475718989315451,0.00044054559446769255,1.0206818507989845,0,0.0006695914740742985,5.7455130643361585,0
0.04015720132010886,0.46478858786820315,0.00065350288218994,1.4844666511484792,0,0.0005061800671340276,4.920819329520543,0
0.029777638560873232,0.3083842340547462,0.0012446622756194185,1.3043381409283699,0,0.002096779987803299,5.139947243519832,0
0.1984861257688814,0.2693155839290242,0.00032076147104472615,0.8355951440892678,0,0.00044030636788284594,6.3877163527179075,0
0.029616165492061225,0.3004758069126362,0.0012571007113876115,1.2280633290757452,0,0.002334677231312261,5.133935528982416,0
0.024957112360408845,0.47597706298799136,0.0007019006363277377,1.457632391009454,0,0.0007634471239352034,4.907827870776002,0
0.20224111300062458,0.27572066958341546,0.00031039625264726205,0.8047848552090247,0,0.0004278562392527794,6.37682632622378,0
0.05168687543136426,0.25993252249218163,0.0004398618025906262,1.0360730646562128,0,0.0006800053487967431,5.736740653907829,0
0.030979397672186146,0.3119665801174273,0.0013230791650847428,1.357246534577488,0,0.0023341769343963917,5.155342623471196,0
0.02880643859557947,0.47676722068035465,0.0006706627361897911,1.4498937209108096,0,0.0007800289758787076,4.910246910018355,0
0.17313120986371555,0.27102283104325825,0.00032315598823510317,0.8122288989534622,0,0.00041809204032159714,6.373839594320135,0
0.06716913358356803,0.252743850330482,0.00042770816864241585,1.0209875297520865,0,0.0006660682145331434,5.736548405061194,0
0.01401295382103595,0.7850127684759749,0.0005756357756877686,1.4547400840677445,0,0.0007929479203844344,4.914931200915138,0
0.024691651509960735,0.30761378584893856,0.0013236640205473364,1.251877832543152,0,0.0023869317971419116,5.136732981606128,0
0.05716876078698967,0.2490769849517554,0.0004360859157305955,1.0213517784731803,0,0.0006714202179240784,5.738356247081361,0
0.1966455041582441,0.2700397641117388,0.0003110460070155966,0.8169864758185551,0,0.00041933318453709457,6.358105651008918,0
0.07698000948218747,0.26410186021302884,0.0004248172828382503,1.0849566788033747,0,0.0007112341500073663,5.783845298054492,0
0.016972867709178857,0.7777534466363023,0.0005604303956826695,1.5516103687231582,0,0.0007236980285324214,4.909285771338271,0
0.03772408650456901,0.2874367171960388,0.001139952892056713,1.2999164193927828,0,0.0017692422903283482,5.1703318587547145,0
0.2278905468360866,0.2658667467917189,0.0003442968134843689,0.7614921270060937,0,0.00041945138207282313,6.423038137038893,0
0.07291077797233839,0.26409069769149385,0.0003994745043161437,1.0922434927614137,0,0.0006930538297373911,5.780688746081185,0
0.018998196566459798,0.7780878907805036,0.0005700289853814719,1.5545388742431512,0,0.0008314021875549246,4.907474421636533,0
0.02464374267365535,0.303833791049942,0.0011673160536974897,1.2743567640991544,0,0.0020054510155251247,5.168866067241919,0
0.226514006185562,0.2748030849840407,0.00033762377775393466,0.7588516468506694,0,0.0004198068972677401,6.412423625137227,0
0.05252735991051802,0.2536151325894844,0.0004362726531433476,1.0551684659937912,0,0.0006879281394150223,5.745270713204801,0
0.016851382620985338,0.7846452772817902,0.0006888893396277345,1.3689687374665893,0,0.0006751983900751875,4.916534348816028,0
0.032186052895296004,0.3176971929558305,0.0013166603059800088,1.3406502440837187,0,0.0023238717436676612,5.131449174463601,0
0.20958516928333032,0.2750532065630448,0.00032304915183221526,0.8314425990170639,0,0.0004403231024980519,6.373776582619866,0
0.07576460695764589,0.25277650404415597,0.0004638419612743437,1.0177352970667497,0,0.000695679066342424,5.737358507479512,0
0.028073112940094964,0.4784004347188265,0.0004765279916473245,1.474079520621299,0,0.0006747184544270665,4.922528759460473,0
0.02295806834066058,0.3096489997983257,0.0011985244151612954,1.3498832835099164,0,0.002103864685704012,5.1461450479750575,0
0.20486743838344262,0.27046725551301437,0.0003234171521710774,0.8220426627328516,0,0.0004466630410433879,6.368548062006394,0
0.06415160735324257,0.2453394241220015,0.0004092396545866519,1.0874833767481702,0,0.0007196818840317998,5.776036550868057,0
0.025263341881788977,0.47176724563330724,0.0005617395992914886,1.4933055596485099,0,0.0006699858461233088,4.919525767998243,0
0.025642970562750306,0.30241881486126543,0.0011861965604402693,1.3429581519598492,0,0.002059980200894396,5.1604737665190346,0
0.26815063160191466,0.2755365344641313,0.00033039755740230337,0.7399296424662142,0,0.00040789874523628345,6.410269707994557,0
0.03216204167924112,0.29648371099856385,0.0011559281410318117,1.251804633492302,0,0.0019166292898940421,5.153728018990928,0
0.01676200420635044,0.7746227637950514,0.0005605191240101447,1.5524749849034287,0,0.000788531209981801,4.909479288387727,0
0.2934024271703744,0.2820522249654558,0.0003332847881412367,0.7315809802990585,0,0.00041418149669094386,6.408236753323693,0
0.03811643972155225,0.22566930958044237,0.0004294811399969869,1.142244768126699,0,0.0007356041261771503,5.7865188780047605,0
