accuracy
0.8287500000000001,0.0010359375000000002,0.75,0.9
complexity measure 0
1.6411467213132687,0.014801181103622434,1.36023340602339,1.97462722293491
complexity measure 1
8.163705460694073,0.10851023013734487,7.59448175807194,9.22369003615624
complexity measure 2
0.13010850126386578,0.00013367746977389306,0.103735224504365,0.178809598420586
complexity measure 3
0.1744575584509995,8.973165762988287e-05,0.160033533459852,0.199887492718134
complexity measure 4
0.47516964888305124,0.00026122588000096237,0.438296308051069,0.523413503632493
complexity measure 5
0.35861111111111116,5.914351851851924e-05,0.336111111111111,0.373611111111111
complexity measure 6
0.6859189900815796,6.513123038919734e-05,0.665716483512657,0.703332631324389
complexity measure 7
0.2437222222222222,6.205555555555553e-05,0.220833333333333,0.258333333333333
complexity measure 8
0.2694027777777777,0.00031190027006172786,0.230555555555556,0.322222222222222
complexity measure 9
0.5818333333333333,0.00014281172839506105,0.558333333333333,0.611111111111111
complexity measure 10
0.01498724922839506,4.286554854651371e-07,0.0135281635802469,0.0177064043209877
complexity measure 11
0.09097933962990704,7.3465372847859805e-06,0.0841358259640935,0.0977502290186637
complexity measure 12
0.09781618256502733,6.9646959735829985e-06,0.0912875048452846,0.104162647902724
complexity measure 13
0.13791924108567824,9.357708176730843e-05,0.110068784928587,0.16136379389356
complexity measure 14
65.45454545454551,2.0194839173657902e-28,65.4545454545455,65.4545454545455
complexity measure 15
240.0,0.0,240.0,240.0
complexity measure 16
0.272727272727273,0.0,0.272727272727273,0.272727272727273
complexity measure 17
0.8464294746544386,2.4980147571638023e-05,0.832535143979789,0.859273870027933
complexity measure 18
1.3201197643003568,0.00022282351656271652,1.28028250368347,1.35502030604777
complexity measure 19
0.11650220213259158,1.0463639623483444e-06,0.114085921804976,0.118741307371349
complexity measure 20
0.7292689027464034,3.487275788194144e-06,0.724004135334069,0.733662189896662
complexity measure 21
0.29103802013400193,0.0015519675597948177,0.156488764075418,0.383283310309137
