0

baseline bins

[1.36023341 1.42167279 1.48311217 1.54455155 1.60599093 1.66743031
 1.7288697  1.79030908 1.85174846 1.91318784 1.97462722]

1.360233406023391.4216727877145421.48311216940569411.54455155109684621.6059909327879981.667430314479151.7288696961703021.7903090778614541.8517484595526061.9131878412437581.97462722293491

[ 1.  9. 14. 16. 20. 16. 13.  5.  4.  2.]

clusters in the baseline range

[ 1.  0.  0.  1.  8. 11.  9.  7. 10.  9.]

10

clusters

[  1.37354103  64.88052732 128.3875136  191.89449988 255.40148616
 318.90847245 382.41545873 445.92244501 509.4294313  572.93641758
 636.44340386]

1.3735410331170764.88052731608617128.38751359905527191.89449988202438255.40148616499349318.9084724479626382.4154587309317445.9224450139008509.4294312968699572.9364175798389636.443403862808[384.   7.   3.   1.   0.   0.   1.   0.   2.   2.]

1

baseline bins

[7.59448176 7.75740259 7.92032341 8.08324424 8.24616507 8.4090859
 8.57200672 8.73492755 8.89784838 9.06076921 9.22369004]

7.594481758071947.7574025858803717.92032341368888.083244241497238.2461650693056618.409085897114098.572006724922528.734927552730958.897848380539389.060769208347819.22369003615624

[ 8. 18. 20. 17. 16.  9.  6.  3.  2.  1.]

clusters in the baseline range

[4. 2. 3. 1. 1. 1. 4. 0. 2. 1.]

10

clusters

[ 5.74870197 14.99740323 24.2461045  33.49480577 42.74350704 51.99220831
 61.24090958 70.48961084 79.73831211 88.98701338 98.23571465]

5.7487019650157714.99740323335009224.24610450168441433.49480577001873642.7435070383530651.9922083066873861.240909575021770.4896108433560379.7383121116903588.9870133800246698.235714648359[303.  74.   4.  11.   4.   1.   2.   0.   0.   1.]

2

baseline bins

[0.10373522 0.11124266 0.1187501  0.12625754 0.13376497 0.14127241
 0.14877985 0.15628729 0.16379472 0.17130216 0.1788096 ]

0.1037352245043650.11124266189598710.11875009928760920.126257536679231290.13376497407085340.14127241146247550.14877984885409760.15628728624571970.16379472363734180.17130216102896390.178809598420586

[ 7. 10. 13. 23. 39.  3.  3.  1.  0.  1.]

clusters in the baseline range

[ 5.  5.  2.  1.  5.  1.  6. 14.  2. 10.]

10

clusters

[5.42332229e-07 2.15865547e-02 4.31725671e-02 6.47585795e-02
 8.63445919e-02 1.07930604e-01 1.29516617e-01 1.51102629e-01
 1.72688641e-01 1.94274654e-01 2.15860666e-01]

5.42332228953361e-070.0215865547173188540.043172567102408760.064758579487498660.086344591872588570.107930604257678480.129516616642768370.15110262902785830.172688641412948180.194274653798038070.215860666183128[112.  79.  31.  48.  21.   8.   8.  21.  55.  17.]

3

baseline bins

[0.16003353 0.16401893 0.16800433 0.17198972 0.17597512 0.17996051
 0.18394591 0.1879313  0.1919167  0.1959021  0.19988749]

0.1600335334598520.16401892938568020.168004325311508380.17198972123733660.17597511716316480.1799605130889930.18394590901482120.187931304940649390.19191670086647760.19590209679230580.199887492718134

[ 7. 19. 29. 14.  5.  4.  6. 10.  5.  1.]

clusters in the baseline range

[0. 0. 0. 0. 0. 0. 0. 0. 0. 0.]

10

clusters

[0.21137917 0.26847655 0.32557392 0.3826713  0.43976868 0.49686606
 0.55396343 0.61106081 0.66815819 0.72525556 0.78235294]

0.2113791704269590.26847654750191020.32557392457686140.38267130165181260.439768678726763840.496866055801715060.55396343287666620.61106080995161740.66815818702656860.72525556410151980.782352941176471[79. 62. 59. 55. 98. 23.  2. 14.  2.  6.]

4

baseline bins

[0.43829631 0.44680803 0.45531975 0.46383147 0.47234319 0.48085491
 0.48936663 0.49787834 0.50639006 0.51490178 0.5234135 ]

0.4382963080510690.44680802760921140.45531974716735380.46383146672549620.47234318628363860.4808549058417810.489366625399923370.497878344958065770.50639006451620820.51490178407435060.523413503632493

[ 2.  7. 12. 25. 26. 14.  6.  0.  6.  2.]

clusters in the baseline range

[0. 0. 0. 0. 0. 0. 0. 0. 0. 0.]

10

clusters

[0.72567783 0.75311005 0.78054226 0.80797448 0.8354067  0.86283892
 0.89027113 0.91770335 0.94513557 0.97256778 1.        ]

0.7256778309409890.75311004784689020.78054226475279120.80797448165869230.83540669856459340.86283891547049450.89027113237639570.91770334928229670.94513556618819780.97256778309409891.0[ 1.  4. 39. 65. 45. 46. 42. 50. 32. 76.]

5

baseline bins

[0.33611111 0.33986111 0.34361111 0.34736111 0.35111111 0.35486111
 0.35861111 0.36236111 0.36611111 0.36986111 0.37361111]

0.3361111111111110.3398611111111110.343611111111111030.3473611111111110.351111111111111040.3548611111111110.3586111111111110.3623611111111110.3661111111111110.369861111111111030.373611111111111

[ 1.  0.  8.  9. 13. 15. 18. 18. 12.  6.]

clusters in the baseline range

[ 3.  4.  8.  3.  3.  6.  7.  6.  6. 12.]

10

clusters

[0.21559633 0.26177863 0.30796094 0.35414324 0.40032554 0.44650784
 0.49269015 0.53887245 0.58505475 0.63123705 0.67741935]

0.2155963302752290.26177863273157710.30796093518792520.35414323764427330.40032554010062140.446507842556969460.49269014501331760.53887244746966570.58505474992601370.63123705238236180.67741935483871[ 2. 37. 82. 98. 81. 21. 27. 41.  6.  5.]

6

baseline bins

[0.66571648 0.6694781  0.67323971 0.67700133 0.68076294 0.68452456
 0.68828617 0.69204779 0.6958094  0.69957102 0.70333263]

0.6657164835126570.66947809829383020.67323971307500340.67700132785617660.68076294263734980.6845245574185230.68828617219969610.69204778698086930.69580940176204250.69957101654321570.703332631324389

[ 3.  5.  5. 12. 16. 18. 20. 12.  4.  5.]

clusters in the baseline range

[4. 2. 3. 4. 2. 4. 0. 1. 0. 1.]

10

clusters

[0.40383724 0.44704598 0.49025471 0.53346345 0.57667219 0.61988093
 0.66308967 0.70629841 0.74950715 0.79271589 0.83592463]

0.4038372367258890.44704597578399070.49025471484209240.53346345390019410.57667219295829590.61988093201639750.66308967107449920.70629841013260090.74950714919070260.79271588824880430.835924627306906[ 9. 35. 36. 61. 78. 54. 22. 34. 70.  1.]

7

baseline bins

[0.22083333 0.22458333 0.22833333 0.23208333 0.23583333 0.23958333
 0.24333333 0.24708333 0.25083333 0.25458333 0.25833333]

0.2208333333333330.2245833333333330.2283333333333330.2320833333333330.2358333333333330.2395833333333330.2433333333333330.247083333333333020.2508333333333330.254583333333333050.258333333333333

[ 1.  0. 12.  5. 13. 13. 15. 24.  8.  9.]

clusters in the baseline range

[ 1.  5.  4.  9.  6. 11. 17. 10. 13. 14.]

10

clusters

[0.12844037 0.17014178 0.2118432  0.25354462 0.29524604 0.33694746
 0.37864887 0.42035029 0.46205171 0.50375313 0.54545455]

0.1284403669724770.17014178482068380.21184320266889060.253544620517097360.295246038365304160.336947456213510970.378648874061717770.420350291909924570.462051709758131370.50375312760633820.545454545454545[ 10.  79.  88. 140.  49.  13.  13.   6.   0.   2.]

8

baseline bins

[0.23055556 0.23972222 0.24888889 0.25805556 0.26722222 0.27638889
 0.28555556 0.29472222 0.30388889 0.31305556 0.32222222]

0.2305555555555560.239722222222222610.248888888888889210.25805555555555580.26722222222222240.2763888888888890.28555555555555560.29472222222222220.30388888888888880.31305555555555540.322222222222222

[ 3. 10. 15. 20. 18. 16. 10.  5.  2.  1.]

clusters in the baseline range

[24. 21. 32. 21. 22. 15. 30. 27. 16. 14.]

10

clusters

[0.08715596 0.1270118  0.16686763 0.20672346 0.24657929 0.28643512
 0.32629096 0.36614679 0.40600262 0.44585845 0.48571429]

0.08715596330275230.127011795543905680.166867627785059040.20672346002621240.246579292267365770.286435124508519160.32629095674967250.366146788990825870.40600262123197930.44585845347313260.485714285714286[ 11.  25.  48.  83. 100.  87.  27.  14.   2.   3.]

9

baseline bins

[0.55833333 0.56361111 0.56888889 0.57416667 0.57944444 0.58472222
 0.59       0.59527778 0.60055556 0.60583333 0.61111111]

0.5583333333333330.56361111111111080.56888888888888870.57416666666666640.57944444444444420.5847222222222220.58999999999999990.59527777777777770.60055555555555540.60583333333333320.611111111111111

[ 6. 13.  8. 17. 17. 11. 12. 10.  5.  1.]

clusters in the baseline range

[15. 13.  8.  9. 11.  7.  3.  5.  0.  3.]

10

clusters

[0.4        0.43338129 0.46676259 0.50014388 0.53352518 0.56690647
 0.60028777 0.63366906 0.66705036 0.70043165 0.73381295]

0.40.433381294964028830.466762589928057640.50014388489208640.53352517985611510.5669064748201440.60028776978417280.63366906474820150.66705035971223040.70043165467625920.733812949640288[  3.   6.  29. 106.  91.  49.  18.  34.  52.  12.]

10

baseline bins

[0.01352816 0.01394599 0.01436381 0.01478164 0.01519946 0.01561728
 0.01603511 0.01645293 0.01687076 0.01728858 0.0177064 ]

0.01352816358024690.013945987654320980.014363811728395060.0147816358024691410.015199459876543220.01561728395061730.016035108024691380.016452932098765460.0168707561728395420.017288580246913620.0177064043209877

[ 6. 10. 21. 28. 21. 10.  2.  1.  0.  1.]

clusters in the baseline range

[0. 0. 0. 0. 0. 1. 0. 1. 0. 1.]

10

clusters

[0.01591856 0.02775646 0.03959436 0.05143225 0.06327015 0.07510804
 0.08694594 0.09878383 0.11062173 0.12245963 0.13429752]

0.0159185649673480.02775646053672890.03959435610610980.05143225167549070.06327014724487160.07510804281425250.08694593838363340.09878383395301430.11062172952239520.12245962509177610.134297520661157[100.   6. 141.  43.  21.  54.  21.   8.   4.   2.]

11

baseline bins

[0.08413583 0.08549727 0.08685871 0.08822015 0.08958159 0.09094303
 0.09230447 0.09366591 0.09502735 0.09638879 0.09775023]

0.08413582596409350.085497266269550520.086858706575007540.088220146880464560.089581587185921570.09094302749137860.092304467796835630.093665908102292640.095027348407749660.096388788713206680.0977502290186637

[ 5.  1. 12. 12. 15. 23. 17.  8.  5.  2.]

clusters in the baseline range

[11. 19.  5. 12. 13. 22. 15. 13. 10. 14.]

10

clusters

[0.01705223 0.02632372 0.03559521 0.0448667  0.05413819 0.06340967
 0.07268116 0.08195265 0.09122414 0.10049563 0.10976711]

0.01705223312732760.026323721300367340.035595209473407080.0448666976464468240.054138185819486560.063409673992526310.072681162165566040.081952650338605770.091224138511645510.100495626684685260.109767114857725[ 4.  3.  6. 51. 73. 59. 24. 76. 90. 14.]

12

baseline bins

[0.0912875  0.09257502 0.09386253 0.09515005 0.09643756 0.09772508
 0.09901259 0.1003001  0.10158762 0.10287513 0.10416265]

0.09128750484528460.092575019151028530.093862533456772480.095150047762516430.096437562068260360.09772507637400430.099012590679748240.100300104985492190.101587619291236120.102875133596980060.104162647902724

[ 2.  3. 14. 10. 18. 19. 16.  9.  6.  3.]

clusters in the baseline range

[17. 22. 14. 15. 17. 24. 12. 11. 13.  9.]

10

clusters

[0.04615594 0.05943133 0.07270672 0.08598211 0.0992575  0.11253289
 0.12580828 0.13908367 0.15235906 0.16563445 0.17890984]

0.04615594478092430.0594313344476859740.072706724114447650.08598211378120930.099257503447970980.112532893114732650.12580828278149430.139083672448255980.152359062115017650.165634451781779320.178909841448541[ 30.  67.  24. 136.  75.  17.  15.  26.   7.   3.]

13

baseline bins

[0.11006878 0.11519829 0.12032779 0.12545729 0.13058679 0.13571629
 0.14084579 0.14597529 0.15110479 0.15623429 0.16136379]

0.1100687849285870.11519828582508430.12032778672158160.12545728761807890.13058678851457620.13571628941107350.14084579030757080.14597529120406810.15110479210056540.15623429299706270.16136379389356

[ 1.  1.  8.  9. 30. 17. 12. 14.  4.  4.]

clusters in the baseline range

[19. 19. 19. 21. 25. 20. 27. 21. 12.  6.]

10

clusters

[0.         0.02220459 0.04440917 0.06661376 0.08881834 0.11102293
 0.13322751 0.1554321  0.17763668 0.19984127 0.22204586]

0.00.02220458553791890.04440917107583780.06661375661375670.08881834215167560.11102292768959450.13322751322751340.15543209876543230.17763668430335120.19984126984127010.222045855379189[ 2.  6. 35. 63. 76. 88. 91. 25.  8.  6.]

14

baseline bins

[64.95454545 65.05454545 65.15454545 65.25454545 65.35454545 65.45454545
 65.55454545 65.65454545 65.75454545 65.85454545 65.95454545]

64.954545454545565.0545454545454965.154545454545565.254545454545565.354545454545565.454545454545565.5545454545454965.654545454545565.754545454545565.854545454545565.9545454545455

[  0.   0.   0.   0.   0. 100.   0.   0.   0.   0.]

clusters in the baseline range

[0. 0. 0. 0. 0. 0. 0. 0. 0. 0.]

10

clusters

[ 1.81818182  4.39090909  6.96363636  9.53636364 12.10909091 14.68181818
 17.25454545 19.82727273 22.4        24.97272727 27.54545455]

1.818181818181824.3909090909090886.9636363636363569.53636363636362312.10909090909089214.68181818181815917.25454545454542619.82727272727269622.39999999999996324.9727272727272327.5454545454545[89. 11.  0.  0. 70. 30.  7. 45. 70. 78.]

15

baseline bins

[239.5 239.6 239.7 239.8 239.9 240.  240.1 240.2 240.3 240.4 240.5]

239.5239.6239.7239.8239.9240.0240.1240.2240.3240.4240.5

[  0.   0.   0.   0.   0. 100.   0.   0.   0.   0.]

clusters in the baseline range

[0. 0. 0. 0. 0. 0. 0. 0. 0. 0.]

10

clusters

[  6.66666667  36.3         65.93333333  95.56666667 125.2
 154.83333333 184.46666667 214.1        243.73333333 273.36666667
 303.        ]

6.6666666666666736.30000000000000465.9333333333333495.56666666666668125.2154.83333333333331184.46666666666667214.1243.73333333333332273.3666666666667303.0[103.  97.  72.  25.   3.   0.   0.   0.  18.  82.]

16

baseline bins

[-0.22727273 -0.12727273 -0.02727273  0.07272727  0.17272727  0.27272727
  0.37272727  0.47272727  0.57272727  0.67272727  0.77272727]

-0.22727272727272702-0.127272727272727-0.0272727272727270040.072727272727273030.1727272727272730.2727272727272730.37272727272727310.472727272727273050.5727272727272730.67272727272727310.7727272727272729

[  0.   0.   0.   0.   0. 100.   0.   0.   0.   0.]

clusters in the baseline range

[  0.   0.   0. 100.  28. 272.   0.   0.   0.   0.]

10

clusters

[0.09090909 0.11818182 0.14545455 0.17272727 0.2        0.22727273
 0.25454545 0.28181818 0.30909091 0.33636364 0.36363636]

0.09090909090909090.118181818181818210.14545454545454550.172727272727272840.200000000000000120.227272727272727460.254545454545454740.28181818181818210.309090909090909360.33636363636363670.363636363636364[100.   0.   0.  28.   0.   0. 149.   0.   0. 123.]

17

baseline bins

[0.83253514 0.83520902 0.83788289 0.84055676 0.84323063 0.84590451
 0.84857838 0.85125225 0.85392612 0.8566     0.85927387]

0.8325351439797890.83520901658460340.83788288918941780.84055676179423220.84323063439904660.8459045070038610.84857837960867540.85125225221348980.85392612481830420.85659999742311850.859273870027933

[ 2.  1. 10. 17. 11. 27. 14. 14.  2.  2.]

clusters in the baseline range

[16. 15. 12. 12.  3.  5.  5.  6. 10.  9.]

10

clusters

[0.75241364 0.77655094 0.80068824 0.82482554 0.84896285 0.87310015
 0.89723745 0.92137475 0.94551206 0.96964936 0.99378666]

0.7524136352877490.77655093785952730.80068824043130580.82482554300308420.84896284557486260.87310014814664090.89723745071841940.92137475329019780.94551205586197630.96964935843375470.993786661005533[  1.  20. 101. 102.  66.  13.  10.  29.  48.  10.]

18

baseline bins

[1.2802825  1.28775628 1.29523006 1.30270384 1.31017762 1.3176514
 1.32512519 1.33259897 1.34007275 1.34754653 1.35502031]

1.280282503683471.28775628391991.295230064156331.30270384439275991.31017762462918991.31765140486561981.325125185102051.332598965338481.340072745574911.347546525811341.35502030604777

[ 2.  2.  5. 19. 21. 12. 17. 13.  6.  3.]

clusters in the baseline range

[20. 14. 13. 12.  7.  8.  8.  6.  6.  6.]

10

clusters

[1.01025641 1.06892849 1.12760057 1.18627265 1.24494473 1.30361681
 1.36228889 1.42096097 1.47963305 1.53830513 1.59697721]

1.010256410256411.0689284900575991.1276005698587881.18627264965997711.2449447294611661.3036168092623551.3622888890635441.4209609688647331.47963304866592221.5383051284671111.5969772082683[ 37.  46.  16.  31. 103.  53.  35.  47.  26.   6.]

19

baseline bins

[0.11408592 0.11455146 0.115017   0.11548254 0.11594808 0.11641361
 0.11687915 0.11734469 0.11781023 0.11827577 0.11874131]

0.1140859218049760.114551460361613290.11501699891825060.11548253747488790.11594807603152520.116413614588162490.11687915314479980.11734469170143710.11781023025807440.118275768814711690.118741307371349

[ 4.  1. 11. 13. 18. 20. 13.  8.  7.  5.]

clusters in the baseline range

[ 4.  2.  0.  5.  3. 13.  4. 12. 15. 11.]

10

clusters

[0.07741935 0.08503277 0.09264618 0.10025959 0.107873   0.11548641
 0.12309982 0.13071323 0.13832664 0.14594005 0.15355346]

0.07741935483870970.085032765399737920.092646175960766160.10025958652179440.107872997082822620.115486407643850850.123099818204879090.130713228765907320.138326639326935560.145940049887963770.153553460448992[  5.  30.  41.  19.  13. 156.  35.  82.  18.   1.]

20

baseline bins

[0.72400414 0.72496994 0.72593575 0.72690155 0.72786736 0.72883316
 0.72979897 0.73076477 0.73173058 0.73269638 0.73366219]

0.7240041353340690.72496994079032830.72593574624658760.7269015517028470.72786735715910620.72883316261536550.72979896807162480.73076477352788420.73173057898414340.73269638444040260.733662189896662

[ 2.  2.  4. 10. 25. 22. 14. 11.  5.  5.]

clusters in the baseline range

[2. 0. 2. 1. 5. 0. 1. 0. 0. 3.]

10

clusters

[0.58823529 0.61378676 0.63933824 0.66488971 0.69044118 0.71599265
 0.74154412 0.76709559 0.79264706 0.81819853 0.84375   ]

0.5882352941176470.61378676470588220.63933823529411760.66488970588235290.69044117647058820.71599264705882350.74154411764705870.76709558823529410.79264705882352940.81819852941176470.84375[  1.   5.  84. 116. 130.  30.  19.   7.   4.   4.]

21

baseline bins

[0.15648876 0.17916822 0.20184767 0.22452713 0.24720658 0.26988604
 0.29256549 0.31524495 0.3379244  0.36060386 0.38328331]

0.1564887640754180.17916821869878990.20184767332216180.22452712794553370.24720658256890560.26988603719227750.29256549181564940.31524494643902130.33792440106239320.36060385568576510.383283310309137

[ 1.  1.  1.  2. 22. 39. 16.  4.  6.  8.]

clusters in the baseline range

[ 74. 162.  60.  28.  28.  22.  18.   5.   1.   1.]

10

clusters

[0.15557651 0.17697681 0.19837712 0.21977742 0.24117772 0.26257802
 0.28397832 0.30537863 0.32677893 0.34817923 0.36957953]

0.155576511658660.17697681374920560.19837711583975120.21977741793029680.24117772002084240.262578022111388030.28397832420193360.30537862629247920.32677892838302480.34817923047357040.369579532564116[ 63. 163.  62.  29.  27.  23.  16.  12.   4.   1.]

