[10.0],2
0,235,0
[10.0],2
0,298,0
[9.875],3
2,150,0
[9.8],5
5,186,5
[10.0],2
0,264,0
[10.0],2
0,294,0
[10.0],2
0,293,0
[9.7],3
6,185,5
[9.8],5
6,187,6
[9.75],3
3,151,1
[10.0],2
0,251,0
[9.7],3
5,189,5
[10.0],2
0,262,0
[10.0],2
0,257,0
[9.789473684210526],3
5,176,5
[10.0],2
0,287,0
[9.692105263157895],3
5,182,5
[10.0],2
0,260,0
[10.0],2
0,238,0
[10.0],2
0,290,0
[9.789473684210527],5
5,180,6
[10.0],2
0,262,0
[9.8],3
2,145,1
[9.75],3
3,149,1
[10.0],2
0,260,0
[10.0],2
0,285,0
[9.8],3
2,146,1
[9.75],3
3,151,1
[10.0],2
0,287,0
[10.0],2
0,299,0
[10.0],2
0,261,0
[10.0],2
0,284,0
[9.75],3
5,189,5
[10.0],2
0,300,0
[9.741666666666667],3
3,147,1
[9.866666666666667],3
2,145,0
[10.0],2
0,292,0
[10.0],2
0,259,0
[10.0],2
0,292,0
[10.0],2
0,279,0
[10.0],2
0,291,0
[10.0],2
0,295,0
[9.8125],3
2,153,1
[9.75],3
3,152,1
[10.0],2
0,280,0
[9.8],3
2,143,1
[9.733333333333334],3
3,144,1
[10.0],2
0,259,0
[10.0],2
0,291,0
[9.733333333333334],3
3,146,1
[9.8125],3
2,150,1
[10.0],2
0,253,0
[9.745833333333334],3
3,148,1
[10.0],2
0,269,0
[9.733333333333334],3
3,144,1
[9.75],3
3,153,1
[9.8],2
6,188,5
[10.0],2
0,306,0
[9.75],3
3,153,1
[9.741666666666667],3
3,147,1
[9.8],3
2,147,1
[9.75],3
3,150,1
[9.741666666666667],3
3,147,1
[9.745833333333334],3
3,148,1
[9.75],3
3,150,1
[9.75],5
6,187,6
[9.68421052631579],3
6,179,5
[10.0],2
0,297,0
[9.75],3
3,155,1
[9.733333333333333],3
3,145,1
[9.75],3
3,149,1
[9.8],3
3,146,0
[9.847368421052632],5
6,183,5
[10.0],2
0,280,0
[9.75],3
3,152,1
[10.0],2
0,289,0
[9.8125],3
2,151,1
[10.0],2
0,288,0
[9.7],3
5,187,6
[9.741666666666667],3
3,147,1
[9.754761904761905],5
6,190,6
[9.75],3
5,187,5
[9.8125],3
2,150,1
[10.0],2
0,266,0
[10.0],2
0,288,0
[9.75],3
3,156,1
[9.8125],3
3,152,0
[10.0],2
0,296,0
[10.0],2
0,295,0
[10.0],2
0,290,0
[9.8],3
2,143,1
[10.0],2
0,284,0
[10.0],2
0,291,0
[10.0],2
0,261,0
[9.75],3
3,149,1
[9.75],3
3,156,1
[9.75],3
3,152,1
[9.8],3
2,145,1
[10.0],2
0,288,0
[10.0],2
0,259,0
