[9.75],3
5,188,6
[9.74736842105263],3
5,187,5
[9.792105263157895],5
6,181,6
[10.0],2
0,294,0
[9.689473684210526],3
5,183,5
[10.0],2
0,254,0
[9.9],5
5,184,5
[10.0],2
0,267,0
[10.0],2
0,292,0
[9.794736842105264],2
6,180,6
[9.8],5
6,185,6
[10.0],2
0,286,0
[9.9],5
5,184,5
[9.750000000000002],5
6,188,6
[10.0],2
0,267,0
[9.752380952380953],3
6,191,5
[10.0],2
0,260,0
[9.85],3
5,186,5
[9.700000000000001],2
5,189,6
[9.75],5
6,184,6
[10.0],2
0,264,0
[9.85],5
5,187,6
[10.0],2
0,252,0
[9.75],3
5,188,5
[9.75],3
5,187,5
[9.797368421052632],5
5,183,5
[9.700000000000001],3
6,187,5
[10.0],2
0,286,0
[9.74736842105263],5
6,182,6
[9.8],5
6,183,6
[9.73684210526316],5
6,178,6
[9.792105263157895],3
5,183,5
[9.741666666666667],3
3,147,1
[9.752380952380951],3
5,191,5
[9.73684210526316],2
5,180,5
[9.75],3
6,188,6
[9.742105263157894],3
5,182,5
[9.745833333333334],3
3,148,1
[9.742105263157896],5
6,181,6
[9.75],5
6,187,6
[9.700000000000001],3
5,188,6
[9.744736842105263],3
5,184,5
[9.844736842105263],5
6,182,5
[10.0],2
0,254,0
[9.792105263157895],5
6,180,6
[9.736842105263158],2
6,179,5
[9.9],5
5,186,5
[9.75],3
5,184,5
[9.854761904761904],5
5,193,6
[9.74736842105263],5
6,182,6
[9.75],5
6,181,6
[9.8],3
5,187,6
[9.752380952380951],3
5,192,5
[9.75],3
6,187,5
[10.0],2
0,256,0
[9.842105263157894],3
5,176,5
[10.0],2
0,299,0
[9.8],3
5,189,5
[10.0],2
0,257,0
[10.0],2
0,284,0
[9.75],5
6,184,6
[9.75],3
5,190,5
[9.789473684210527],3
5,180,5
[9.8],3
5,187,5
[9.794736842105262],5
5,183,5
[10.0],2
0,258,0
[10.0],2
0,262,0
[9.75],3
5,189,5
[10.0],2
0,254,0
[9.8],5
6,189,6
[9.8],5
5,189,6
[10.0],2
0,261,0
[10.0],2
0,293,0
[9.7],3
5,187,5
[10.0],2
0,256,0
[9.7],3
6,189,5
[9.85],5
6,185,5
[9.8],3
5,186,5
[10.0],2
0,319,0
[9.8],5
6,186,6
[10.0],2
0,283,0
[9.733333333333334],3
3,139,1
[9.8],3
6,186,5
[9.9],5
5,185,5
[9.8],3
2,142,1
[9.794736842105264],3
5,184,5
[9.736842105263158],3
5,176,6
[9.692105263157895],3
5,182,5
[9.8],5
5,189,6
[9.75],3
6,189,6
[10.0],2
0,305,0
[9.85],3
5,189,5
[9.752380952380953],5
5,191,5
[9.75],5
5,185,6
[10.0],2
0,258,0
[10.0],2
0,263,0
[9.736842105263158],3
5,178,5
[9.752380952380953],2
6,190,5
[9.8125],3
2,155,1
[9.75],5
6,187,6
