[10.0],2
0,316,0
[10.0],2
0,249,0
[10.0],2
0,263,0
[9.733333333333334],3
3,143,1
[10.0],2
0,287,0
[9.804761904761904],3
5,193,5
[9.75],3
3,151,1
[9.8125],3
2,151,1
[9.808333333333334],3
2,148,1
[10.0],2
0,260,0
[10.0],2
0,290,0
[10.0],2
0,266,0
[10.0],2
0,293,0
[10.0],2
0,291,0
[9.75],3
3,150,1
[9.8125],3
2,149,1
[9.75],3
3,150,1
[10.0],2
0,287,0
[10.0],2
0,311,0
[9.745833333333334],3
3,148,1
[9.741666666666667],3
3,147,1
[10.0],2
0,284,0
[9.802380952380952],5
6,190,5
[10.0],2
0,255,0
[10.0],2
0,287,0
[9.75],3
3,151,1
[10.0],2
0,292,0
[9.75],3
5,187,5
[10.0],2
0,266,0
[10.0],2
0,255,0
[10.0],2
0,292,0
[9.75],3
3,149,1
[10.0],2
0,290,0
[10.0],2
0,261,0
[10.0],2
0,323,0
[10.0],2
0,257,0
[10.0],2
0,256,0
[10.0],2
0,283,0
[10.0],2
0,260,0
[10.0],2
0,269,0
[10.0],2
0,255,0
[10.0],2
0,260,0
[10.0],2
0,293,0
[9.761904761904763],3
5,196,5
[9.875],3
2,153,0
[10.0],2
0,296,0
[10.0],2
0,261,0
[9.733333333333334],3
3,142,1
[9.75],3
3,152,1
[10.0],2
0,310,0
[10.0],2
0,262,0
[10.0],2
0,297,0
[10.0],2
0,292,0
[10.0],2
0,283,0
[9.8],3
5,188,5
[10.0],2
0,295,0
[9.8],3
2,143,1
[10.0],2
0,252,0
[9.794736842105264],5
5,181,6
[9.8],5
6,184,6
[10.0],2
0,288,0
[10.0],2
0,254,0
[10.0],2
0,271,0
[10.0],2
0,289,0
[10.0],2
0,236,0
[9.866666666666667],3
2,141,0
[9.808333333333334],3
2,148,1
[10.0],2
0,252,0
[9.75],5
5,186,6
[10.0],2
0,286,0
[10.0],2
0,260,0
[9.739473684210527],3
5,181,6
[9.8],3
2,144,1
[10.0],2
0,262,0
[9.792105263157895],3
5,181,5
[9.8],3
2,146,1
[10.0],2
0,282,0
[10.0],2
0,261,0
[9.733333333333334],3
3,142,1
[10.0],2
0,249,0
[9.8125],3
2,150,1
[10.0],2
0,313,0
[10.0],2
0,257,0
[9.75],3
3,151,1
[9.8],5
6,186,5
[10.0],2
0,289,0
[10.0],2
0,267,0
[10.0],2
0,253,0
[10.0],2
0,263,0
[10.0],2
0,256,0
[9.75],5
6,186,6
[10.0],2
0,264,0
[10.0],2
0,259,0
[10.0],2
0,291,0
[9.8],3
5,185,5
[9.739473684210527],3
5,181,5
[10.0],2
0,293,0
[10.0],2
0,287,0
[9.792105263157895],5
6,182,6
[10.0],2
0,287,0
