[9.733333333333334],3
3,144,1
[9.75],3
3,150,1
[10.0],2
0,290,0
[10.0],2
0,261,0
[9.75],3
3,150,1
[9.733333333333334],3
3,143,1
[10.0],2
0,256,0
[10.0],2
0,281,0
[10.0],2
0,257,0
[10.0],2
0,292,0
[9.8125],3
2,157,1
[9.733333333333334],3
3,143,1
[9.733333333333333],3
3,145,1
[9.866666666666667],3
2,148,0
[10.0],2
0,291,0
[10.0],2
0,257,0
[10.0],2
0,292,0
[9.75],3
3,151,1
[9.733333333333334],3
3,146,1
[10.0],2
0,261,0
[10.0],2
0,292,0
[9.8125],3
3,151,0
[10.0],2
0,297,0
[10.0],2
0,292,0
[9.75],3
3,150,1
[10.0],2
0,265,0
[10.0],2
0,259,0
[10.0],2
0,260,0
[9.8125],3
2,149,1
[9.733333333333334],3
3,146,1
[9.8125],3
2,152,1
[10.0],2
0,268,0
[10.0],2
0,258,0
[9.714285714285715],3
3,132,1
[10.0],2
0,234,0
[10.0],2
0,294,0
[9.75],3
3,154,1
[9.902380952380952],5
5,194,5
[9.8125],3
2,151,1
[9.745833333333334],3
3,148,1
[9.75],3
3,149,1
[9.733333333333333],3
3,145,1
[10.0],2
0,256,0
[10.0],2
0,282,0
[10.0],2
0,271,0
[10.0],2
0,266,0
[10.0],2
0,293,0
[10.0],2
0,299,0
[10.0],2
0,248,0
[10.0],2
0,245,0
[10.0],2
0,290,0
[9.8],3
3,147,0
[10.0],2
0,252,0
[9.8],3
2,145,1
[10.0],2
0,296,0
[10.0],2
0,260,0
[10.0],2
0,254,0
[9.723809523809525],3
3,137,1
[10.0],2
0,293,0
[10.0],2
0,268,0
[10.0],2
0,264,0
[10.0],2
0,290,0
[10.0],2
0,286,0
[10.0],2
0,260,0
[10.0],2
0,315,0
[10.0],2
0,298,0
[10.0],2
0,295,0
[9.733333333333334],3
3,146,1
[10.0],2
0,289,0
[10.0],2
0,263,0
[10.0],2
0,285,0
[10.0],2
0,296,0
[10.0],2
0,264,0
[9.75],3
3,155,1
[10.0],2
0,295,0
[10.0],2
0,260,0
[10.0],2
0,266,0
[9.75],3
3,149,1
[10.0],2
0,236,0
[10.0],2
0,301,0
[10.0],2
0,260,0
[10.0],2
0,245,0
[10.0],2
0,291,0
[10.0],2
0,282,0
[10.0],2
0,268,0
[10.0],2
0,255,0
[10.0],2
0,289,0
[9.75],3
3,153,1
[9.723809523809525],3
3,137,1
[9.745833333333334],3
3,148,1
[10.0],2
0,249,0
[9.741666666666667],3
3,147,1
[9.733333333333334],3
3,143,1
[9.8],3
3,147,0
[10.0],2
0,292,0
[10.0],2
0,284,0
[10.0],2
0,261,0
[10.0],2
0,262,0
[10.0],2
0,259,0
[9.75],3
3,150,1
