0,0
0.986581989833163,0.07622545439747122,0.6459846441170368,0.7339585859614182,0.6699484294421004,0.038302957423500275,0.7897157780810315,0.7827800334368282,0.5852883486648368,0.8242595453897414,0.24561211042750086
0.9038305411932044,0.8427352409695934,0.09229755334047285,0.18889727900134268,0.12064596486707047,0.41130001186067244,0.10070800097139981,0.04973926234948317,0.9352695463365273,0.7968206731069523,0.4936488259063858
0.9744210889742956,0.1219668820426702,0.4411719567492152,0.5289414004638494,0.4488452445899255,0.075152992788958,0.6914972712172744,0.6885266961059815,0.6623663119112289,0.8394911635411245,0.2752317849909
0.9429326198634742,0.1781748301902139,0.3189632255206025,0.37982363052007095,0.31265881265881273,0.15713463668020733,0.4337636893398976,0.4313105558388576,0.777298045891606,0.8020387330081893,0.40272708203497226
0,1
0.9736131583757054,0.12283990869831929,0.4656922773059451,0.5467160167291072,0.46363230700580105,0.07031118240203076,0.6795061286036339,0.6738955823293172,0.6580876233699695,0.8345206755128804,0.28172337451855917
0.9040650359778354,0.847636687384586,0.09208621120079863,0.18891869375893244,0.12004859212981045,0.40904644563725107,0.10078689638254118,0.049171535293554225,0.9356616689822121,0.7970818808396833,0.4925216796774956
0.9869496407069466,0.07611031682711483,0.650731653647266,0.7420437627954644,0.6798791563892237,0.037402160995650274,0.7948404480926126,0.7901608205647712,0.581953827045577,0.8233770591436831,0.24595724336325614
0.9444957690310664,0.18191644584629663,0.30862252501596754,0.37005297204239307,0.3024198024198025,0.1622814321675055,0.4454448896828079,0.44217103651065903,0.7804351475360938,0.8048811989554178,0.39641514722171634
0,2
0.9744517759388699,0.11940570771599865,0.4718818176151593,0.5531883758683215,0.4697388233509907,0.06809097464200396,0.6835625538892108,0.6778104598608221,0.6544906940060652,0.8350753763634567,0.2773539916896868
0.9032759783655915,0.8429943008038575,0.09141255414932475,0.18831406764626135,0.12060286671685616,0.4146388674624423,0.09840707282778283,0.048313618144491255,0.9358627570209725,0.7965851516069489,0.49664636862348366
0.9453480119295056,0.18365216939545703,0.30884383088869727,0.3687157506772588,0.3032313690208427,0.16357233077713185,0.4499364116611231,0.44471201588877857,0.7800078423644281,0.8053025261698551,0.393566332430731
0.9877562504907422,0.07179596703300489,0.6460938383267382,0.7411773031799979,0.6898713036644071,0.03751101038323179,0.8034610947314446,0.7982693558880936,0.5785834052608511,0.8251047307182019,0.2443357634364226
0,3
0.9441501248109614,0.1821824421443362,0.309401137504182,0.3705458032680874,0.30133534895439656,0.1616948659508761,0.44834736868725183,0.44140675137979724,0.7786093920539106,0.8051895262165727,0.40018631324660525
0.9874231955977906,0.0737284157668191,0.6482770157243225,0.740475012330871,0.6848266372075896,0.03749481298598932,0.8016463090812536,0.7970478757540751,0.5793279765742999,0.8249473881641745,0.24406317481936748
0.9036710954551143,0.8482347550021847,0.09290732686517206,0.18922304494989395,0.12048665620094184,0.4092488239292855,0.09989757984978376,0.0483057373892955,0.9356424761123188,0.796739396198056,0.4928866384998746
0.9739530948160331,0.11968879806324892,0.47292255511588466,0.5546844091799229,0.4720612153562346,0.0682107921721166,0.6817217165890413,0.6748644545651701,0.6555041450687618,0.833864796305418,0.2801947083220505
0,4
0.9874633772820538,0.0739462771657233,0.6449420231907235,0.7415172573938149,0.6819837795447552,0.03746841700342733,0.803271893579265,0.7993425810268884,0.5796761311888885,0.8250391841048494,0.24477804529903097
0.9040564917182808,0.8472395536823354,0.09134460205555078,0.1892085983672288,0.1209423851910898,0.4082717716374318,0.09842633434135267,0.04880242447942146,0.9359108604182949,0.7970050479712004,0.49264772103237797
0.9744211046021539,0.12031247212506194,0.4758817685047193,0.5573083481825382,0.476290684624018,0.06717331045202202,0.6834234538695506,0.6773584905660377,0.6534609663520743,0.8345100853521229,0.2775138728719886
0.9453919095956882,0.1775442741781867,0.31603150947413244,0.37415325806760125,0.3065823065823067,0.1594238116027224,0.45541447400183455,0.4509679000245038,0.7765885376420896,0.8041189715489402,0.39409401468175614
0,5
0.9037453969776392,0.8455620087273029,0.0920616974884923,0.1887361068146326,0.12026160302022354,0.41072900816957836,0.09995055578955087,0.04840598568640203,0.9358274325818535,0.7968590722504568,0.49454015178945254
0.9737040709029706,0.12329377646510833,0.4604621143668517,0.5432895956544055,0.46163941045830814,0.07118277781308807,0.6821854052630038,0.6782796018422226,0.6575392812254666,0.8354912204540897,0.28057588369771896
0.9870015465527147,0.07567456489075902,0.6473737035797925,0.7409638820272515,0.6820260867879916,0.037476827862032755,0.793414763674987,0.788268514953151,0.5823294644078414,0.8242370346964247,0.24639464671767092
0.9433583998628787,0.18291447659424873,0.31687297869967657,0.3757569765624076,0.3066651161889258,0.15866198323612676,0.4353235718079053,0.43101013990501846,0.7779987661868218,0.8032516050053168,0.39966160685917995
0,6
0.9459587269537452,0.1827705357705564,0.31041776837652035,0.372877327625992,0.3055601507214411,0.16132361229675965,0.4553063916536755,0.45020085209981736,0.7763475055263634,0.8059254235084715,0.3912398520172332
0.9032694901738225,0.8465901778194808,0.0915835727564645,0.18877789000686268,0.12030428525273906,0.4120629590694157,0.09941363584103025,0.047325423069441486,0.9356807000325761,0.7967121921452707,0.4949130918472339
0.9873967032502404,0.07391101970424502,0.6469758854137526,0.7417827116426536,0.6838773664712232,0.03737632040273521,0.7994214446122029,0.7948354691222872,0.5802156318754823,0.824658810843712,0.24593349224518862
0.9743599926965996,0.12190434886017121,0.47251536885245904,0.5559735802515825,0.47193287037037046,0.06768874287958516,0.6855686570631969,0.6775943396226415,0.6534918220404207,0.8343619281663487,0.27602834393592374
0,7
0.9459291000050588,0.17925047831616786,0.31807536725569513,0.37606539816750345,0.3093388093388094,0.15514642070915696,0.4577801380775358,0.45381034060279335,0.7755713459704047,0.8053959557169079,0.39376089591759905
0.9741472479446088,0.11984341538671986,0.48642475594032053,0.5648582124695083,0.47805627580908483,0.06540492260428014,0.6794341645433913,0.6703978517419262,0.6513928142755511,0.8324855612489309,0.2787550209495615
0.9038315131702237,0.8431417174267419,0.09233857477417207,0.18873693840275396,0.11964358392929819,0.4113616850132308,0.09929064562628032,0.04890257989988456,0.9354472502993838,0.7969067235391285,0.49382068785500843
0.9878887633202051,0.07105379689579344,0.6421328977305872,0.7381231703047416,0.6875830114264279,0.03780247928565275,0.8066914498141263,0.8030484120056403,0.5792641834003379,0.8259734416185305,0.24436790639741407
0,8
0.943617063297394,0.17928889693578115,0.30893496905873413,0.37102410846848066,0.30391879398501914,0.1620188830026586,0.4499864595386396,0.44543296263901033,0.7802945484487249,0.804540821460202,0.4025099981862369
0.9873302800730379,0.07400662398149296,0.6531327195149337,0.7456109946357515,0.682267884322679,0.03697161351863186,0.7993583541274127,0.793163608167485,0.5797397499170905,0.8231107254821688,0.24643844605079082
0.9033908076539752,0.8440680148431102,0.09233050498393591,0.18871779405227163,0.1207175478532263,0.4128688553629494,0.09887728605854545,0.04784298852754332,0.9358778401651289,0.7967084614117889,0.4947669799410818
0.9744790105821823,0.1216747967375344,0.46903106461695476,0.5508126843245486,0.4668262995111245,0.06879415797736933,0.6862279953133814,0.6814183980618163,0.6552219032458441,0.8357235237236128,0.27649280650068586
0,9
0.974459117291136,0.11985933441051555,0.4712610340479193,0.5539138680879621,0.4701512163050625,0.06838034755680612,0.6850586216757222,0.6791001451378809,0.6557790947255474,0.8351915654361751,0.2779813861944045
0.9032562104765371,0.8441611414866538,0.09234972677595599,0.18870808653461563,0.12078584995251662,0.41295598859882143,0.09831939281288732,0.04836871069182397,0.9360344215907562,0.7964254026554701,0.4962821023330958
0.9434890482525867,0.18006917803659356,0.3108831306187202,0.37088493450998095,0.30508225346935036,0.16243684017969853,0.4416356877323421,0.43737066342057207,0.7793102307173043,0.80399103107338,0.4012567162220848
0.9873017831215415,0.07432047126764893,0.6438243880529981,0.7408094527440671,0.6856730281387816,0.037563282856347024,0.8006569231552682,0.79614887567847,0.5799243680473989,0.8244986488538883,0.24682214774982214
1,0
0.9871611102302698,0.07440465044269404,0.6453589598643301,0.7409820173912944,0.6828568621672071,0.037500264249197515,0.8019100115369826,0.7970982433311649,0.5802919785490941,0.8243079775210691,0.2472169840750285
0.9033521110274665,0.8441002176777985,0.09132062910876237,0.18801751324049065,0.12019321156377016,0.4152139816673832,0.09997546845809807,0.04892251700028721,0.9358340328564105,0.7966191605011698,0.4957562018797454
0.974077285581249,0.119540839639766,0.4757102736594605,0.5564456104493474,0.47383117104232647,0.06761011537786732,0.6786386054295828,0.6715026685709989,0.655167798236682,0.8338982596543341,0.27769303189374467
0.9454458061418972,0.17882564848170224,0.31272540983606556,0.37393809342575673,0.3061253561253562,0.1594123582303055,0.4578066914498141,0.45405660377358487,0.7761729970250333,0.8054399903648627,0.3936384808696197
1,1
0.9738413533195481,0.12316058277899197,0.47379514359669667,0.5531728050111504,0.4693785746417326,0.06876982547817378,0.6783967353327556,0.6712299616966945,0.6566103013997879,0.8325852710151175,0.27971441728033003
0.9876249536933744,0.07236028699154687,0.6487790897626963,0.7420319659022749,0.6840794533102226,0.037443347497500876,0.8041438115787556,0.7989972291859082,0.5797341251280539,0.8242664479237656,0.24366871555380096
0.9040553670256253,0.847287100453073,0.09137490732350279,0.18905850762125215,0.12038826611690939,0.4087332801742441,0.09941902822663495,0.04922726841755948,0.9357216426820218,0.7970081886179909,0.49293292438862246
0.9430916557762474,0.18468323137646814,0.31013716962194715,0.37096224962664404,0.3023237785142546,0.16205839135490713,0.44318842778747186,0.43876267488127324,0.7804224274855638,0.8047682470289522,0.3998309329411446
1,2
0.9875249311324251,0.07285941935907747,0.6489341464779275,0.7429706530299719,0.6845385684976129,0.03720509654270786,0.8012738368626056,0.7970506793740744,0.5788391352877513,0.8247028267797948,0.24544070433270496
0.9032339612391592,0.8467090613341723,0.09089065404765911,0.18847588583282254,0.12001057361882117,0.4128370503055283,0.097823170965393,0.047481034818128764,0.9363837255540681,0.796625687083539,0.4949751966151046
0.9742512443238738,0.12071364108643548,0.47474658991365287,0.5536466516091756,0.47057480263587137,0.06833331448400552,0.6836317716166747,0.6764078928417111,0.6554801219745233,0.8351030542734201,0.2770192296585924
0.9434759258425853,0.17395038084445288,0.32067334140169435,0.3778445156268288,0.31122966022294885,0.15693816890368883,0.441281405154562,0.4366974800557173,0.7781751135321536,0.8025975803885824,0.4047464850850063
1,3
0.9875365397534902,0.07356309105974965,0.6440087882372822,0.739628074288546,0.6832124220440372,0.03759646624300354,0.8014409995017824,0.7961875121571678,0.5800952032454996,0.8246837801418988,0.24400678498358447
0.9035237694175073,0.8447660382454006,0.09209836065573768,0.18882164843454846,0.12058404558404567,0.41219219372637167,0.0995910780669142,0.04854716981132068,0.9356191013541265,0.7967662898282534,0.4942147235647959
0.9743694079022489,0.12106794155146475,0.4758180774382854,0.5563025856370846,0.47242453468134404,0.06736612412479188,0.6850997352928412,0.6791718669701196,0.6532783737739699,0.8342457142808555,0.2768468764100959
0.9463458005468443,0.18311833457665078,0.311431693989071,0.37107776546584903,0.3033238366571701,0.15726669731957357,0.45469640644361836,0.451320754716981,0.7763630146354833,0.806173074877473,0.3901515499524876
1,4
0.9449603147317812,0.18308596759944257,0.3107089631679795,0.3716245266284574,0.3024198024198025,0.16136350366706959,0.453121228214165,0.4491546189659396,0.7781489642897137,0.8052536369681187,0.3950785460561756
0.9744106789966798,0.11977001012874647,0.47564315097930865,0.5560031639806899,0.47253966729622165,0.06759386926554335,0.6831516366623506,0.6767154264716273,0.6529767366089906,0.8346899334719357,0.2776067614340657
0.9036287725972376,0.8472830520551923,0.09226158998766076,0.18864436442884935,0.11952026468155502,0.4104201755455722,0.09861294319862451,0.04696693041184824,0.9360886269474658,0.7968581909434317,0.4947346752131215
0.987396463381761,0.07439427166252402,0.648391639907611,0.7435533417316771,0.6847495129282072,0.037271942196974314,0.8010833045899921,0.7960837709913764,0.5803083053780016,0.8242797468081585,0.24621147517071335
1,5
0.9439777633024417,0.1812280367854025,0.30284728213977574,0.36701020776659554,0.2972334682861,0.16515278726344826,0.4482977890823713,0.44508440913604763,0.7821310849189061,0.8049667956195717,0.4016368304299893
0.9038743208043718,0.8438014235205569,0.09266352864794702,0.18898758201458538,0.12082874954162098,0.41049079299980673,0.10035334388457406,0.049056603773584895,0.93537999163068,0.7968806795681703,0.49338862866964384
0.9874565435740329,0.07252774777139326,0.6476609356257498,0.7403037154362739,0.6850213923384654,0.037644956030345345,0.8013289639003665,0.7962921569916506,0.580198171625308,0.824851921272384,0.24571999480770976
0.9744578923049381,0.11971596618625865,0.4692351853033106,0.5531416532522226,0.4677574911037947,0.06844851762780697,0.6857361896634026,0.6811687834960721,0.6546586828546314,0.8364033509930887,0.2775092074158408
1,6
0.9443355236930644,0.17984926866754464,0.31164573131786244,0.3714538037691317,0.30678580678580686,0.1618830936612177,0.44476898566117895,0.4393530997304582,0.7787488209369645,0.8035612347211482,0.3960356440356323
0.9742101118117596,0.12111872494093182,0.46837326607818414,0.5514848049526009,0.46964716195485434,0.0686725817607344,0.6839862739490993,0.6793904208998549,0.6557096524730932,0.8349720045406879,0.27988924423149925
0.903792448578322,0.8481212825848845,0.09308401639344266,0.18964075219848692,0.12130519943019974,0.40736462697115206,0.09986833952912022,0.04880110062893078,0.935582405792644,0.7968659893368926,0.49346937331253277
0.9873748884497019,0.0729897014362122,0.6517965416573097,0.7434930776112749,0.6816434453420755,0.03719276234479346,0.799842134745633,0.7945980873610751,0.5801896138863769,0.8237799864631881,0.24606242745597812
1,7
0.987629755762606,0.07292834693951122,0.6471811275489804,0.7409182569350374,0.6899947387752267,0.0375247564055141,0.8008885665064828,0.7977253303530341,0.5788935173336744,0.8257900374488003,0.24470891199651904
0.9033382355631729,0.8474710461618694,0.0917698226831718,0.18843417345631608,0.12010872725158439,0.41287986406374133,0.09746984295576955,0.04670773969965353,0.9362095730783107,0.7965798753957033,0.49529983790596066
0.975049002399382,0.11905865194198587,0.47854981084489284,0.560867209556067,0.4722550953320184,0.06630695349403846,0.6848870460394625,0.6788243831640058,0.6525054449038877,0.834068039293247,0.2768347847331865
0.944509792537077,0.18138138006783258,0.31029085140137497,0.3712227001914977,0.303593419722452,0.16170380722287958,0.4525242834872287,0.44589166159464394,0.7790239850688998,0.8051972670169708,0.3970679633106496
1,8
0.9861542321327391,0.07938438257780064,0.6446470929313162,0.7351028860783667,0.6726486565714862,0.0382074275311728,0.7861915633703489,0.7802827155250863,0.5855296230276292,0.8235441953152004,0.24746407436265833
0.9037408420588654,0.8446960752156687,0.0926557377049177,0.18923065172335402,0.12085470085470096,0.4099150659037497,0.10070631970260208,0.04907547169811288,0.935376743947479,0.7968528864071908,0.49367534502959
0.974147296235861,0.12305785858202747,0.4424714147954264,0.5312462222516408,0.4533625415978358,0.07432074188620987,0.6909968448345881,0.685682574916759,0.6602933848960204,0.8387189690742379,0.2759062586563443
0.94392555433996,0.1794165249510036,0.3205901639344262,0.37888867947544386,0.31452991452991463,0.1583730969653622,0.437819083023544,0.43262893081761,0.7758398303925617,0.8030534257118188,0.39983972359676456
1,9
0.9453759277709886,0.1822722628419658,0.31371872303710097,0.3748882067255628,0.3063802669065827,0.15942326488413738,0.4500097828213657,0.44731876861966235,0.7783212615813255,0.8043795541287719,0.39589735331352555
0.9038552251402175,0.8383250829912359,0.09262295081967226,0.18892023299406163,0.12057387057387092,0.4123277989544648,0.10023898035050449,0.05028879476318826,0.9350486860727084,0.7967956200056,0.4942346925331191
0.9875691447481971,0.07359820478190243,0.6449632560768797,0.7415089810788762,0.6886924059337853,0.03744939627866661,0.8006281245994105,0.7959661678594665,0.5797500459864463,0.8250845393571946,0.24410025230477211
0.9740357379874085,0.12045197327051349,0.4701086615162364,0.5525924366480618,0.46879741515756845,0.06862615276265689,0.6839863835120854,0.6772211378587435,0.6542456100632511,0.8352672550553861,0.2784191128077623
2,0
0.9441320201075916,0.1842200446732842,0.3151449354033221,0.37693860655139366,0.3070130752249958,0.15836167994169856,0.4521036953150004,0.444108459327752,0.77558853981255,0.8046562454214921,0.39969703366200193
0.9743044759313504,0.1189352249463747,0.4749379036264283,0.5578544847964461,0.47400284900284906,0.06735444126562451,0.6823955165033233,0.6758290451686678,0.6537749390706429,0.834335355217276,0.27808253713229447
0.9036088114018659,0.8380932636795371,0.09247274912024728,0.1886117703155935,0.121060246714697,0.4140060915296868,0.10000194632048104,0.04988639731304961,0.9350646769803255,0.7965881560225024,0.4957054082123255
0.9874780940038432,0.07295912229280385,0.6468672804850664,0.741427930355613,0.6870682589860672,0.03748341383803781,0.7996384376432245,0.793913155854226,0.5803498153467397,0.8246329764437402,0.24676127470878467
2,1
0.987423609866185,0.07364363968640802,0.6496536596628955,0.7429579109220813,0.6847839171782837,0.03722070596666739,0.800460757107702,0.7950305607228273,0.5795208262294342,0.8241810893970498,0.24369015134409755
0.9033944906848169,0.8420816326382696,0.09195230998509668,0.18850278743502002,0.12096750985639887,0.41404749446028677,0.09825015958844968,0.04907566228320942,0.9357135677662991,0.7964320003321558,0.4955873297595901
0.9743466150587249,0.12292181486579434,0.472456513577775,0.5539091342048258,0.468889323851156,0.06822894445584068,0.6829223303725985,0.6759613999711939,0.6551428047875176,0.8343265475194825,0.27786605242734064
0.9447545940472509,0.1807296749615375,0.31143282946561635,0.37140844776611437,0.3045658045658046,0.16153783378162656,0.44723120745425576,0.44356775300171525,0.7789892965057126,0.8046920069780361,0.39633432623376263
2,2
0.9035903080462736,0.8464574636314959,0.09173803115569679,0.18882514657675809,0.12009751810746844,0.41124223319897896,0.10022378812258415,0.04862480052567353,0.9355806115095456,0.7968086662419891,0.4944891037544495
0.9738847970671306,0.11966622974633637,0.4755789747593026,0.5560265762306223,0.4744946411613079,0.06757171807110499,0.6794565409807045,0.6716382150344414,0.6542823599142864,0.8342156953237959,0.2782159863294867
0.945104449532159,0.1847188655560263,0.3031900753212229,0.36483327935493187,0.2963155463155464,0.16365994327831457,0.45209986938611474,0.4475522692503824,0.7817192577271593,0.8060546947325055,0.39838917224825127
0.9871516924931982,0.07535004854148811,0.6485290059060549,0.7412494199114585,0.6840388692240543,0.03743512059390268,0.7988684866008284,0.7941680960548887,0.5802471438499359,0.8241208899044865,0.24720320449304
2,3
0.974106089871798,0.12124298041601383,0.4726840244294439,0.5536196389090015,0.46663314898609026,0.06815804077838342,0.682075953057803,0.6766555678875322,0.6541721982186413,0.8345120410957835,0.27730936840248344
0.9038308679425215,0.849126558818396,0.09254843517138583,0.1892328946938303,0.12066534288756514,0.40825356610965063,0.09962074274341903,0.04810367829235779,0.9358905012372415,0.7969837013612655,0.4924934767828629
0.9437744913641726,0.1777251750083801,0.3156112718311368,0.37230511238050645,0.3055881421894494,0.16103586456891258,0.4433753674952013,0.439930940929831,0.7798841257197747,0.8033395366825273,0.39920382622225203
0.9875543571446479,0.07302279092354755,0.6476757242308557,0.740177785031809,0.6868926355227725,0.037607985012268225,0.8051255283393592,0.7997156888084775,0.5786524176367773,0.825222365321571,0.24385888997443533
2,4
0.9873200937581865,0.0743438746477072,0.6489289998286397,0.7422502565490695,0.6818547306352186,0.03733362075625454,0.8015232568682564,0.7987377555716257,0.5800267793697357,0.8247514462728145,0.2451927845987159
0.9041287161756071,0.8461890775516612,0.09323458433885334,0.18954398949893758,0.12087292290337964,0.4073814118905271,0.10059819221406602,0.04936308782683624,0.9353341255475573,0.7970537007872776,0.4917587224413385
0.97444019767184,0.11889338109034617,0.47079445145018917,0.5535955933440366,0.4714770984001754,0.06831019955828381,0.68195596225336,0.6768795355587807,0.6557952716139032,0.8350700330144865,0.2785513309525458
0.9446439452823092,0.17977524410238796,0.3147115179902065,0.37520567818875605,0.30726680726680733,0.15918985096848587,0.4482450634866992,0.4449399656946826,0.777367252156955,0.8045469411649195,0.39661476697751935
2,5
0.9447005887532436,0.1811880829998429,0.3124272871496563,0.3739633638436669,0.3051006341328922,0.15798541185311654,0.44967022424751174,0.44357881923311004,0.7789491971885076,0.8050225111397697,0.3976432718976423
0.9033273970204048,0.8519542819613701,0.09107279368045534,0.18847210349783444,0.11955478794857055,0.41156504001554356,0.09867673401775917,0.04667122885912567,0.9362568859614647,0.796730186046481,0.49463334027243155
0.9875600384778961,0.072977663158142,0.6476502732240437,0.7433019550800781,0.6858199630129455,0.037153429450810974,0.8019826517967783,0.7968222442899701,0.579676442851077,0.8242422899386147,0.24280045741000938
0.9742457921237463,0.12052400274759123,0.4715867615218064,0.5539359938680685,0.4709025426006559,0.06816512470335115,0.68220523251736,0.6770808116767532,0.6544881969015436,0.8344802985345191,0.2790709551316123
2,6
0.9873466273811484,0.07322408071264949,0.6449023130473837,0.7405054824126216,0.6828045115716348,0.03760527313979535,0.7983144064775679,0.7935642284828122,0.5807678849472476,0.8250609132051765,0.24621888506924067
0.903771233249682,0.8444833208678352,0.09200198708395435,0.1885955981676235,0.11971567527123067,0.41122300196199235,0.09962074274341948,0.048370497427101256,0.9360174374023396,0.7968651388607623,0.49354220976231844
0.9438191985072759,0.18274819968152528,0.31154142369897686,0.37041263002143987,0.30384902196982744,0.16208941734104204,0.44816746089169435,0.44153476003545644,0.7773826604941186,0.8043597700459523,0.39614110867731567
0.9742270569831456,0.12232387899227398,0.4691056395974429,0.5522781255796284,0.4688204688204689,0.06847709494077124,0.6876605761364125,0.6818678516791724,0.65474236473416,0.8355167368207572,0.2758395180365909
2,7
0.9038483007300544,0.8489478134984659,0.09206956811184147,0.1891379508394727,0.12020767350716594,0.4081686755299035,0.09906968844941783,0.04742840724068592,0.9360707077229455,0.797154512377392,0.4933641881442859
0.9873596296401598,0.07406251934399674,0.6470136420956094,0.7414295376714902,0.6775446775446775,0.037450090779762746,0.7991525203421115,0.7941153186436204,0.5811226114878164,0.824373400115421,0.2464141755002986
0.9457899756397306,0.17677588872989025,0.3145214172395558,0.3734457364159325,0.3092546640933738,0.160999037564643,0.4485429907662789,0.44635423006695063,0.7768561292969964,0.8037723303169386,0.39048782229091195
0.974422643236832,0.1207695833887332,0.46682219419924337,0.5496879696551326,0.4675980714442254,0.06917471960449892,0.6856591364026309,0.6798838896952104,0.6554612780530938,0.8362961256830602,0.2784653566513142
2,8
0.974423836471777,0.1213378313860379,0.4750030814741773,0.5546780276207386,0.4682860998650473,0.06820987215663563,0.6832881460155966,0.6766207972762094,0.6552396712955985,0.834219872831827,0.2773708134178674
0.9036077644987613,0.8395443041582777,0.09261450059151605,0.18875573079575936,0.12095045084735795,0.4133128418826153,0.09989269152646302,0.050087531608636604,0.9350998248649498,0.7965828132476811,0.49531218376897423
0.987356278331845,0.07437864016102333,0.6455246472839437,0.7401043781172234,0.6867486623584184,0.037710952344164175,0.8015362097327825,0.7969627243442248,0.5807729343926906,0.8249480204579701,0.24463223623245453
0.9434438587016325,0.17716649207893764,0.3122519413287317,0.37209084699178363,0.30759859049332733,0.16146326289438725,0.4455585990999804,0.4440665342601786,0.7794692703496559,0.8033769922563327,0.40011638334957245
2,9
0.9743168528348305,0.12178363295669736,0.4689681774349084,0.5509524479304952,0.46704653371320043,0.06890322696974985,0.6856622202784458,0.6787125416204217,0.6563258828356969,0.8347188848751117,0.2792203064238046
0.9032897500606811,0.8452733195505489,0.09102984447246737,0.18854533517033212,0.12034480239608458,0.4133753435352494,0.0981984558192735,0.04760522496371544,0.9361610008101622,0.7966446908690594,0.49581258486233964
0.9875291078540541,0.07263695258320091,0.646077087559625,0.7401800923686367,0.6859617528513847,0.037632850621242456,0.8008603647847221,0.796440966744494,0.5798844939292942,0.8245110405325992,0.24574468187203424
0.9452274756647537,0.182498544225425,0.3096830601092896,0.373161621994425,0.30436847103513776,0.16124399713906198,0.4487484510532838,0.4452578616352201,0.7782974285323508,0.8058176435862631,0.397052875114733
3,0
0.9874340907267687,0.07299681061727739,0.6496070065124635,0.7419360270506066,0.681877609959802,0.037456163893674996,0.8002749910882517,0.7972215042646675,0.5800568153073918,0.8247868096005904,0.2463522598173372
0.903263449512419,0.8422334135689339,0.09199309749784285,0.18820003200440227,0.12003298845404103,0.41473954440100447,0.0990412835061632,0.04758689175769604,0.9356737144461507,0.796633070491517,0.49618826775199076
0.9743616839827204,0.11923082071883129,0.47255825639093024,0.5540556383665318,0.46914671818886383,0.06814380010703075,0.6811662322494267,0.6742572110171329,0.654943857232923,0.8349086282126523,0.2778402166468241
0.9448852108582453,0.18273851861754403,0.31354838709677424,0.37476775119807604,0.3083172502527342,0.1584092789315649,0.4506775392732942,0.4453804017041996,0.7762555098150844,0.804812206338699,0.39399437524668973
3,1
0.9451753034372646,0.18200949144362047,0.3055609128897461,0.36887518396382973,0.297711487253971,0.16325744902368153,0.4534587069028354,0.45090640029596735,0.7805522701489319,0.8062597043967673,0.3975116204091706
0.9040181062180951,0.8470377541952299,0.09251677567315031,0.1892520011010843,0.12005668482352427,0.4084295361669889,0.10000577845407105,0.048567797438654525,0.9357920636304324,0.7970150125911122,0.4927104721595655
0.9876252345286533,0.07327602354457394,0.6505079658277534,0.7435520686644262,0.6885658681433332,0.03723266851543508,0.8023587622388607,0.798697847462131,0.5795674230033481,0.8245831223582543,0.2440496028196682
0.9749105596002581,0.1178941649239168,0.4729141179349156,0.5575266137819781,0.47603861036696865,0.06730171686779146,0.6875104033734672,0.6807800619543791,0.6523804729940796,0.8351446446931108,0.2760774196378315
3,2
0.9875369212958457,0.07251620052937496,0.6498586772187678,0.7441422032503685,0.6857549857549858,0.03720963417341096,0.8028457890014102,0.7990240728692256,0.5795392158249986,0.8243789158518091,0.24453509126764386
0.9436535772984995,0.1806505894444308,0.3178156551948757,0.37711576508145916,0.3086168185505934,0.15562922365592416,0.44164061153647316,0.4380607272272898,0.7770862150021629,0.8037925157498509,0.40155534585495123
0.9038388959610287,0.8478843049466614,0.09239640827086226,0.1892747753336494,0.12077481424215081,0.40888763578801346,0.09958715510638677,0.048999715558926626,0.9355422475529087,0.796859767764962,0.4931698790467651
0.974680317979881,0.12126466350667095,0.4708857542254416,0.5536383746662442,0.46935665540316707,0.06826895430815907,0.6858880147546181,0.6775486324411291,0.6545735479828123,0.8351536216448445,0.2748080873087331
3,3
0.9719453320861604,0.12625801876925524,0.4734375981408203,0.5496661185563972,0.46697448996299573,0.06960754492138488,0.6634049765699555,0.6563290681703173,0.6611594951395887,0.8312017246090676,0.2889863864544044
0.9038707757088341,0.847981390863287,0.0927330560313187,0.1889038346370976,0.11971481623222918,0.40915594196179617,0.10022378812258365,0.04817422322350501,0.935841922925384,0.797087053332964,0.4931369332908723
0.9873934205149588,0.07378892747169255,0.6402076502732241,0.7334251178176081,0.6750332383665716,0.0383063843193351,0.8005700123915739,0.7948930817610063,0.5820110108056371,0.8263159858163447,0.2438792097914551
0.9437939775463953,0.187117997517968,0.28621022179363553,0.3523091188144707,0.28720462543991954,0.17294494046724646,0.4411764705882353,0.43729189789123185,0.7868348560187334,0.8059115319993978,0.3979021269978453
3,4
0.9862552103846469,0.0781240476806026,0.6443587270973964,0.7353342510726586,0.6738906088751291,0.038139855706739195,0.7876552303566702,0.7803142706933814,0.5848137777885075,0.8233593497207257,0.24960253534277402
0.9034393220430961,0.8475864427635444,0.09152717860224313,0.18823111363469242,0.11986804618383562,0.4127712378934462,0.09892388964977533,0.04782522343594764,0.9362835561410734,0.7967061699650041,0.4944393634645543
0.9431645161861395,0.17959868815510738,0.3173162523070242,0.37583681126318025,0.3137487971925058,0.1598420529462992,0.43664295034343537,0.4336373859802574,0.7783267479557726,0.8022086297602227,0.40400454831799587
0.9739980404502702,0.12300399826237896,0.4439260193358554,0.5293191096902007,0.44991112085129187,0.07486077379813971,0.6887331998856163,0.6866634413804225,0.6624988163252443,0.8388749875060394,0.2757912668179076
3,5
0.9741532130517084,0.12115180255871644,0.4697072143905084,0.5537583582407536,0.4694979325329521,0.068104318481715,0.6844198863061057,0.6798619778283533,0.6537424019134347,0.8358511335757954,0.27965994587296555
0.9034590377067915,0.8435734824010039,0.09206557377049174,0.18893993771194123,0.1209971509971508,0.4121833171554103,0.09998141263940558,0.048603773584905696,0.935518311448505,0.7966626881618494,0.49487866006986597
0.9449946867722248,0.1801200819549219,0.3184342589494814,0.3760049205834215,0.30928154737678554,0.15815153587745506,0.45267177502971445,0.4474136824541136,0.7755231144571106,0.804551063718476,0.3912729975922657
0.987390187475081,0.07366369039115156,0.6455113192818114,0.7389598036506881,0.6858635191968527,0.03774417195099146,0.8003945072452772,0.7978308304453856,0.580340394261933,0.8252823722782848,0.24613206899658396
3,6
0.9742850062193257,0.12093806933924525,0.4746285860655738,0.5560415406768394,0.47232238247863256,0.06755204209027281,0.6828967239776952,0.6766214622641509,0.6542860554729197,0.8348240075031573,0.27735838385062683
0.9036674331441363,0.8499009737923691,0.0913934426229509,0.18912202145106932,0.12042972459639129,0.40879416466571294,0.09909386617100391,0.04819182389937121,0.9358989771406127,0.7970031226647922,0.4941707558166849
0.9874014742609418,0.07441857829969711,0.646070065124635,0.7418860669951443,0.6852534831986886,0.03744142355458942,0.8015353669094055,0.7953734815197725,0.5799145311156222,0.8247395106485824,0.24333634391385905
0.9452586074201279,0.18267314428428594,0.31184893131355057,0.37173396610878545,0.3047711781888998,0.16083989288296408,0.45510799491788617,0.45063291139240497,0.7769896324075589,0.8053078272113251,0.39073638195919796
3,7
0.9875585644289894,0.07305513975454148,0.6455309042460755,0.7406270764812053,0.6829653790784533,0.0374886586049642,0.800885362617731,0.7973731582105473,0.5803152880141418,0.8238521788547729,0.24628821665949954
0.9441372596465818,0.17646005887002703,0.30979292493528904,0.3708204145268946,0.3027252961463488,0.1619461638155878,0.4481999608687145,0.4431727904667329,0.780576110079263,0.8046226836834345,0.40234851872096766
0.9737520619448499,0.12188984986851509,0.4737768213178049,0.5533846784409143,0.4710424710424711,0.06870294808375937,0.6777281795869157,0.6708967727835652,0.6567071277268262,0.8334948854589604,0.2812283115083013
0.9035487347863863,0.8469000988910556,0.09226936676309883,0.18910769389419851,0.1208172727780571,0.41017965758899855,0.09902325242364596,0.04813170551239321,0.9358344999879339,0.7967425289951963,0.49413290308689717
3,8
0.9739964178124904,0.12078403903920382,0.47370744010088284,0.5531800795358442,0.4681678720140259,0.06880457592882233,0.6811409779811267,0.6732510885341072,0.6557694280483591,0.8334635375625864,0.2780740281099259
0.9036398265113654,0.8384698276029687,0.09248279962626349,0.18864108961130366,0.12076524511757675,0.4136966479272756,0.10012134753548957,0.0494280965881318,0.9352073814530335,0.7966230949282692,0.49512551770166313
0.9873791694656849,0.07361594902722896,0.6448910846620257,0.7407251897570066,0.6832240565117279,0.03750484637854802,0.8030503641085706,0.7981132075471699,0.5801012571598829,0.8246792830537302,0.24632534753935814
0.9446938722643777,0.1802765690590966,0.314307004470939,0.3740479129939044,0.3053058053058054,0.1604303979968126,0.4486312943562014,0.44501347708894873,0.77733760904668,0.8043193673442246,0.39750777330672216
3,9
0.9747352507510105,0.11890060124048457,0.4791516850508868,0.5614699681783785,0.4736440758745592,0.06607401214645178,0.6852862729923579,0.6790629164620887,0.6518382190303474,0.8339372357746457,0.2768178933752628
0.9034397617636049,0.8423143521730678,0.09109481835406508,0.18826179135789695,0.12033099972798472,0.41440856063293874,0.09753227102053014,0.048373945197686286,0.9360402236871705,0.7965534450352628,0.4954259858487772
0.9875522634912284,0.07349662719723982,0.6485104882778071,0.7434287925978131,0.688927692511922,0.037171593654518706,0.8035335971539355,0.7971461418813821,0.5777402367621056,0.8243845250485324,0.24307014380758718
0.9450948967943811,0.18230201868468854,0.3099439171699741,0.36993440581595394,0.3013945119208278,0.16225277691137005,0.44908041479162597,0.444488579940417,0.7799045823164831,0.8047421459716345,0.3964778610523169
4,0
0.9738170347704247,0.12314041021369576,0.46801671488267443,0.5498122527550889,0.4662085916987878,0.06895681947040587,0.6829214957358407,0.677306696263411,0.6556454013694132,0.8353735358054205,0.27896073060239845
0.9033190040750201,0.8516151387227023,0.09163852047120868,0.1884921730416071,0.11957222007473273,0.41164305999189754,0.09865311688554296,0.04653455959040459,0.9363523609017621,0.7968891175651224,0.4953401768581035
0.9872178537237405,0.07462254266647295,0.6437947157906594,0.7363933583960154,0.6766039102808861,0.03791326561604093,0.7997036242159455,0.7949944887505671,0.5821153550574143,0.824853525709117,0.24682022954353472
0.9445061953307862,0.18382921245251574,0.31346833815493413,0.37214210287507665,0.3058302143269464,0.1616836493120459,0.4504215564788493,0.44552965840424213,0.7772702159786111,0.8047570822552524,0.3961124841609563
4,1
0.9742285819495088,0.1200606433528934,0.4743253467843632,0.5550125790132958,0.47220030681569153,0.06813954539381112,0.683971975979411,0.6778374455732945,0.6548311685237229,0.8343295433685233,0.2788439927752155
0.9042022528213928,0.8466011136940721,0.09259760013520357,0.18962440618133175,0.12075953828531155,0.4066974494885389,0.10023761161997485,0.049542890488232016,0.9353769105161434,0.7971223541620207,0.4923314142931221
0.9873704541106572,0.07306762179913356,0.6468352320088915,0.7402744646994822,0.6856052923849534,0.03760916850959334,0.8005796736185496,0.7952414454748957,0.5804604855928744,0.8246139866652358,0.24614879768077177
0.9441920974232209,0.1789619079148193,0.31732863901419306,0.37446527248718353,0.30841889902292596,0.15992014129138568,0.44614655322970986,0.44310497657338227,0.7778856031042702,0.8032779041811657,0.39912022666006486
4,2
0.9872713415287414,0.07475250012616896,0.6490908073630617,0.742995617903734,0.6834300827474892,0.03726446693409208,0.7997005722115788,0.7945907656642412,0.5803696846539643,0.8242207267811387,0.24539601472416972
0.9036115188608083,0.8432598453253206,0.09183725473541143,0.18890071341368114,0.12067667508082003,0.4116170546632916,0.09977464029123384,0.04921302180076231,0.9355169972424288,0.7966453937814039,0.4942020238474641
0.9461392605873116,0.18279951447970397,0.3068095838587642,0.37096510550841416,0.30013149243918474,0.16140229189427102,0.45400819750262134,0.4507256894049347,0.778914872741814,0.8065656648317385,0.3927554984232358
0.9749170981219295,0.11925187908577745,0.4725281762295082,0.5558437794774087,0.47314592236467246,0.06739797930290166,0.6842181691449815,0.6778007075471697,0.6534303110253407,0.8355539653044094,0.27615372071707106
4,3
0.904101698861424,0.8481831088326073,0.0925035810918351,0.18934133262956,0.120211324094819,0.40715573015918693,0.09948749413505609,0.04896501190694302,0.9357314022094676,0.797085614571306,0.49240790234348153
0.9741529919113241,0.12016479900133695,0.4774106105589261,0.5563381020478327,0.4711622585638334,0.06779491757103455,0.6840441413224834,0.6794978457881443,0.65401362363045,0.8347230944830479,0.27776152566254514
0.9450520086185229,0.17806387237205978,0.3087221521647751,0.3709970836462769,0.3013551026371539,0.16160672647913374,0.45357925841197216,0.45062893081761,0.7809859747693174,0.8052708524615557,0.3980955415405077
0.9878157974470252,0.0720479480850196,0.6453668178118824,0.7407585251785397,0.6877614111656667,0.03747014421359354,0.8043581428458437,0.8007092198581558,0.5783866921601686,0.8257665037407008,0.2436294401643633
4,4
0.9478849672948503,0.17911912169657027,0.31490216816499206,0.37574333172818214,0.30743497840272027,0.15534069222833446,0.4678258784026862,0.46239805234327447,0.7738110050696941,0.8073329591506192,0.3864373431198229
0.9033317237611024,0.8405721713787666,0.09207650273224044,0.188265878425584,0.12008843779677075,0.41485316938285494,0.09901641883519224,0.04805424528301877,0.9355385933866802,0.7966454330351551,0.4961852648001235
0.9875488779218595,0.07277660445072928,0.6456440281030446,0.7426622106160223,0.6897232397232396,0.03731964048519179,0.8034386617100371,0.7984905660377357,0.578948428981771,0.825359236502715,0.24424548282663094
0.9745264031889004,0.11907191850202795,0.48188252374327023,0.5615412606072273,0.4758780921142546,0.0665424463583555,0.6838914114048203,0.6764603495091555,0.6530488986670766,0.8334711043250758,0.27851435519724016
4,5
0.9875020865740763,0.07348813468167675,0.6469982277359326,0.7405557554128241,0.6853199353199355,0.037510718161709325,0.8027855922837335,0.7993498215196326,0.5792419997449253,0.8250674412336136,0.24375689472865886
0.9032883378490654,0.8486359341749408,0.0904572907679031,0.18843559759031875,0.12090268406057897,0.4126532645345866,0.09720211308941484,0.04734856007944366,0.936542178692528,0.7965290952485531,0.4959403747611438
0.9439599586542289,0.1778869990503584,0.30568156299124183,0.3659537209028272,0.30205284314873354,0.1647287567656844,0.4479044660589704,0.44409408115792187,0.7803237474775322,0.8045524053965797,0.39473142356199015
0.9745656087313124,0.12007776246571816,0.47097251325033895,0.5546128757872442,0.4699141014930489,0.06821606611808981,0.6848953238113872,0.6796425024826216,0.6552855646502408,0.8351722604553279,0.2773069779743288
4,6
0.9739938911801707,0.1207554383071065,0.47370140066578736,0.5549084734567281,0.4734038488827761,0.06811267742376213,0.6804683160278597,0.670527000650618,0.6559425884787077,0.8329905284759668,0.2791585714078414
0.9034777286489383,0.8453313151693631,0.09220475075276047,0.18857029438564432,0.12039944182801354,0.41278218398833944,0.10071314771261658,0.04886407393145986,0.9356796370579444,0.7968161096541536,0.4943786797512873
0.9423606419492139,0.18281979795380837,0.31034559149313257,0.3707890999916275,0.30318780318780325,0.16318099160773114,0.4394403697377675,0.4354665986741458,0.7807765834155888,0.8023912245717496,0.40490829732336586
0.9874344655732687,0.07340287663267961,0.6495160297655683,0.7435300675406906,0.6885543984520095,0.0372826442125115,0.8004364540644784,0.7957627664369887,0.579173674901023,0.8242308688373058,0.2451398312932337
4,7
0.9428517536826139,0.1804936779942189,0.3103750280709634,0.37013339502213194,0.304960387152168,0.16361907604580297,0.42985181035799763,0.4270354096665804,0.7822988628506891,0.803002282111949,0.40591045979089574
0.9039086884303671,0.8456611069312707,0.09252999830995418,0.18913033962165693,0.12077422386700737,0.40930729170507035,0.09979688038937656,0.04884263761914054,0.9355572277051835,0.7968616222494308,0.4932366723830761
0.9734472820670667,0.12279210995554432,0.4592948920817773,0.5412162850967691,0.4603174603174604,0.07184713943679905,0.6792065565299765,0.6736504698768849,0.6602423544360373,0.8350241504104522,0.2813849996120517
0.987199381033932,0.07448901654191017,0.6475574318767477,0.7410308058091125,0.6813785743551634,0.03752289997686506,0.7961109522447813,0.7905344860225907,0.5814303045440777,0.8242102474506104,0.24414718729740925
4,8
0.9439283473614758,0.1821636502475145,0.31509037410676755,0.37431306844491896,0.30690700562495443,0.15844589106952445,0.4459775045276904,0.44177552007740684,0.7780096903506858,0.8044297866696398,0.39717903082707534
0.9036591080996338,0.8421236679614017,0.09238187078109938,0.1888267642656662,0.12034243896989016,0.41206960714192686,0.10022596399154465,0.04883462819089868,0.935462628834877,0.7966968516886644,0.49400618506775185
0.9874313078217167,0.07374501053767424,0.6480198298687398,0.7426377181449362,0.6837704741484814,0.03736182930087846,0.8020158663243016,0.7961615768657202,0.5797966134916054,0.8243767457671484,0.24474945337055184
0.9742072722935021,0.1219679177399618,0.4746694870438921,0.5561401112463517,0.4698327359617683,0.06761813935207014,0.6808070512051805,0.6749847839318319,0.653546178206946,0.83387161487182,0.2779883618487348
4,9
0.986401053599413,0.07747945324726435,0.6465044949762029,0.736061345838006,0.6692675305578532,0.03805109312221276,0.7869168965103732,0.7812903225806451,0.5849309039405951,0.8227222790460142,0.25058392027974774
0.9034782581253731,0.840184097204817,0.09244549602839303,0.18861825414435723,0.12074485270361562,0.41390424021345384,0.09897290461043196,0.048978797899241255,0.935455700138334,0.7965392816347222,0.49473823856830046
0.9435018750851017,0.1827932773351219,0.320808743169399,0.3811002068675718,0.3143399810066478,0.15595500834440243,0.437447335811648,0.4285786163522013,0.7733630830255803,0.8028063478990803,0.40180929949341015
0.9742379214323968,0.12293734319991295,0.4420876547340247,0.5306007316728278,0.4502471073899646,0.0742106355160844,0.690084212123511,0.6862841740469773,0.6607819081674545,0.8393554720892251,0.2747484202509991
5,0
0.9749724549034817,0.11984392861880583,0.47617319484419973,0.5590212642566326,0.4740653748287337,0.06686579681568562,0.6886971820993786,0.6821978971626097,0.6516774237502644,0.8354817734834907,0.2728525709767395
0.9034053088617666,0.8413890093112796,0.09086893739913382,0.18822726157093644,0.12073572177199104,0.41488338924797663,0.09879230309917725,0.048939290253201984,0.9357559196412841,0.7965971755800171,0.4952784596347505
0.945591520876465,0.17849310605270277,0.3120754312654024,0.3714070596135135,0.3053646909856059,0.16041796474047537,0.4496683431737007,0.4472807991120976,0.7787872022013591,0.8040066051808211,0.3963229816173833
0.9873023379562322,0.07373328595289225,0.6529338609383832,0.7455141047734389,0.6879261224088812,0.03699951201981505,0.7976926035123703,0.7919973975276513,0.5800075700762686,0.8229094985462706,0.24790968135445293
5,1
0.9872992397603618,0.07433965753227723,0.6382734448308216,0.7342941156079359,0.675597379301083,0.03810631948723303,0.8007334810308786,0.7988946064417762,0.5805951389147961,0.8261193591132938,0.24524168453012696
0.9031815260125255,0.8499319418240954,0.09211790031462147,0.1888183607000683,0.12052145385478719,0.41075172641919344,0.09800608313619463,0.046140651801028665,0.9364567919656168,0.7968025130218865,0.4960865647115418
0.9723860981821778,0.12527816668404948,0.4728309466727143,0.5493028478910664,0.46759681542290243,0.06974106774696281,0.6663678974976858,0.6607949884405996,0.6592066721703146,0.8318096657464474,0.286656504531739
0.9460559249329089,0.19118929660915412,0.29267759562841533,0.35819740652388843,0.2903893637226971,0.16904788665236195,0.45358116480793054,0.45122012578616344,0.7822370400765994,0.807620762363598,0.3890711360452164
5,2
0.9875762792645484,0.07274922537882711,0.6479115203233776,0.7431865246640449,0.686697498341334,0.03726615786107078,0.8009497377399807,0.79614887567847,0.5787182899477817,0.8242473172528715,0.24531762921840383
0.9039098257039895,0.8496868477386851,0.09248498620353846,0.18914418290073437,0.12030690248512033,0.40835463693503293,0.09965401744635444,0.04819727255744438,0.9357946489150376,0.7969877110581368,0.49311651672092394
0.9435963222803373,0.1784411653041974,0.31154012079378773,0.37285218978912493,0.3052181736392262,0.16075416234209716,0.44502054392486795,0.44004468718967227,0.7802555314990414,0.8040677500103336,0.4010079214520347
0.9746257580406946,0.12028859901247363,0.4759823054905022,0.556784193145221,0.46851399629177415,0.06750542507797032,0.6875110639051161,0.6784965558550463,0.6537240443298117,0.8351134847099776,0.2785066666717344
5,3
0.9876833793166905,0.07273182683528018,0.6479059259688351,0.7448394442563204,0.6858345162232087,0.03706348040109453,0.8036307748893295,0.7982798853256885,0.5790418547394356,0.824325515351721,0.24254080185105145
0.9039518135617061,0.8426471965838439,0.09264778936910067,0.1890556061971989,0.12047828714495395,0.4102881915094544,0.10022154631820074,0.04920907185058088,0.9351332881544233,0.7968552323795811,0.4936311530978547
0.9741279774996804,0.12050169630806554,0.4718142482783838,0.5539870244566429,0.4706891621389763,0.06815433605689669,0.6834620859302662,0.677575927614505,0.6542989277754833,0.8352345877465392,0.2787938574873496
0.9445580485218478,0.1810089196364234,0.3186309260079752,0.3747743989168107,0.3080003080003081,0.15832424907281858,0.4492364111323219,0.44594594594594594,0.7766700584458097,0.803900138518752,0.39759152616339755
5,4
0.9037121357772424,0.8466484275416482,0.0915880112601421,0.18883322564001798,0.11985956430400901,0.4105304733242301,0.09973339341369053,0.0487135506003431,0.9358868744896675,0.7969059420199793,0.4939073752465954
0.9744704022050384,0.11934798536173638,0.4666495901639345,0.5511298958026328,0.47061965811965817,0.06839724211645554,0.6837825278810409,0.6779333726415094,0.6559410423933135,0.8357861311326119,0.2789540248488014
0.944417598492382,0.18093855090261599,0.31442179884802834,0.3766175749916699,0.3071340571340572,0.15775183710327267,0.4496131819551894,0.44543600203977557,0.7755443944149344,0.8055094049492755,0.39557231917810537
0.9871966579868303,0.07447288965574028,0.647984049623394,0.7408576493757206,0.6804496804496807,0.03751520563682105,0.798666231287049,0.7929245283018866,0.5806314046401775,0.8245486071364035,0.24633575470279007
5,5
0.9874780519118028,0.07312431917747145,0.6499360933592666,0.7425960791097888,0.6874112704621181,0.03737121882538756,0.802205280070569,0.7964694595458908,0.5797596030128752,0.8246784879334932,0.24367955619712628
0.9038629926167038,0.8465694779488331,0.09303719372466074,0.18927289004523218,0.12096008332567482,0.40941530404058035,0.10027181516568712,0.04917833231892854,0.9352083802136444,0.7968625737351714,0.4939373484451471
0.9437589322562913,0.17844843103961366,0.3135428631095333,0.3729181403741041,0.30743825648284256,0.16029387742351575,0.44780148225321426,0.4444898449705563,0.7791858006476611,0.804316270676352,0.398324763939623
0.9741914466975202,0.12092660922773513,0.47303909205548555,0.5519108170726369,0.4698444006136314,0.06880388820334667,0.6833571632828139,0.6774165457184325,0.6550239102301085,0.8344210950036819,0.27810363242265734
5,6
0.9431514306623598,0.18137401645927015,0.31255333483045145,0.37373641042297256,0.3051945517698943,0.16065701146754638,0.4398075062382237,0.4332902558800723,0.7792321993693146,0.8032795826062171,0.4032340618493223
0.9872808994436354,0.07506255475314269,0.6464499150172707,0.7395566042501609,0.681016493725524,0.03772063173009857,0.7966331389638324,0.7918848993500347,0.5822218227081672,0.8243863035170033,0.2453193561061195
0.9037098310721046,0.8458558137232239,0.09208336765796171,0.188714575054578,0.12004466778336115,0.4111897486821046,0.09921353981804953,0.04837394519768634,0.9358291251085161,0.7968113986107821,0.49351878358994367
0.9737437551069713,0.12203670956403784,0.45731250806763907,0.5411247810952404,0.46158332772506006,0.07153808201301905,0.6829610982642039,0.6767493685930769,0.6595283829673139,0.8354636030381098,0.2812437340061488
5,7
0.972582000279062,0.12396500574817432,0.4748633879781421,0.5522515268878957,0.4693619138063583,0.06882621666901835,0.6686139139670738,0.6599430967355495,0.6591679774768635,0.8314940944396828,0.28330493090762
0.9036312572989245,0.8471185544213167,0.09208336765796193,0.18874616667125133,0.11971538604704446,0.41037561106852327,0.09949375128430243,0.04784298852754326,0.9361912661378317,0.7968947765199716,0.4933726796863567
0.9874771187621069,0.07307202747529831,0.6391192542590806,0.7340109374331202,0.6774761186525895,0.03822601977680136,0.8039215686274511,0.8018128005919347,0.5811135047645118,0.8260872404223887,0.24378067803677272
0.9449407318570997,0.19005292928594328,0.29898848971049874,0.3618192071120494,0.2941544927360531,0.16655552270452842,0.4497350312425848,0.44378429011106646,0.7810472852041688,0.8071629308108004,0.39166117609513895
5,8
0.9033129427706456,0.8423762030372841,0.09117144808743188,0.18847328860465445,0.12065230294396945,0.4143100914052655,0.09849364931846305,0.048545597484276615,0.935753113886612,0.7965441156780748,0.4961934861478884
0.9740361038304659,0.12048518407881428,0.4661095872934873,0.5499362990600182,0.46675978582593375,0.06937039088221135,0.6795307595504317,0.6749577857719697,0.6571241192446562,0.8348558793970453,0.27980631035368575
0.9441802970837452,0.17908358072950042,0.3096585569593818,0.3694109754186,0.3033189975865136,0.16304726990632964,0.4494589538986101,0.4455233745943996,0.7797212689717203,0.8044377651038631,0.3989856188608034
0.9871152302312663,0.07470823898324716,0.6449169137805627,0.7372131247767404,0.6776542885757904,0.03788471752073429,0.7985967494322288,0.7923626762830833,0.5816523490948016,0.8249775955677441,0.24650831422774788
5,9
0.9035101595502166,0.841499483173298,0.09242221478755414,0.18868770312517796,0.12061747776033499,0.4131332848864485,0.09966997951597023,0.048844820947247014,0.9355773136090736,0.7966129091739513,0.4943539856385061
0.9874502014416516,0.07332335902669604,0.6465712306626648,0.7407568032263222,0.6845130612736248,0.03753978222045054,0.8006440127755381,0.7964124368854635,0.5802566217989118,0.8249349237069685,0.2448472577159096
0.9445204862696656,0.17798303028466664,0.31310389751384216,0.37320719136233643,0.30835267259108323,0.16055348120259538,0.4422314680322017,0.43766087717106084,0.7798196675426059,0.8040821546493274,0.39792494538502254
0.9742568343391629,0.12175308474860391,0.47363591876682165,0.5557897315441624,0.4698409661096229,0.06785377419635245,0.6832658269988349,0.6767952689383272,0.6550419450756089,0.8340028616677357,0.2773139608033409
6,0
0.9875463984361642,0.07257869496921127,0.6456625683060111,0.738606026233733,0.6844729344729346,0.0377032085504581,0.8023285832300702,0.7967374213836477,0.5795280655861048,0.8252795703335403,0.24447613168906523
0.9033535826112079,0.8456703200898381,0.09208765473402475,0.18896056558754498,0.12111169254026394,0.411616734923253,0.09921477884834234,0.048382749326145946,0.9356657671275349,0.7965132178190973,0.4947081270856478
0.9450040390787843,0.17835798796321672,0.3094644808743169,0.36879349695864794,0.30260208926875604,0.1630688668642076,0.453358116480793,0.44905660377358486,0.7791328135685978,0.8053404541043971,0.3964185987386621
0.9738108483201269,0.12103129093173542,0.475869349230005,0.5553110800742409,0.4688120521453855,0.0679730629839831,0.6809310577897939,0.674585477415666,0.6543741295805843,0.833065369394289,0.280032858015811
6,1
0.97395753957815,0.12157462482664047,0.46929133858267713,0.5497115190056299,0.46503802409314227,0.06909635874038275,0.6829318268301965,0.6766156588916951,0.6559112468860987,0.8354111203278354,0.27998173412822386
0.9037971492944131,0.8440168556950662,0.09232786885245903,0.18896476319202143,0.12054131054131056,0.4104504061510166,0.1011338289962827,0.049679245283019036,0.9354713787443604,0.7968107949070564,0.4936548927964243
0.9448120286258913,0.17898422647485196,0.3131999148392592,0.3742723683689181,0.30711880711880724,0.15906519913110287,0.4475450200357264,0.44253859348198965,0.7782289007668597,0.8048855309728795,0.39685462983564157
0.9871265788307712,0.07468753605291384,0.6458224985867722,0.7383947028444666,0.6809313292071913,0.037810624931735676,0.7986668375849247,0.7932986337020169,0.5814322655045083,0.8253142326147861,0.24517348426988889
6,2
0.9748412696443458,0.11888419219840324,0.48162845562881856,0.5611435801477505,0.4753629587577928,0.06639516724685995,0.6841657635907212,0.6777692682587202,0.65218411724536,0.8337090912797605,0.2764543785198555
0.9037417727049973,0.8455988173131286,0.09256255392579832,0.18870049235966835,0.12024291497975709,0.4113856055024656,0.0995499902171787,0.048123138033763724,0.9356019048441812,0.796800677724839,0.4937070798576943
0.9446865413806214,0.18247822974150846,0.3148409510368038,0.3756822335040368,0.30748476443840694,0.15854184189460677,0.44823850907210916,0.44565787829563913,0.778156565313451,0.8041008562373324,0.39958733921840195
0.9874941198610605,0.07397001823816737,0.6459704230196034,0.7425255593138798,0.6886418424879963,0.037291154742876406,0.8032599370889333,0.7988916743633723,0.578335236777996,0.8253928801895355,0.24444484460189597
6,3
0.9873063289233158,0.07394903604906053,0.6500085087072438,0.7430976247367493,0.682153806721281,0.03720668933402578,0.7990764204216564,0.7935888228765421,0.5806297947019228,0.8243278348560471,0.24490610240365857
0.9038461313834086,0.8478920161514212,0.09245235915785976,0.18910245157513744,0.1197448913184953,0.408833664671721,0.10003207970864092,0.04850110142706621,0.9358710051677945,0.7970693081372822,0.4934773799437979
0.9438115455878233,0.18125460572628282,0.31244607420189824,0.37327596015579245,0.30536812115759493,0.15950510680118093,0.4441156329485424,0.4409384309831181,0.7779635633760257,0.8040190040755286,0.4002689041589579
0.9737150124934885,0.12189422376967424,0.466796973518285,0.5504875086634515,0.4702279202279203,0.06906984146945315,0.679839862739491,0.6729462989840348,0.6576792872699747,0.8343886119789172,0.28092049126005236
6,4
0.9740081725203997,0.1214324091608815,0.4446373992775771,0.5303402061612503,0.4502510985561834,0.07483736208356637,0.6898273580744755,0.6869683402622323,0.661575516577066,0.8391532009530223,0.2763774222388873
0.9039231402145932,0.8471790604720174,0.09234689543871555,0.1892858137101307,0.1206619134080274,0.4085743301228073,0.09987094785908274,0.04929123081435127,0.9358895992482075,0.7969739059353739,0.492486370485598
0.9430791945317404,0.18126505700311563,0.31994890355546096,0.377539147646,0.3118733118733119,0.15897455078894743,0.43516149278231064,0.42999264886057337,0.7769469195146281,0.8022354870938169,0.40318006103366766
0.9865104542257684,0.07729368508841727,0.6457871454592767,0.7373152200495471,0.6699498032831368,0.03788622257254118,0.7868649318463445,0.7808924827792751,0.5850481336016847,0.8228308426901814,0.24994229455425954
6,5
0.9454200991740345,0.18663385655612638,0.29425656310902215,0.3567100673453518,0.29067798298567527,0.16946395282453316,0.45477942132217225,0.4508246470510621,0.7835202343819521,0.8074078866868025,0.3927222292033934
0.9730560134641874,0.12336752801133696,0.47839623840386325,0.5564637981525159,0.4741491640716447,0.0679474255122481,0.6680931385262673,0.6611671785870995,0.6564868802346279,0.830410516518665,0.2830299580205854
0.9033038437882432,0.8435675288731399,0.09211631930142522,0.1886523390369778,0.12084639722830681,0.4133653605721465,0.09814873624628734,0.04812742960083405,0.9356306563593539,0.7965532883515614,0.4963588923724604
0.9878418173316466,0.07140575487457376,0.642986027065684,0.7388844312974856,0.6819633262586282,0.03773479132365018,0.8050697337890771,0.8030897809294666,0.5799253607003898,0.8258765722609027,0.2432689441516832
6,6
0.945153910557062,0.179121176599374,0.318097926392357,0.3774673523241363,0.30748476443840694,0.1568494191172639,0.45500873975233264,0.4508809196551293,0.7754095253364952,0.8043820680650031,0.39454758702646187
0.9746344704529484,0.1190290202084967,0.4731197597296959,0.5559197147759051,0.47421761162219184,0.06766692574742782,0.6871647890121739,0.6797637908685006,0.6540501946768511,0.8353733879140974,0.27715038681719867
0.9033299907380821,0.8475583496458633,0.09178602243313183,0.1884250883163338,0.11973309341730415,0.41240044527380565,0.09829778908237125,0.04613704071499514,0.9365980606008276,0.7968284619380198,0.494907527718516
0.9873824568064097,0.07430721520468586,0.6467463184217837,0.7424510455490355,0.6882997730455357,0.03730173024402836,0.801562598450003,0.7970962583946273,0.5794082054206704,0.8245092029009988,0.24517903114346962
6,7
0.9738175156049138,0.12164067631288289,0.4638823835545147,0.5471219449909175,0.46403699181476965,0.0696998346527058,0.6843394111052103,0.6782120395327942,0.656475931570825,0.8356975987501571,0.27957317541356863
0.903948650021508,0.8425496693645579,0.09208336765796205,0.18890997513992364,0.12020215035290416,0.41066570976882977,0.09990472810147383,0.04954963496728898,0.9352558855005461,0.7968339082984176,0.4941570421067704
0.9870301626823358,0.0756080936597753,0.6495225478832036,0.7415751864625525,0.6796358648210499,0.03744088306518059,0.7965153392662687,0.7914744933612856,0.5814068395623606,0.8238540405908586,0.2460364518813692
0.9433659743200709,0.17704715435033153,0.3105573770491803,0.3713454531236582,0.3048812915479583,0.16250808896154761,0.4367781908302355,0.4336603773584905,0.7821939543154177,0.8031489347679275,0.403687967913679
6,8
0.9035334634074038,0.8452912929539139,0.09117084130814684,0.18864665110654344,0.1205547601486689,0.41201597841122506,0.09850357594399278,0.04880758548031805,0.9357595674968624,0.7967518610242137,0.4955859186055026
0.9746620698727405,0.12305757644288642,0.4683490383374209,0.5530878877567947,0.4693003118199969,0.06821171866263216,0.6871176418932763,0.6801218243945921,0.6534972649346222,0.8364429771421894,0.2755931074367967
0.9448983776932172,0.18202197226756253,0.3157645118053407,0.37584448677883464,0.3077639807199556,0.1589915514933492,0.4504921559000257,0.444191289901507,0.7761205007703588,0.8046998286790051,0.3941963061981996
0.9873165289839813,0.07406805313264422,0.6476601055079698,0.7405281455179138,0.6831001882904995,0.03767616140753058,0.799423727505435,0.7934321342299407,0.581043152494773,0.8245125591397242,0.2445705910967139
6,9
0.9878686372059814,0.07199998916992853,0.6468302189613666,0.7424420222446937,0.6902755364293824,0.03730852650976277,0.8035978890997478,0.7998152790605618,0.5780000416079631,0.8244145030116719,0.2448821639189835
0.9036257114847855,0.8432592569874309,0.09181959057173156,0.18858699914276822,0.12074952870972783,0.4130756252455918,0.09946549778986091,0.0484933821458744,0.9355030346829686,0.7967270548308876,0.49354382398993235
0.9449754938559914,0.18334280577871137,0.3031136538673121,0.36656805866260667,0.29868639935754027,0.16244463447265683,0.457398767495821,0.45237431936178296,0.780078790899805,0.8068113593566545,0.3922865097104249
0.9746057979305619,0.11865051723524597,0.4772174780278003,0.5575600455756746,0.4740177439797212,0.0674426112702463,0.682290415141278,0.6768204318817705,0.6546186328949627,0.8340320416656042,0.27643752138888
7,0
0.974162662460224,0.11985983256114638,0.47569987389659524,0.5572809173905586,0.4706552706552707,0.06766968152415684,0.6835573348584503,0.6763134978229317,0.6539313784287133,0.8336701379061553,0.2782245899570179
0.9035359159845523,0.841334526573909,0.09265573770491825,0.188798514831088,0.12076923076923096,0.41264956064166747,0.10029739776951668,0.04933962264150937,0.9351815757078402,0.7966607576493917,0.4961411018988725
0.9442205936730531,0.18100594280078522,0.3146898103503697,0.37422476148686545,0.30629573766828677,0.15957709673563236,0.44376412274947163,0.43798248859292144,0.7789987421586085,0.8041679917707464,0.39962692845583164
0.9878205694777051,0.07201911293853047,0.6483175150992235,0.7437370319720062,0.6912180736742142,0.03716010676532952,0.8045392291136764,0.8000000000000002,0.5777338041451616,0.825005150919673,0.24487014368589782
7,1
0.903675026092214,0.8428793476311031,0.09182035519125697,0.18862784942802996,0.12037037037037024,0.41273646908313744,0.09955855018587356,0.04925314465408831,0.9353107154459062,0.7968443392881793,0.49399387368708547
0.9743128720792266,0.1210817854680106,0.4748194208906476,0.553867040003161,0.469605178417439,0.06814678514426246,0.6854107023316101,0.6795778211523168,0.6536874839833557,0.8352283137009547,0.27741329628985134
0.9445841571034022,0.18121359067739717,0.3096270216745517,0.36902087747848034,0.30482418401881484,0.16228725545392014,0.4524338215114394,0.44682790933265787,0.7770969367662434,0.8049139865782096,0.39234639356750234
0.9873843422165647,0.07394243219448107,0.6448825875055382,0.7408404980499554,0.6840398090398092,0.03750959629293128,0.801215713855119,0.7970933197348291,0.5801910856281002,0.8250503111602115,0.2442749958188335
7,2
0.9433232348979822,0.1788474843918703,0.3071707371473179,0.3676401665160378,0.30007558578987165,0.1642466683209505,0.4462989656829275,0.4434347323835194,0.7821963828617232,0.8047207965835468,0.4021096009720958
0.9873672587634795,0.07334948021413457,0.6438314776478485,0.7410669767817072,0.6825938566552903,0.037477450584828875,0.80099470926323,0.7972181080558951,0.5801333536869749,0.8246861826372037,0.24685081695021335
0.9033502281790313,0.8444319936758882,0.09271590332938967,0.1888808052523201,0.12068611037683213,0.4122490095740299,0.09935614915877822,0.048297996498735396,0.9355908058327613,0.7965184963907271,0.4951186782091256
0.9737435480777386,0.12323600907473875,0.47252856433184304,0.552864618952013,0.4703228869895537,0.06867905709800576,0.6797623070857272,0.6714979988564893,0.6568338415961027,0.8338656189566789,0.27848789873256624
7,3
0.9745503783620716,0.11882709579296433,0.4759979977474659,0.5581402574891638,0.47355429416498124,0.06722463276959549,0.6829365191974801,0.6774161025493302,0.6532248149551935,0.833007671160015,0.2787699409398774
0.9040972611523638,0.846996432310872,0.09363401847382852,0.1897500490131297,0.12124893343167464,0.40646804862349784,0.10057932179721829,0.049612106120103305,0.9353523513348594,0.7969550880958597,0.49265114527758785
0.9876788896023101,0.07266055684793085,0.6510187353629976,0.7430007329281008,0.6886955636955638,0.037299068370579044,0.8040361125862984,0.8000943396226412,0.5787700041034076,0.8251120531708827,0.24249675224854916
0.9455980986120305,0.17795354500499702,0.3123414785029384,0.37359195558363967,0.3063663566808221,0.15957962783386764,0.45456033293586773,0.45178592618962854,0.7779389676450347,0.8049971537421481,0.395501930023109
7,4
0.9034983572857176,0.8458272711481687,0.09199210368208754,0.18840714242943013,0.11994152831849164,0.41221131835852337,0.09809455224897318,0.04735750271658584,0.9363252389535698,0.7967320296057591,0.49503701136835465
0.9740162556020123,0.1202344610624898,0.4754610655737705,0.554732242619513,0.47118723290598297,0.06774681576964342,0.679135687732342,0.6714033018867924,0.6550159728277616,0.8344505388915395,0.27751516006939375
0.9456899293178258,0.1838401009800812,0.31101303068516184,0.3740099689983055,0.3038388487106436,0.15975608997283156,0.4541750071489849,0.45036284470246735,0.7767161968793097,0.8050473153501241,0.3955077246208143
0.98736314725084,0.0737589654398472,0.6453459294248404,0.7405226216371479,0.6847457627118646,0.03760310720031583,0.8018398336588746,0.796379916853214,0.5805465527913609,0.8245496211266844,0.2453962862132389
7,5
0.9439462600911037,0.17668695875919327,0.31156342831994716,0.37255491065117585,0.3051109963861641,0.1608651011511641,0.45258351837529,0.44946182094466247,0.7784253799781359,0.804625896580065,0.39595205919492354
0.903757562347929,0.8460658483515133,0.09186885245901638,0.18877710208239623,0.12,0.41074116174517206,0.09944237918215626,0.048358490566037526,0.9358058063192476,0.7968733148165478,0.4941109658694508
0.9872714993503164,0.07433429423645707,0.6507572749446935,0.7427775794005065,0.6787231735328622,0.037334188809885926,0.7976743288612187,0.7932101586472545,0.5806083192648532,0.8234189649623259,0.24651315036404128
0.9746668271945246,0.12202330196937658,0.4684489281210593,0.5512833806939536,0.4684527722989262,0.06874891928853812,0.687217615098656,0.6804063860667635,0.6553204207569228,0.8356124303757154,0.2751225411636933
7,6
0.9874299662357271,0.07376767437155438,0.6475293570515057,0.7415701473870087,0.6855589905235298,0.037455696404334354,0.8001133697171028,0.7949016459253311,0.5800016806502606,0.8238925912334534,0.2462667802965843
0.9035213166397572,0.8459940565842332,0.09125125460020045,0.18854252156904083,0.12016687016687005,0.4124306269457818,0.09900614520901274,0.04768964189449343,0.9359442125229273,0.7967345378506887,0.49421202073668447
0.9441935847738564,0.18245869892455205,0.31349797743240365,0.3745172920557578,0.3061568061568062,0.1585584641168579,0.4479795297639164,0.4429306542514089,0.7783597967481866,0.8049914070444125,0.3977357575141567
0.9742137888271387,0.121919943044584,0.4730062862073216,0.555487937811036,0.469849838270891,0.06789071508852848,0.6817228945970877,0.6761242729465171,0.6554190024713014,0.834463180162236,0.2778944836485817
7,7
0.9747040913714528,0.12020398657584369,0.4694679982413165,0.5547643021203376,0.4706312560718692,0.06767661731274621,0.6858095116010767,0.6789850357839946,0.6533305977294509,0.8357378292814374,0.27711203064685197
0.9038612271792764,0.8473437403910877,0.09218802275008381,0.1889928396664179,0.11980347694633425,0.4089489415363571,0.09991654654426851,0.048440508278782934,0.9357921666820221,0.7971233824460746,0.4929278923657477
0.9875568277239571,0.07239758533050275,0.6456625683060107,0.7405837129007757,0.6877967711301047,0.03751224874550137,0.8009474390747625,0.7966850104821801,0.5797341263735029,0.825208587660903,0.24451122030792405
0.9435802796811791,0.18428942848101015,0.3161684345869496,0.37474791262032603,0.3062584958009794,0.15916814087782177,0.4422576961391744,0.4375385374275495,0.7776614475635718,0.8033238349324632,0.4003756171488545
7,8
0.9435186995357157,0.18203437289823893,0.321244105097687,0.3772958321077008,0.3126683058189909,0.1583255009790734,0.43053928807862707,0.42481261307831475,0.7779200229341063,0.8021627343048471,0.4043296996524255
0.9861658045437209,0.07851263266624722,0.6466005447350839,0.7355600772253075,0.6697568076878422,0.038117346182143616,0.7852489774038292,0.7789791210741113,0.5857578051538281,0.8230076629402592,0.24849316409970218
0.9037786478528136,0.8447642127341206,0.09170392449081,0.18893046486702741,0.12078045411378752,0.41093066405342876,0.09932034095602854,0.04892319420621272,0.935752425776023,0.7967346685771953,0.49300390227286595
0.9743720030468743,0.12143768485749457,0.44419283134203946,0.5318537019098715,0.455224781495968,0.07449993116084465,0.6920956461470607,0.6889670610809081,0.6613831694289332,0.838077532049079,0.27853660894677373
7,9
0.9735724461944955,0.12190040331768501,0.4663243136480348,0.547283634711866,0.46367807411984124,0.06983682148641569,0.6784610561203923,0.6748351898158671,0.657021397036651,0.8359795681497314,0.28141741323479696
0.9033261874835582,0.8467079519243244,0.09090909090909105,0.1885175406464239,0.1206365650810095,0.4131203601355334,0.09855056137584012,0.04789403468648751,0.9361596577179288,0.796677312284038,0.4954144673006447
0.9459688997025342,0.17923257017343605,0.30791445011399415,0.36987069740943723,0.30350370747721755,0.163248298019335,0.4499618405179842,0.4456078970386104,0.7783532434569724,0.8054907928298235,0.39242303291404496
0.9872518073548806,0.07422925366614339,0.6456728936332443,0.7377714414650182,0.680239656983843,0.03785892839745718,0.8006026997986886,0.7942706700933995,0.5814159681106765,0.8254910964467321,0.24489569791087984
8,0
0.9452300317002545,0.17742755462238424,0.311046823100825,0.37345725471666,0.30396812096158504,0.1588912462910984,0.4536044901231867,0.4525588851892958,0.7780540201308287,0.8050119411089777,0.39871998323182967
0.98723697353075,0.07428450946961279,0.655332213404391,0.7474286595243997,0.6856432404135586,0.03682595647720478,0.8000446622092031,0.7952530168677912,0.5797496197462284,0.8233635505367799,0.2460799710015306
0.9033994122110462,0.8458449537325293,0.09196559000162308,0.18873285433624165,0.12070181377112088,0.4123547527686252,0.09842099451580882,0.048103866990472366,0.9357819527336427,0.7965480072646216,0.49567584186751557
0.9747287080269776,0.1190316014441054,0.4782597730138714,0.5601496751374744,0.474567170721017,0.06667542697927385,0.6855447526451244,0.6798984034833091,0.6518082604715781,0.8342685784013425,0.2767786581097948
8,1
0.9871620519363326,0.07337628227964851,0.6368616770544178,0.7314186230588007,0.6735479642827885,0.03852787211045755,0.7966079551527965,0.7924287178250647,0.582398650464552,0.8258325350859259,0.24556289953648153
0.9425819185085872,0.18258523364164225,0.31071878940731396,0.372435265420181,0.30823023130715443,0.16176491078146335,0.4405334442509164,0.4357039187227866,0.7805542323905089,0.8034482252571077,0.40539526876270343
0.9040557588884449,0.8457098463704684,0.0925189315136889,0.18918658348211587,0.12087292290337998,0.40881499285024825,0.09952257845375817,0.04932477732017981,0.9357007242407163,0.7968774306758744,0.4922108140122604
0.9729897274743328,0.12587086385403792,0.451468718634995,0.5338212104008414,0.45422408279551146,0.07370032717286358,0.6768833927623094,0.6715440893338467,0.6634962273789309,0.8353807009075936,0.28123654706427115
8,2
0.9735950909261226,0.1224266064601883,0.4709319385086433,0.5529935061824501,0.4685556553260834,0.0684717756700205,0.6807168790592046,0.6748109536744731,0.6552945510921946,0.8344361992561481,0.27919395131922975
0.9037689398128815,0.8459565421176303,0.09293500873762156,0.1889505001366238,0.1201064399033942,0.41031872280591836,0.10105108221840592,0.048769274973661236,0.9355210700515972,0.7969185570343492,0.49434948626155584
0.9451289364461221,0.1840596204661577,0.30950391085395906,0.3719796371322539,0.3049736513788801,0.1604784023891904,0.44823480817357914,0.4436798618818596,0.7782598609133187,0.8051165604021984,0.3947424851215983
0.9872455897448315,0.07424286628488042,0.6491690608979778,0.7416023883590142,0.6845732859478564,0.03743446756111346,0.799128757393426,0.7927770213317771,0.5799170012141023,0.8242726684330065,0.24475842821617044
8,3
0.9448481967333534,0.17663636711869918,0.31483870967741934,0.3745477777551721,0.30679165517875195,0.1583295154533499,0.45278810408921927,0.4493244065733414,0.7775044012336716,0.8048887683970648,0.3962150922207853
0.9033400499070416,0.845482648501966,0.09195460277427486,0.18875306170077416,0.12088538242384383,0.4121807316351098,0.09835096749594896,0.048069666182873616,0.9359566196353255,0.7965654918283558,0.49596071104660816
0.9745022547747613,0.12101213255150342,0.477813385923826,0.5588041768908681,0.47189555084291934,0.06702375254576615,0.6859714341616123,0.6792310966094481,0.6532735845563868,0.8349381366212173,0.27727305531318747
0.9874798501088173,0.07388703370528535,0.6438669922102082,0.7406850113482356,0.6894485866117073,0.03761407881492815,0.8035408262806824,0.800388063695972,0.5796580931676856,0.8257241541666464,0.24469618622237277
8,4
0.9035540950333654,0.8425466305157163,0.09253557460264611,0.18903814717789236,0.12124893343167442,0.4115414677815127,0.10029626554450594,0.04920984580021087,0.9351846740916815,0.796742470600604,0.49492748657336433
0.9440133067406906,0.18426703707243286,0.3158620689655172,0.37520761300436534,0.30714215541801754,0.16031179643651147,0.4425586463273939,0.4371633051398829,0.7771373084487736,0.8037172862885427,0.3960718793537355
0.9876875981356747,0.07218695754831297,0.6499430783242259,0.7435872410154616,0.6850862614751505,0.03721467784646297,0.8030901486988848,0.7987814465408807,0.5798155177130367,0.8243413906626644,0.24586731556205968
0.974353256960431,0.12010404787307477,0.4761683386346954,0.5566303351408843,0.47255177105923385,0.06782003312343969,0.6821977473228652,0.6737820332300759,0.6555386026372059,0.832889147774817,0.27999744658563214
8,5
0.9874059858795873,0.07422284545353325,0.645810879800329,0.7418616751891352,0.682804444050119,0.03738996154421352,0.8007743661645723,0.7956127178951493,0.5798241995873894,0.8241549384471715,0.24623999850934225
0.9041221691185408,0.845960916884265,0.09198918370795983,0.18925418435718122,0.12006931594560472,0.4082769695546058,0.10129153412792702,0.04944563314530226,0.9353116050239252,0.7972116196941412,0.49184066388563524
0.945957313346555,0.18038183995485318,0.31079918032786885,0.3727108249975804,0.3034009971509971,0.16016319479922345,0.4575975836431227,0.4530896226415093,0.7774662110176471,0.8059494264135956,0.39037892788908884
0.9744006980404979,0.12035902802064538,0.472568306010929,0.5551947424423407,0.47312440645773984,0.06787054455991036,0.6810992054814491,0.6749833518312984,0.6545167636196888,0.8344256072749214,0.27766742358506064
8,6
0.9741176886447616,0.12162577724519227,0.47300300853441396,0.5536047260362758,0.4683461911926332,0.06811900598860599,0.6837364075574677,0.6767719595788283,0.6542008425045243,0.8348942821247202,0.27818589432579605
0.9033279969357187,0.8466969706177234,0.09132988515823626,0.18838211710620978,0.12045035574447327,0.4132983757237719,0.09766813112538014,0.047664211482191576,0.936037064506859,0.7966171810122085,0.4953862780363415
0.9448628893291409,0.18286254981944894,0.3125118984664199,0.3706520081391471,0.30508225346935036,0.1622435291054295,0.4462645401127233,0.4402921485088253,0.7780150105232528,0.8044136067949715,0.3965405095925285
0.9875089188351047,0.07410013901462201,0.6447671450450961,0.7397716153112414,0.6848845118741314,0.03765870480684959,0.80164906548668,0.7960305542860875,0.5804223171322181,0.8256933125658594,0.24168326639412893
8,7
0.974755454919357,0.11835001025958497,0.47299941683405694,0.5562943312803205,0.46939855635507816,0.06732841338696048,0.6864686953583026,0.6803788500261019,0.6533106618809839,0.8353280182520235,0.2762086825472941
0.9041258460938628,0.8459256636737302,0.09212773224043741,0.1889974430399099,0.12007359924026578,0.4087305705272297,0.09965535935563785,0.0486635220125784,0.936011713941324,0.7970104395911122,0.49246805463503585
0.9873395128065082,0.07370855757861605,0.6482498892334958,0.7426542178182183,0.6874374374374375,0.03734381860659067,0.7992188284939212,0.7958567057623659,0.5798531784759748,0.8243659630056338,0.24599452208659944
0.9435058330187569,0.177329376978398,0.3140022971703039,0.37405723004524516,0.30812782405139094,0.16068476706719365,0.44031918168257045,0.43552457637303205,0.7799362403916295,0.8030329133409032,0.402115187716112
8,8
0.9740131440484385,0.12215094857148032,0.4634295331297139,0.5459717326313918,0.46511325598778075,0.07037595654357971,0.6816260760173576,0.6746968936078628,0.6587448570907031,0.8345667657052253,0.2797665647373552
0.9033285626708979,0.8439426402205643,0.09132786885245903,0.18824149685561176,0.11931623931623964,0.41412658373352407,0.09899628252788129,0.04773584905660344,0.9358891567501052,0.7967313207749939,0.4950388118591468
0.9872067050442326,0.07433903282705134,0.6515365379272021,0.7426810784329293,0.6808730503645758,0.03727519036840628,0.7956020414592654,0.7891141669331626,0.5805211673146355,0.8232056232249401,0.24541636306312548
0.9437091777381507,0.18650244774514363,0.2999418672247413,0.35768382028989676,0.29245721444302997,0.16996266939716673,0.44016451791505184,0.4367991435835675,0.7849513411734602,0.804961832421891,0.3975896039658776
8,9
0.9743600952866152,0.11844773613738308,0.4728867827868853,0.5541935486176507,0.47383591524216534,0.06801278361921431,0.682722467472119,0.6780807783018867,0.6538460613715655,0.835586078944735,0.2773767921107507
0.903402005135508,0.8444027391110411,0.09203164505342126,0.18870510582986066,0.12069283213561821,0.41269100243139045,0.09889215631877746,0.048211771332019204,0.9358217631579511,0.7966439315768103,0.4946913504489612
0.9874944938756511,0.07394654062802078,0.6450537026568685,0.7377190686587746,0.6828863346104727,0.03777926736029144,0.8027560569157798,0.798893949251789,0.5797514609539729,0.8253722468401894,0.24517636684804944
0.9447470118148814,0.178883627471481,0.3140638481449526,0.37617477112913356,0.30574298995351623,0.15732764125881268,0.4582762668753668,0.45355014895729884,0.7769306254454379,0.8057231230132591,0.39913541580232464
9,0
0.903494345626893,0.8410476606773936,0.09201854611690685,0.18854740772522172,0.12083800972689873,0.4139653792445762,0.09924524050918104,0.04922813036020601,0.9354856007759192,0.7965410538342911,0.4954921032589302
0.9872086914952451,0.07484409384961657,0.6449879064767535,0.7387042594244984,0.6778758582037269,0.03774348541976885,0.7978914010603938,0.7936282090937208,0.5813012505297448,0.824814968727361,0.24583614889951394
0.9450632147548507,0.18232210299408025,0.3068493150684932,0.3663909943117264,0.29711587245833826,0.16366412812075282,0.4504761419768804,0.4474282760403204,0.7810520317479972,0.8057666965734,0.3970143881671562
0.9736504348351969,0.12319554387882165,0.4605964842978471,0.5448330942604231,0.4633920296570899,0.07008708174888172,0.6818500768874756,0.6749715844510115,0.6582678683548331,0.8362187751153994,0.2800550454730517
9,1
0.9742796304528892,0.11989105982637244,0.4756085444610035,0.5561993027421726,0.470236553569887,0.06761510708391777,0.68309958319252,0.6762578616352202,0.6544738003755259,0.8342552482401363,0.28016913554510425
0.9036963043387418,0.8434658425873622,0.09226460169700929,0.1891601888546452,0.12073186445045703,0.41049781193697116,0.10136182772599056,0.04970133687304473,0.9352040774244659,0.7968312414986858,0.4939802399854727
0.9875647489262757,0.07237692310819507,0.6479219579773725,0.7435075720029555,0.6856065165924322,0.037200738404062864,0.802293313786062,0.7960271060324209,0.5793521386835598,0.8238984413573276,0.24427631329820348
0.9438743555930643,0.17777901875473598,0.3117793942025838,0.3732994368250847,0.3055414048791532,0.15962873442740977,0.44245303921809986,0.44015994002249154,0.7790268406220898,0.8039563193119513,0.40094657914644083
9,2
0.9743255349360105,0.12009457229522397,0.470612064054687,0.551972788039706,0.4717134717134718,0.06857345237339109,0.6869572706003932,0.6796095286661324,0.6551661720927233,0.8355395156499037,0.2787721006164686
0.9037263617943598,0.8485826694658167,0.09255362531604278,0.18946129156158892,0.12120310130260381,0.40809363827638145,0.10000184948861657,0.04873744485121567,0.9358156386716423,0.7968291809517446,0.49349329207477993
0.9874269192672055,0.07318130801367129,0.6479184271308658,0.7430006182926729,0.6908293437503059,0.037296476811760515,0.7992565055762082,0.796485768008818,0.5793714668054228,0.8239372956646696,0.24692818084653173
0.9441658305318386,0.17986860956824818,0.31107393777183007,0.3730163940963993,0.3050177335891622,0.15990964690770554,0.44961181498621755,0.44523167757669097,0.7786526592582071,0.8045500877548125,0.40116398257438185
9,3
0.9873319480046941,0.07526154660760598,0.6424088783730494,0.7378868928247144,0.6830264046758894,0.03780296957497095,0.8027440309661595,0.7986513648447123,0.5803209963238578,0.8255797026265517,0.24315542668783274
0.9036294379176973,0.8443710124081224,0.0915356306457008,0.18812749748844887,0.11958544101401225,0.4135026967259776,0.10023898035050438,0.04817096649980718,0.9359583441501371,0.796803420037367,0.4952140747228613
0.9745945737632369,0.1220855722853095,0.4677093147415364,0.552453068702227,0.46642870397659675,0.06862581021740075,0.6846415701690667,0.6801416901612085,0.6544639474135201,0.8357010590144659,0.2752783975962542
0.9462040518473922,0.18048384449223864,0.31436065573770494,0.37399826777495954,0.3075213675213675,0.16029401246551545,0.44889714993804214,0.44581132075471697,0.775999179318837,0.8049143208623007,0.38637930744549515
9,4
0.9038528342313714,0.8491271441420635,0.09170239596469099,0.18893976257333578,0.11986266345240681,0.4090460134191615,0.09878943856639039,0.048205128205127956,0.9362546426354412,0.7971061447759914,0.4917206373196247
0.9741332974939784,0.12075500214417548,0.4695132799593341,0.5516636136680018,0.46846220102034064,0.0688837450882083,0.684562404541656,0.6777826532104724,0.6562009937240179,0.8344917525378779,0.2796479685937008
0.9431209979906385,0.17896308912767092,0.3147969570341797,0.37142195816054785,0.30761782395769327,0.16225797392966926,0.4449303885122822,0.43813047231471197,0.7794533351570716,0.8027582092499375,0.401746291977069
0.9873495874088516,0.07368626522972338,0.6512463507747587,0.742272803571161,0.6828435390079228,0.03729008357466078,0.7973213831033252,0.7912251227707419,0.5800355605083743,0.8238392667072918,0.24587755219437346
9,5
0.903436403342684,0.8471774612211103,0.09202643549909917,0.18865878349046666,0.12018018824301546,0.4116785034320023,0.09823079468265239,0.047653857552108936,0.9359774699387954,0.7966445238879928,0.4953644579625024
0.9742125226072583,0.11995529687440754,0.47805273327931186,0.5598290666543229,0.4764226057001723,0.06669950166687316,0.6835060143893027,0.6779108974818853,0.6515299618835745,0.8340465467387455,0.2778123664600633
0.9458675363765664,0.18204900887848952,0.31329918032786885,0.37339212692380985,0.3062856125356127,0.15926492094104422,0.45483271375464684,0.44988207547169806,0.776534289084943,0.805709945603754,0.3922405324596277
0.9875578025248751,0.07297922060408588,0.6522396675132761,0.7450086354278518,0.6880843465350508,0.03714196001594519,0.8038117178909889,0.7993622110018602,0.5792342018875685,0.8247883685270567,0.2448056972260604
9,6
0.9873877563160012,0.07396041167121581,0.6498069714093886,0.7424361159992552,0.68265219801056,0.037387348823454916,0.7987870637045307,0.7937021057376521,0.5803677589942332,0.8247135513413257,0.24547731520279828
0.9037461874338377,0.8479492804736739,0.09229159400069764,0.18905061217015523,0.12030975328847687,0.40941169245351516,0.09865142766748386,0.04737053392211943,0.9358264433948288,0.7968958547785517,0.4941927631921372
0.9444405321353645,0.18209764986566665,0.3108659100462379,0.371417685473441,0.30475199064942654,0.16173027144852012,0.4475264512439233,0.4434687953555877,0.7783713687488846,0.8047959515681841,0.39756914103581553
0.9745020089186703,0.1203454941257906,0.4746058664656743,0.5562545670888266,0.47099147482289255,0.06775784947347846,0.6812801777549887,0.6764837706932696,0.6547249303128514,0.8335139440681786,0.2773015808408011
9,7
0.9874125348571733,0.07340968437448162,0.6466441994630721,0.741689822553737,0.6846441724490504,0.037365261605293784,0.8024040516560238,0.7983170074288343,0.5795042027740184,0.8241425910731626,0.2446624892904554
0.9038936736258971,0.8448685231983847,0.09265149661528432,0.18895162576719804,0.12076370285325522,0.4102491273071649,0.09926205404205724,0.04881254106824379,0.9354303064080527,0.7968194908105638,0.4933669012797163
0.9446440221325535,0.18327914694482605,0.3108772707133364,0.3740358493395417,0.3033225533225534,0.15989020529163064,0.45117050135637493,0.44510453850076487,0.7783204316339343,0.8054889947922729,0.3966316583026052
0.9746942726210776,0.11949518550111687,0.47472156175697666,0.5560839986377292,0.4721080446271287,0.06765712734683889,0.6829932744970062,0.6751404292092755,0.6541007041569715,0.8346353961077452,0.27591096790344805
9,8
0.903303379266801,0.8462604030097785,0.09160047321277653,0.18865093921530574,0.12024554292595518,0.4126337509572449,0.09839803778791284,0.047636646566815655,0.9360735905647073,0.7967105083049938,0.49452625561001606
0.9445736068071093,0.1808776833033956,0.3110603859721933,0.37315293752154344,0.30386959500883554,0.15972921002156049,0.4536021834266623,0.450250776212085,0.7776278678391698,0.8050942470192318,0.39665279651296925
0.987460350409052,0.07292536752437903,0.6426001821493625,0.7383214865975665,0.6835628363406143,0.037769330489424685,0.8011281495249893,0.797680817610063,0.5799467768317167,0.8259639382995568,0.24389055544748756
0.974581489979753,0.11974823293888243,0.4730299386037091,0.5547472709387931,0.4725604725604727,0.06773981757378099,0.6858664293608532,0.6788664675457128,0.6531657617521406,0.8352029153719144,0.2753571823912713
9,9
0.9874744222586505,0.07380619380476974,0.6464385674301708,0.7399648083080905,0.6839691473837819,0.03771473500544163,0.80202841858477,0.7953323252909079,0.5813859431899923,0.8245102063332653,0.24659765169474834
0.9036185484366211,0.8397613090807435,0.09206689183623035,0.1886762693393017,0.12064596486707041,0.4133486092976376,0.09986736657264017,0.0495496349672892,0.9352169650055804,0.7966771349857088,0.49529665969792147
0.9735776479910471,0.1221438005215923,0.47530856383315406,0.554065224875729,0.46854546854546864,0.06847038838456025,0.6768095764378292,0.6713630072120637,0.6567952558925088,0.8338559549152218,0.2801633408512837
0.9438491983623534,0.18051183643769153,0.3137960400255483,0.373120377731783,0.30728530728530734,0.16094492893435366,0.44517935596002506,0.4405047782406272,0.7799082329242386,0.803240255155915,0.40141508414322946
