[9.165343915343916],5
19,115,141
[9.206896551724139],11
19,128,143
[8.567692307692308],9
20,63,168
[9.268472906403941],5
18,126,143
[9.186153846153847],7
18,108,131
[8.0375],11
28,25,100
[8.586153846153845],11
23,60,171
[9.178062678062679],6
20,112,136
[8.444615384615386],11
23,58,176
[8.875],9
17,72,151
[8.52],9
22,60,168
[7.437500000000001],8
25,27,100
[8.473333333333333],10
22,63,164
[9.220443349753694],9
19,125,138
[8.89],7
16,72,155
[9.268472906403941],9
17,128,141
[7.477941176470589],8
26,27,109
[8.403133903133904],11
23,62,177
[8.461538461538462],11
23,65,172
[7.379166666666666],11
27,27,98
[9.086894586894589],9
21,117,125
[8.401538461538461],11
23,67,167
[7.75],5
8,12,23
[7.433333333333334],5
27,27,102
[8.393162393162394],11
25,64,179
[7.166666666666667],2
6,9,14
[7.4],3
9,11,26
[7.7142857142857135],10
25,22,93
[8.61413043478261],9
21,64,153
[8.438461538461539],11
23,63,171
[8.4017094017094],8
24,59,179
[7.514619883040936],10
33,29,127
[9.157635467980295],11
18,107,160
[7.383333333333333],11
28,27,102
[9.240147783251231],9
19,131,139
[9.203703703703704],5
19,124,134
[8.532307692307691],11
22,59,171
[9.254926108374386],7
17,121,144
[9.174712643678161],9
20,125,146
[8.61111111111111],9
22,66,178
[8.253846153846153],9
25,63,169
[8.513333333333334],8
20,61,168
[7.2523809523809515],11
28,23,91
[6.0],5
5,8,8
[9.153846153846155],7
18,110,132
[9.197044334975368],7
19,125,142
[7.0],4
8,9,18
[7.033333333333333],5
9,12,30
[7.404166666666667],8
28,26,104
[8.494301994301994],10
23,65,178
[8.671666666666667],11
21,66,161
[9.194444444444443],9
19,122,132
[9.160968660968663],11
19,112,131
[8.61076923076923],11
23,62,174
[7.522058823529411],9
29,25,111
[7.5],4
5,7,7
[9.151724137931035],7
21,125,149
[9.193349753694582],7
20,125,140
[7.679166666666667],11
27,26,102
[9.241379310344827],5
18,131,141
[8.363076923076923],10
25,60,170
[7.133333333333333],5
29,27,97
[9.355820105820108],9
14,124,141
[9.177248677248679],9
19,123,137
[8.44],8
22,63,165
[9.145977011494253],11
21,126,145
[8.615384615384615],11
21,63,176
[9.060606060606062],9
15,79,119
[8.616666666666667],10
21,55,170
[8.951666666666666],7
16,74,158
[8.42],9
24,63,172
[8.519762845849801],10
19,73,131
[8.269230769230768],8
24,61,175
[7.429166666666667],9
28,25,99
[9.028138528138529],11
14,76,125
[9.175925925925927],9
20,121,138
[9.30911330049261],5
16,127,146
[7.5],8
27,28,105
[9.118233618233619],9
20,107,134
[7.329166666666667],7
27,26,104
[9.146551724137932],9
20,119,142
[9.126780626780628],11
20,108,135
[7.754166666666668],10
25,26,104
[9.27910052910053],7
18,130,129
[8.764615384615384],9
20,63,168
[9.130952380952381],7
20,116,140
[6.5],4
6,6,6
[7.376190476190476],5
24,26,91
[9.235449735449736],7
17,124,133
[7.5],3
11,13,36
[7.11764705882353],10
31,26,113
[8.430769230769231],11
23,61,171
[8.543076923076923],10
20,63,171
[9.277777777777779],7
17,120,139
[8.77076923076923],9
22,61,169
[9.128078817733991],9
21,125,140
[7.3625],11
26,30,103
[8.544615384615383],11
24,57,173
[9.248275862068965],6
20,129,143
[9.172413793103448],5
20,110,160
