[9.019927536231885],11
15,67,152
[8.48005698005698],9
23,64,176
[9.235221674876847],7
18,128,141
[7.583333333333334],5
8,9,16
[7.033333333333333],4
10,13,28
[8.518461538461537],11
22,60,174
[7.445833333333333],5
26,25,102
[8.576923076923077],11
22,71,167
[7.619047619047619],10
26,25,92
[9.293846153846154],9
16,109,129
[9.233990147783253],7
19,125,143
[9.272486772486772],5
17,123,134
[6.0],8
6,8,8
[7.454166666666667],8
28,26,99
[7.23529411764706],11
31,30,109
[7.204761904761906],11
28,25,94
[8.623076923076923],11
21,67,166
[7.142857142857142],11
27,22,91
[9.204433497536947],9
20,125,144
[9.188423645320198],9
20,124,140
[8.983333333333334],9
15,64,167
[9.345238095238095],7
16,118,140
[6.98529411764706],7
31,26,112
[8.626666666666667],9
22,55,170
[9.258620689655173],7
17,124,142
[9.281609195402298],9
18,126,148
[9.216524216524217],9
19,124,125
[8.573846153846155],10
22,66,171
[7.650735294117647],8
26,28,108
[7.461904761904761],7
28,25,96
[7.566666666666666],11
26,24,98
[9.167487684729064],9
18,108,162
[7.5321637426900585],5
31,25,126
[9.146551724137932],7
20,125,136
[6.5],5
5,7,8
[7.166666666666668],4
7,7,18
[7.341666666666666],8
28,26,103
[7.5],4
8,8,16
[7.319047619047619],11
27,25,94
[9.250000000000002],11
20,123,137
[7.604166666666666],5
27,25,99
[7.385714285714284],7
27,24,98
[7.083333333333333],4
8,9,18
[8.461538461538462],9
25,59,182
[7.2254901960784315],10
32,26,115
[7.38095238095238],11
26,28,94
[8.69076923076923],10
21,58,173
[7.245614035087719],11
32,28,122
[9.16137566137566],8
19,118,137
[9.18472906403941],5
19,127,136
[6.583333333333334],6
9,8,19
[7.554166666666666],11
29,26,100
[7.220588235294118],11
29,28,108
[7.295238095238095],8
26,27,95
[8.763076923076925],11
20,67,172
[9.24137931034483],7
19,125,146
[6.5],5
6,8,9
[7.250000000000001],5
8,9,17
[8.429230769230768],11
23,62,169
[8.493846153846153],11
22,59,171
[8.166666666666666],3
5,9,17
[7.500000000000001],4
8,7,17
[8.495384615384616],11
24,64,171
[8.723076923076922],9
21,61,169
[7.4],7
26,25,99
[6.5],2
6,7,5
[9.182266009852217],6
19,125,137
[7.7333333333333325],5
11,12,29
[9.167989417989418],6
20,126,130
[7.5],6
9,12,23
[9.1564039408867],11
20,125,139
[7.713235294117647],7
26,26,110
[9.288177339901479],5
18,127,136
[8.833846153846153],9
19,60,178
[9.164021164021165],10
19,105,151
[8.936666666666666],10
15,61,168
[7.833333333333334],3
8,9,15
[8.721666666666668],9
21,56,165
[7.15],6
7,12,25
[8.513846153846153],11
23,62,171
[7.520833333333333],10
25,28,104
[7.258169934640524],8
30,28,117
[8.36],9
23,60,173
[8.675384615384615],11
23,56,177
[7.5],3
5,8,14
[7.249999999999999],4
8,9,18
[8.538461538461538],11
22,61,177
[6.583333333333334],2
7,8,18
[8.356923076923076],9
24,62,170
[8.717391304347826],9
19,26,181
[6.85],5
9,11,24
[7.480952380952381],11
25,23,95
[9.205665024630541],11
19,128,142
[7.083333333333334],4
8,9,18
[9.25],7
19,122,139
[8.386153846153846],8
22,62,170
[8.544615384615385],11
23,65,166
[7.264705882352941],9
29,31,101
[7.0],5
5,7,7
[8.935714285714287],10
14,74,117
