[6.9],11
8,11,26
[7.0],8
6,7,7
[7.416666666666667],10
7,9,18
[8.795],11
20,56,173
[8.860000000000001],9
18,71,155
[7.0],3
5,8,7
[9.155172413793103],5
20,128,135
[7.333333333333334],5
7,8,18
[6.166666666666667],4
7,9,12
[7.0359477124183005],7
32,26,117
[7.083333333333334],9
7,8,18
[7.166666666666667],3
8,9,16
[8.008333333333333],11
26,24,101
[7.083333333333333],4
7,9,15
[9.266153846153848],5
18,108,132
[7.333333333333334],4
8,6,16
[7.5],6
9,9,21
[7.333333333333334],5
5,9,15
[6.5],2
5,8,6
[7.333333333333334],6
7,7,17
[6.8999999999999995],8
10,11,25
[7.429166666666667],7
28,28,103
[8.981666666666667],9
15,73,157
[6.750000000000001],8
7,8,17
[7.5],2
5,7,5
[7.338095238095239],10
26,23,97
[7.055147058823529],8
30,28,105
[7.416666666666668],4
8,7,16
[9.161330049261085],5
20,120,146
[9.217241379310344],9
19,126,149
[7.0],2
5,8,7
[6.75],4
9,9,22
[8.923809523809524],10
15,77,112
[7.666666666666667],4
8,8,17
[7.370833333333334],9
28,25,102
[8.45014245014245],7
23,64,177
[9.284391534391537],5
19,126,134
[7.5875],9
27,29,101
[8.527692307692307],10
20,62,169
[6.75],8
7,9,15
[7.0],4
6,5,7
[7.666666666666666],4
7,8,18
[8.62108262108262],11
21,64,176
[7.733333333333333],11
25,25,100
[9.048333333333332],10
16,72,153
[8.2],5
8,12,23
[7.395833333333334],9
26,28,99
[8.909090909090908],11
15,79,117
[7.000000000000001],5
6,9,17
[7.790476190476191],11
26,20,98
[9.314814814814817],9
16,119,141
[8.658119658119658],11
19,65,177
[7.2],6
9,12,29
[9.252463054187194],8
19,122,140
[7.0],2
7,9,14
[7.599999999999999],11
25,24,101
[8.378461538461538],11
24,65,170
[8.772307692307692],11
21,62,169
[7.0],4
6,6,7
[6.833333333333334],4
7,8,16
[7.480952380952381],11
25,25,93
[8.672307692307692],11
20,63,173
[7.166666666666667],5
8,8,16
[7.0],4
8,9,18
[7.5],3
7,9,15
[7.333333333333332],5
26,25,99
[7.333333333333334],3
7,8,15
[7.758169934640522],7
30,22,122
[7.083333333333333],9
8,9,20
[9.089230769230769],9
20,108,125
[7.0],2
4,8,8
[7.5],4
9,7,17
[7.000000000000001],5
7,8,18
[7.666666666666667],5
8,9,17
[7.3],6
10,12,26
[7.1000000000000005],6
10,11,26
[7.457142857142856],5
26,23,92
[7.333333333333334],8
9,9,20
[8.948333333333334],8
17,75,155
[6.166666666666666],4
6,8,7
[7.166666666666667],5
8,9,18
[8.91485507246377],10
15,73,151
[6.333333333333333],5
6,7,8
[7.585714285714286],11
24,27,98
[7.208333333333333],11
30,28,99
[8.684615384615384],11
19,66,166
[7.599264705882353],6
29,26,107
[9.1871921182266],9
19,123,141
[7.166666666666667],3
7,9,16
[6.9142857142857155],11
28,38,80
[9.0],5
15,73,152
[7.333333333333333],3
7,7,16
[7.000000000000001],5
7,8,16
[8.559999999999999],11
23,64,169
[7.416666666666667],4
8,9,14
[7.0],5
7,7,16
[7.083333333333333],5
8,9,17
[7.416666666666667],6
4,9,18
[8.483076923076922],10
22,61,174
[7.640522875816994],5
31,26,121
