[8.976190476190478],5
7,129,10
[9.931034482758621],3
1,286,1
[8.891666666666667],4
7,133,12
[8.807692307692308],5
6,116,11
[9.96551724137931],3
1,288,0
[9.041666666666668],9
6,138,11
[9.632275132275133],4
4,261,6
[9.653846153846153],5
4,248,5
[9.650769230769232],6
3,245,6
[9.896551724137932],3
2,282,1
[9.76923076923077],3
3,248,4
[9.9],3
2,290,1
[9.9],3
2,292,1
[9.646153846153847],4
4,243,5
[8.979166666666668],7
6,138,11
[9.896551724137932],3
2,282,1
[9.000000000000002],6
5,125,10
[9.666666666666666],4
3,260,6
[9.933333333333334],3
2,292,0
[9.0],3
6,124,10
[9.931034482758621],3
1,286,1
[9.392105263157896],3
12,182,2
[9.896551724137932],3
2,282,1
[9.931034482758621],3
1,287,1
[9.037500000000001],4
6,137,12
[9.62962962962963],4
4,256,6
[8.8],5
7,121,13
[8.99047619047619],5
7,131,10
[8.983333333333334],9
6,138,12
[9.692307692307693],4
2,252,6
[9.650769230769232],3
3,245,6
[9.666666666666666],3
4,258,5
[9.702279202279202],3
4,255,5
[9.606153846153848],4
4,242,6
[9.615384615384617],4
4,248,6
[9.89655172413793],3
2,287,1
[9.615384615384617],4
4,248,6
[9.389473684210527],3
11,180,3
[9.9],3
2,292,1
[8.991666666666667],6
6,139,12
[9.692307692307693],4
3,247,5
[9.933333333333334],3
1,292,1
[9.626780626780628],4
4,254,6
[9.872983870967742],4
3,307,1
[9.692307692307693],4
3,248,5
[9.73076923076923],4
3,247,5
[9.933333333333334],3
1,291,1
[9.62962962962963],4
4,258,6
[8.966666666666669],5
7,137,10
[9.68],3
3,242,5
[9.020833333333334],6
6,135,11
[9.666666666666666],4
4,258,5
[9.447692307692307],5
7,238,7
[9.935483870967742],3
2,300,0
[9.896551724137932],3
2,284,1
[9.695156695156696],3
3,253,5
[9.618233618233619],4
4,251,6
[9.653846153846153],4
3,249,6
[9.241758241758243],4
3,119,10
[9.903225806451612],3
2,302,1
[9.935483870967742],3
1,300,1
[9.061904761904763],5
5,130,12
[9.719999999999999],4
3,240,4
[9.692307692307693],4
3,249,5
[9.152380952380952],6
4,127,10
[9.692307692307693],3
3,249,6
[9.065934065934066],3
6,122,10
[9.931034482758621],3
1,280,1
[9.695156695156696],4
3,253,5
[8.800000000000002],7
7,132,11
[9.116666666666667],6
4,141,12
[9.653846153846153],6
4,247,5
[9.931034482758621],2
1,285,1
[9.125],5
5,144,11
[9.646153846153847],3
3,243,6
[8.880952380952381],7
7,124,11
[9.7008547008547],6
3,255,5
[9.653846153846153],4
3,248,6
[8.995238095238097],6
7,132,10
[8.993589743589745],4
4,115,10
[8.916666666666668],7
7,138,11
[9.615384615384615],4
4,250,6
[9.896551724137932],3
2,285,1
[9.652307692307694],5
4,245,5
[8.92857142857143],6
6,131,12
[9.323684210526316],3
11,177,3
[9.62962962962963],6
4,256,6
[9.692307692307692],3
3,251,5
[9.014285714285714],4
6,125,10
[9.90625],3
2,315,1
[9.615384615384617],6
4,247,6
[9.9],3
2,295,1
[9.666666666666668],6
5,256,5
[9.89655172413793],3
2,286,1
[8.933333333333335],7
7,133,10
[9.0625],9
7,142,11
[9.9],3
2,290,1
[8.697802197802197],5
7,118,13
[8.980769230769232],5
4,110,11
[9.662393162393162],3
3,254,6
