[9.9],3
2,295,1
[9.263157894736842],9
11,176,3
[9.692307692307693],3
3,249,5
[9.73076923076923],4
2,248,5
[9.623931623931623],4
4,253,6
[9.33157894736842],4
12,177,3
[9.336842105263159],3
13,179,2
[9.898850574712643],3
2,288,1
[9.903225806451612],3
2,299,1
[9.35952380952381],3
11,188,3
[9.896551724137932],3
2,284,1
[9.48421052631579],3
10,179,3
[8.90952380952381],5
6,129,11
[9.05],9
6,139,11
[9.250000000000002],11
13,185,2
[9.162500000000001],5
5,139,10
[9.231578947368423],11
12,178,3
[8.912500000000001],5
6,137,12
[8.92857142857143],9
7,132,10
[9.350000000000001],3
12,185,3
[9.615384615384617],5
4,248,6
[9.9],3
2,295,1
[9.62962962962963],6
4,257,6
[8.933333333333335],7
6,133,11
[9.698005698005698],5
4,254,4
[9.89655172413793],3
2,287,1
[9.76],3
3,237,3
[9.247368421052633],3
13,183,3
[9.730769230769232],3
4,249,5
[9.933333333333334],3
2,290,0
[9.150000000000002],5
5,138,10
[9.342105263157896],3
13,179,3
[8.795238095238094],4
7,122,12
[8.933333333333335],3
6,132,12
[9.336842105263159],3
11,180,3
[9.653846153846153],4
4,250,5
[8.928571428571429],4
7,123,10
[9.719999999999999],4
3,239,4
[9.653846153846153],4
3,251,6
[9.896551724137932],3
2,283,1
[9.903225806451612],3
2,301,1
[8.92857142857143],5
6,131,12
[9.89655172413793],3
2,279,1
[9.68],4
3,239,5
[8.970833333333335],7
6,136,12
[9.933333333333334],3
1,290,1
[9.65954415954416],6
5,252,5
[9.307017543859649],3
12,171,3
[9.615384615384617],4
4,247,6
[8.846153846153847],7
7,121,10
[9.931034482758621],2
1,280,1
[9.931034482758621],3
1,285,1
[9.389473684210527],3
11,183,2
[9.612307692307692],6
4,244,6
[9.342105263157896],3
11,182,3
[9.89655172413793],3
2,279,1
[9.896551724137932],3
2,285,1
[8.995238095238095],5
7,130,10
[9.518518518518519],9
7,254,6
[9.008333333333335],4
6,133,12
[9.576923076923077],8
5,245,6
[9.339473684210526],3
13,182,1
[9.90625],3
3,312,0
[9.89655172413793],3
2,287,1
[9.935483870967742],3
1,305,1
[9.896551724137932],3
2,285,1
[9.292105263157895],3
12,181,3
[9.663817663817664],5
5,254,5
[9.898850574712643],3
2,288,1
[9.643076923076922],3
4,242,5
[9.656695156695157],4
4,252,5
[9.903225806451612],3
2,301,1
[9.62962962962963],4
4,259,6
[9.615384615384615],4
4,250,6
[9.35952380952381],3
12,188,2
[9.65954415954416],4
4,253,5
[9.931034482758621],3
1,285,1
[9.903225806451612],3
2,301,1
[9.67],4
3,233,5
[9.289473684210527],7
11,182,3
[9.389473684210527],3
11,181,3
[9.896551724137932],3
2,284,1
[9.200000000000001],4
5,135,10
[9.073529411764707],5
6,144,11
[9.428947368421053],3
11,179,1
[9.0625],7
7,143,10
[9.297368421052633],5
12,184,3
[8.979166666666668],5
7,137,11
[9.903225806451612],3
2,305,1
[9.75],3
3,233,3
[9.054166666666667],3
7,141,10
[9.653846153846153],5
4,249,5
[9.931034482758621],3
1,284,1
[9.653846153846155],4
4,251,5
[9.9],3
2,289,1
[9.371052631578948],5
11,178,2
[9.344736842105263],3
12,182,3
[9.297368421052633],3
13,182,3
[9.331578947368422],10
12,180,1
[9.89655172413793],2
2,287,1
