[9.656695156695157],4
3,252,6
[9.058333333333334],3
6,143,10
[9.89655172413793],3
2,286,1
[9.875],4
3,315,1
[9.025000000000002],5
6,135,11
[9.933333333333334],3
1,294,1
[9.896551724137932],3
2,282,1
[9.066666666666668],9
6,133,11
[9.0],5
7,133,10
[9.058333333333334],4
7,141,11
[8.991666666666667],6
7,138,12
[8.991666666666667],7
7,139,11
[9.703703703703702],5
3,258,5
[9.35],3
11,186,3
[9.931034482758621],3
1,283,1
[9.23684210526316],11
12,180,3
[9.597883597883598],7
5,261,6
[9.263157894736842],9
13,176,1
[9.615384615384615],4
4,250,6
[9.643076923076922],3
5,241,5
[9.054166666666667],3
6,142,10
[9.646153846153847],4
3,243,6
[9.0],3
7,133,10
[9.671957671957673],6
5,262,5
[9.896551724137932],3
2,282,1
[9.095238095238095],4
5,127,10
[9.87689393939394],4
3,317,1
[9.935483870967744],3
1,308,1
[9.9],3
2,291,1
[8.945833333333333],5
7,135,10
[9.326190476190476],3
13,187,3
[9.120833333333334],5
5,141,11
[9.334210526315792],3
11,180,3
[9.935483870967742],2
1,305,1
[9.045833333333334],5
6,141,10
[8.908333333333335],10
7,137,11
[9.40952380952381],5
11,189,3
[9.878787878787879],4
3,319,1
[9.000000000000002],7
7,133,9
[9.736467236467236],4
3,255,4
[8.857142857142858],5
7,128,12
[9.653846153846153],4
4,249,5
[9.407142857142858],3
11,187,3
[9.071428571428571],4
6,122,11
[9.392105263157896],3
12,182,3
[9.045833333333334],4
6,139,11
[9.000000000000002],5
5,134,11
[9.933333333333334],3
1,289,1
[9.89655172413793],3
2,287,1
[9.87784090909091],4
3,318,1
[9.692307692307693],4
3,252,5
[9.128571428571428],5
6,131,11
[9.205128205128206],5
3,114,10
[8.945833333333335],7
7,134,11
[8.866666666666669],10
7,133,10
[9.0625],5
6,143,11
[8.983333333333334],10
6,140,10
[9.9],3
2,295,1
[9.903225806451612],3
2,307,1
[9.426315789473684],3
12,177,2
[9.023809523809526],6
5,128,10
[9.903225806451612],3
2,302,1
[8.852380952380953],7
6,128,13
[8.925],7
7,139,11
[9.61965811965812],5
6,250,6
[9.05],9
7,139,10
[9.875],4
3,314,1
[9.025000000000002],3
6,135,11
[8.983333333333334],3
7,138,10
[9.902150537634409],3
2,298,1
[9.932183908045978],3
2,289,0
[9.0],9
5,123,11
[9.439473684210528],3
11,184,2
[9.892857142857142],3
2,276,1
[8.845833333333335],10
7,137,11
[9.903225806451612],3
2,299,1
[8.933333333333334],7
7,140,11
[9.000000000000002],7
7,132,10
[9.875],4
3,311,1
[9.90625],3
2,310,1
[9.931034482758621],3
2,287,0
[8.916666666666668],7
6,138,11
[9.663817663817664],3
3,255,6
[9.9],3
2,290,1
[9.62820512820513],4
4,255,6
[9.62962962962963],4
4,256,6
[8.90952380952381],5
6,129,10
[9.931034482758621],3
1,281,1
[9.653846153846153],4
4,248,5
[8.828571428571427],6
7,124,12
[9.389473684210527],3
11,183,3
[8.85714285714286],10
6,131,11
[9.195238095238096],6
4,134,11
[8.970833333333335],9
6,137,11
[9.656695156695157],4
3,252,6
[9.60923076923077],4
4,243,6
[9.05],7
6,139,11
[9.90909090909091],3
2,319,1
[9.935483870967742],3
2,306,0
[9.091666666666669],3
7,137,9
