[9.38421052631579],3
11,181,3
[9.622507122507123],6
5,252,6
[9.40952380952381],3
11,189,2
[9.386842105263158],4
12,178,3
[9.344736842105263],3
12,181,3
[9.653846153846153],4
4,248,5
[9.133333333333335],4
5,134,11
[9.314285714285715],3
12,187,3
[9.28421052631579],11
12,180,2
[9.692307692307693],6
4,246,4
[9.454761904761906],3
11,187,3
[9.653846153846153],6
4,249,5
[9.336842105263159],5
12,178,3
[9.9],3
2,289,1
[9.653846153846153],4
3,251,6
[9.62962962962963],4
4,256,6
[9.9],3
2,292,1
[9.896551724137932],3
2,283,1
[9.292105263157897],8
11,183,3
[9.935483870967742],3
1,307,1
[9.339473684210526],3
12,181,3
[9.025],5
6,137,11
[9.397368421052633],3
10,185,3
[9.421052631578947],3
11,175,3
[9.397368421052631],3
11,184,3
[9.311904761904763],3
12,187,3
[9.286842105263158],9
11,181,3
[9.635],4
3,234,6
[9.38421052631579],3
12,179,1
[9.342105263157896],3
13,180,3
[9.89655172413793],3
2,287,1
[9.931034482758621],3
1,279,1
[9.967741935483872],3
1,300,0
[9.323684210526316],10
12,178,1
[9.898850574712643],3
2,288,1
[9.339473684210526],7
10,183,3
[9.9],3
2,296,1
[8.703296703296703],3
7,118,12
[9.244736842105263],3
12,181,3
[9.389473684210527],3
13,180,2
[9.33421052631579],9
11,181,2
[9.394736842105264],3
12,185,2
[9.225000000000001],3
6,137,10
[9.416666666666666],3
11,189,3
[9.933333333333334],3
2,291,0
[9.242105263157896],3
13,181,3
[9.284210526315789],3
13,179,3
[8.970833333333335],6
7,138,10
[9.497368421052633],3
11,186,2
[9.315789473684212],5
11,176,3
[9.323809523809524],5
13,190,3
[9.447368421052632],3
12,183,3
[9.90909090909091],3
2,322,1
[9.378947368421054],6
10,179,3
[9.666666666666666],4
3,258,6
[9.342105263157896],3
12,182,3
[9.339473684210528],3
12,180,3
[9.342105263157896],3
12,182,3
[9.378947368421054],3
12,177,2
[9.689230769230768],3
4,245,4
[9.35],3
12,184,3
[9.646153846153847],4
3,243,6
[9.378947368421052],3
11,177,3
[9.292105263157895],3
11,182,3
[9.31578947368421],3
12,175,3
[9.344736842105265],3
11,184,3
[9.64],4
3,239,6
[9.35952380952381],3
12,187,3
[9.389473684210527],3
12,178,3
[9.394736842105264],3
11,185,2
[9.323684210526316],3
13,175,3
[9.257142857142858],8
12,186,3
[9.057142857142859],3
7,129,11
[9.454761904761906],3
12,187,2
[9.933333333333334],3
1,289,1
[9.389473684210527],3
10,181,3
[9.173684210526316],11
13,176,3
[9.263157894736842],3
12,175,3
[9.442105263157893],3
11,181,3
[9.544159544159545],8
7,250,5
[9.653846153846153],4
3,251,6
[9.45],3
11,185,2
[9.294736842105264],3
13,182,3
[9.436842105263159],3
11,178,3
[9.9],3
2,292,1
[9.931034482758621],3
1,281,1
[9.89655172413793],3
2,287,1
[9.321428571428571],4
13,187,3
[9.442105263157895],3
12,179,3
[9.350000000000001],3
12,185,3
[9.931034482758621],3
1,286,1
[9.339473684210528],3
11,182,3
[9.242105263157896],3
13,183,3
[9.342105263157896],3
11,183,3
[9.394736842105265],3
11,183,3
[9.933333333333334],3
1,294,1
[9.652307692307694],3
4,245,5
[9.798333333333334],4
2,237,3
[9.600529100529101],4
6,261,7
[9.23421052631579],9
12,179,3
