0,0
0.987140356615359,0.07453878640061104,0.6444273297392453,0.7382643954865205,0.6749651044953058,0.037764921348206776,0.7957635787530251,0.7915917437001394,0.5823151126508845,0.8251276425202291,0.24498981405715448
0.9034343004271717,0.8429451447859013,0.09190416141235808,0.18891498818152302,0.12142596245160364,0.4123106135035224,0.09934229339433803,0.04863086598935645,0.935674378965313,0.7966548523224556,0.4955870375164312
0.9732920390152684,0.12497801148178328,0.46024747189246906,0.5423186862653565,0.45734682516291714,0.07160135405203627,0.6772493554957342,0.6717559459264077,0.6606416563295449,0.8340639299550957,0.28342520642647
0.9414491636702353,0.18207945098380368,0.31048731192454526,0.3678636838451549,0.30332123482808415,0.16344271685531966,0.4312267657992564,0.42641509433962255,0.7820778832047062,0.8033868648313521,0.40907305572570285
0,1
0.9039131108173531,0.8463793711888729,0.0918723037100948,0.1889966223565568,0.11997300944669359,0.409774109586831,0.10011739385638829,0.04917576961271114,0.9356585966352099,0.7968816822229632,0.4933018745948435
0.9746734248892057,0.11854263388797653,0.47805273327931186,0.5595977282314304,0.4755018253117113,0.06690395150546953,0.683633228264096,0.6763182437764544,0.6528064253406394,0.8342469770471876,0.27778991120634944
0.9446745630281186,0.17957600896845222,0.31027941024847927,0.37212429220065013,0.3043236753928578,0.1622320360791783,0.4534146968740502,0.449816067402397,0.7789190106404692,0.8045093454735887,0.3990753692260379
0.9874978813743379,0.07327352225048817,0.647632058287796,0.7429396097886855,0.6859666824944601,0.03721268221450222,0.8037097273853777,0.8012971698113208,0.5782870702822249,0.825045669774687,0.24408968214333382
0,2
0.9733364941922936,0.12535354174942465,0.4636601390572176,0.5437867279874431,0.46217034154777353,0.07146888252859841,0.6788943051798707,0.6727846707290214,0.6592865901655593,0.8347928755220572,0.2805424317385282
0.9039052761477145,0.8503137764415796,0.09279337769842577,0.1891694420999792,0.11971453555611988,0.40744459714695275,0.09970922742831895,0.0473753035680925,0.9361280506384683,0.7971615768731107,0.492475703552333
0.9872922237292604,0.07349222568323935,0.6479664189687446,0.7408847473364203,0.6820059346010904,0.03763682881359105,0.7972627056508149,0.7922961415420775,0.5816100330402281,0.8242035413627822,0.24661352978486625
0.9412624142045378,0.18345204955541822,0.30761432269197586,0.36658046369865416,0.3030251911830859,0.1655425026754072,0.4257483858344747,0.4221698113207547,0.7850770333455741,0.8023018018443236,0.4116534869041724
0,3
0.9733624427910145,0.12318780707090327,0.44153005464480877,0.528084905677358,0.4494050611697671,0.07575525356765778,0.6835629419053867,0.6814946355900849,0.6641913474458332,0.8371572773868001,0.28125661235456495
0.9034938557318417,0.8400293969810882,0.09297545230612425,0.1885239795549044,0.11959907296694855,0.4137761257796241,0.100352485698326,0.048665558705640766,0.9353761419906009,0.7966903070553917,0.49473483600532775
0.9866035737471844,0.07650512906844595,0.6476180687599568,0.7389511879622727,0.6745885021747091,0.03772813914433866,0.7901784153546747,0.783273200449518,0.5843084281897566,0.8226553372205387,0.24754770514467772
0.9404335024930914,0.18658685662063296,0.3131270799950696,0.368850442380734,0.30704967547072815,0.16625370389291916,0.4133381781591525,0.41106539934742514,0.784617858762625,0.8008182327501676,0.41283673011040045
0,4
0.9744233023601798,0.12097048149572712,0.4767936171538989,0.5563967561971368,0.47121207197252835,0.06781916805135703,0.6825872475157958,0.6749838582394719,0.6547851874850824,0.8331318324184017,0.27794035349285034
0.9031950327597399,0.8455105269167862,0.0920876547340247,0.1884873677607673,0.12034129891272749,0.4138030352633544,0.09817161065169538,0.04711205236811694,0.9358193831492411,0.7964369606579504,0.496260835197617
0.9427837979142994,0.17878804748371002,0.3088869715271786,0.3681700141602282,0.29843304843304846,0.1648030685173135,0.44098513011152407,0.43460774577954314,0.7838527606202647,0.8043907101994835,0.40614844829851376
0.9874534316297289,0.07336333822036217,0.6484769414033695,0.7424520589325866,0.685446425930855,0.03726719081841136,0.8001183416729911,0.796996800940132,0.5799606839766989,0.8246370718440977,0.24408815585507218
0,5
0.9030664132295172,0.8464937907031657,0.09031762295081985,0.1875056245013202,0.12013295346628694,0.41656362553642606,0.09746747211895956,0.046953616352201244,0.9368134275406947,0.7965640239076759,0.4964031182118315
0.9742170510290731,0.12040887901464653,0.47294763028640685,0.5548195276606438,0.4723025929251611,0.06820137608095225,0.6850852704207832,0.6802437412818442,0.653704680916291,0.8349417984088454,0.27614760846473285
0.9874058620005949,0.0740876347042187,0.6454696499778465,0.7400034623899666,0.6861284361284359,0.03764275348711338,0.8019943735557121,0.7961499235084142,0.5798339437611615,0.8250812957567896,0.2451357949970845
0.9424877051809905,0.17915369454234956,0.3010470650449497,0.3644510166692489,0.29462365591397854,0.16695006872183968,0.4443218611344286,0.4401217285453438,0.7846645134816761,0.8042626187238382,0.4059853051097271
0,6
0.9034878879055915,0.8495449471632845,0.0919553827953355,0.18918656180148158,0.12081828061209515,0.4094738549664556,0.0978423331928105,0.047967321532775775,0.9362372508873112,0.7967041118095444,0.49405082120263055
0.9431244222167179,0.18246411629244463,0.3125901639344262,0.37470461569939695,0.3046343779677113,0.1594113790402234,0.4462453531598513,0.43909433962264144,0.7778231432088657,0.8039932814718299,0.40469578016922736
0.9873795481108636,0.07319827523802641,0.6491573195283291,0.7419259505944127,0.6852101764382469,0.03747931825066901,0.7993347681471339,0.7933267130089374,0.580864450827522,0.8237478460777397,0.24672437757495025
0.9740860865284916,0.12155500170348216,0.4732926017784768,0.5543206922790163,0.4705585517393636,0.06809964607769094,0.6816554410897269,0.67389821068022,0.6549111408225305,0.8346740174280437,0.2786353730251291
0,7
0.9874230934752615,0.07350102645378032,0.6466227254802546,0.7405521181004068,0.685307565032651,0.0375211506813337,0.7989115854826965,0.7927640536860533,0.5793032529714458,0.8245481564156766,0.24671485740707372
0.9034449665335185,0.8423426070985642,0.09177081642590507,0.18845704252563272,0.12008123889312022,0.41347578420353526,0.09888107769884807,0.047991780310106924,0.9357484348147601,0.796686111949736,0.4952967553681271
0.9425354270030927,0.1719913010394482,0.31114754098360653,0.3733436392704559,0.3064387464387465,0.1603417799121283,0.4453779429987609,0.4417106918238993,0.7810467104363313,0.8041568279743636,0.4041033984903227
0.9743742124010034,0.12171028258416222,0.46872488358742104,0.5518979761755921,0.4669482412673075,0.0682786047083024,0.6865751522427784,0.681344982013068,0.6549396943042513,0.8356038656210486,0.2767354587430439
0,8
0.9875012148997989,0.07359405056411403,0.64657474758441,0.739911991973673,0.6845625554234829,0.03759455542120005,0.8024939067923877,0.7981257028614268,0.5798654232350617,0.8251817983734181,0.24570093979152272
0.9036654462040208,0.8467266264977613,0.09109345952340692,0.18891561203940338,0.1206567392134405,0.4106294616570054,0.09912620242977027,0.048764831744796955,0.9356576976932116,0.7968954653405521,0.493933729686636
0.9437817885799289,0.17659707442520223,0.3087650273224044,0.37111995484156657,0.3014814814814815,0.16189145465072713,0.44812887236679055,0.44573584905660374,0.7800618930378906,0.8042409526343091,0.3997514914464049
0.9736704785313651,0.1212317441702283,0.4711501226281141,0.5517292912905531,0.4671691679565696,0.06898010296480386,0.6774434329537805,0.6720992423116922,0.6571228824648889,0.832772236767607,0.28123272846466135
0,9
0.9043439159682621,0.8452957494325243,0.0934101606881999,0.18951308321113058,0.12050435812812049,0.4067526305353536,0.101807206742979,0.04997197832990835,0.9349650804226941,0.7972215722686559,0.4920671904190579
0.974664314145604,0.11805964288505039,0.47201497353814376,0.5544824435002849,0.47279987437467763,0.0680828416934243,0.6858589702309517,0.6773436339325507,0.654789272340139,0.8357003744675244,0.2769243444243583
0.9430986937877097,0.17939563369832884,0.3099082379626766,0.3725357850235019,0.30332025300578763,0.16109018316557772,0.4427532674008089,0.43842411297021466,0.7804806920561701,0.8045121271596647,0.40271837844393477
0.9874056624998768,0.07485540052309991,0.6422663215415589,0.7374954650759704,0.6815214674863797,0.03786619916502197,0.8039131285462727,0.7989539887454484,0.5805577752341479,0.825422221961842,0.24209832026298989
1,0
0.9873475219796725,0.07359813003606383,0.6494659279145483,0.7423963931641178,0.6835422932983912,0.03739303078926065,0.7998652902089296,0.795411215567681,0.5806724938842114,0.8247810620877036,0.24556795398259978
0.9039454854306976,0.8460401123555974,0.09302666992904352,0.18922977978681033,0.12033847854743351,0.40880118412738575,0.10026077789491206,0.04894395944804286,0.9354456176238243,0.7969202478013059,0.49320829327595417
0.9429876166031642,0.1753349935779667,0.3142737809334865,0.37249947837825076,0.30587765619612756,0.16102399907846035,0.441195273837994,0.43879341425309454,0.7811293644425534,0.8030997785691563,0.40613852145616186
0.9744816685845026,0.1192528892899477,0.4762327225972356,0.5581171511087031,0.4749567063292554,0.06693888651813024,0.6819010131933814,0.6754421013688493,0.6528844529194546,0.8341379517216271,0.2782438728771272
1,1
0.9031219850370124,0.8450398843080458,0.09149590163934446,0.18815750866537373,0.12011811490978141,0.4148401977751097,0.09890024783147472,0.047268081761006164,0.9360191941081959,0.7965716161176674,0.49697933577306275
0.9742466493078417,0.1213074532520643,0.46840767568941416,0.5527607351491974,0.4674573201704985,0.06848414840759333,0.6848938070948964,0.6798010823460581,0.6552417430886261,0.8358897018690116,0.27715063339931095
0.9432876642707303,0.17696571914236364,0.3115171765688629,0.3731490769917809,0.3044985210590307,0.1613046586561271,0.44327895247792015,0.4398509794495853,0.7804364246528465,0.8040414217902269,0.40250242303866457
0.9876375103104771,0.07231469961033066,0.6464051921893361,0.7440823437611017,0.6878154079519266,0.03714524665477045,0.8029739776951673,0.7998196921888079,0.578900406279193,0.8249602466883063,0.24500713289845774
1,2
0.9434199922818486,0.18074204936843147,0.3157871098136089,0.37704570278046745,0.30782890371931476,0.1580301693188196,0.4424301064317361,0.4367536831222537,0.7792834919421501,0.8038968333567413,0.4063256120797343
0.9034493918543592,0.8442553173871996,0.09195617089951619,0.18840002204504624,0.1203223949337941,0.4138175522039121,0.09935088699269984,0.0485677974386548,0.9360283283830269,0.7966821795168924,0.4943645185532835
0.974253448227401,0.12100475201271674,0.4728460495501048,0.5546460355337292,0.4717563138615771,0.06818293562659077,0.683595606115661,0.6771315080153212,0.6551760376526071,0.8348235003648421,0.27814279669876874
0.9873984534947454,0.0734016381091456,0.647157543762156,0.74008344758983,0.6845815828866678,0.037661382359511886,0.8022934912733917,0.7979021426287176,0.5799472121182634,0.8252961569985346,0.2439107994369412
1,3
0.9431787005450597,0.17564831635734415,0.3126523749474569,0.3734254721930976,0.30508072174738843,0.16086897716227438,0.44755028119340384,0.4427431059506531,0.7797253611523229,0.803660668607767,0.40438847165488845
0.9874440974869796,0.07316809505871946,0.6486413653716596,0.7429559100630921,0.6844924481910784,0.0373256003560776,0.8001094871925446,0.7934737658309641,0.5802252727640672,0.8236507503887698,0.24586809814883814
0.9038330831899068,0.8432725804155741,0.09283606557377022,0.18906801589287137,0.12052706552706544,0.4104707137018494,0.10052044609665406,0.04962264150943385,0.9353454554780495,0.7968822757035976,0.493219632252288
0.9747826281093797,0.1221483166514779,0.46817590424147804,0.5520854177434655,0.46731560620449514,0.06857391810646125,0.6864784327609605,0.6815962863132673,0.6548186929675461,0.8349540260516082,0.27373610718403707
1,4
0.9036014962844104,0.8470500259616701,0.09108196721311501,0.18848874723921172,0.1203561253561255,0.41186740063349353,0.0978066914498138,0.04760377358490575,0.9361158699220379,0.7966764764119139,0.4948035066379517
0.9741990519784798,0.12033143035911298,0.4723707440100883,0.5530323056216299,0.47024983563445105,0.06846400444860139,0.6818129825564769,0.6737590711175616,0.6559740065023221,0.8346524572700593,0.2785710090915359
0.9871529640194502,0.07517604947058013,0.6480874316939889,0.7427088317217688,0.6842105263157896,0.03725040736099973,0.8000782625709255,0.7955776233035419,0.5795799768193584,0.8240052212383087,0.24723425530159296
0.9438099648454007,0.1791443630118063,0.30305658381808565,0.3656417237497346,0.29646172226817397,0.16525855562184197,0.44604868689291277,0.4427267194157029,0.7824936794313498,0.8054919546506957,0.4017646425954289
1,5
0.9430961451352717,0.1794318425465772,0.30600383223334043,0.3677352567618799,0.3014393014393016,0.164383926332174,0.4467001400086902,0.4423180592991913,0.7813990482230145,0.8045322884725918,0.4030736915247747
0.974305846141659,0.11936017460703743,0.4713792678417355,0.5539075919472548,0.47126362915836606,0.0684070225886572,0.684168599938508,0.6788196907362746,0.6552724522632001,0.8349441524178077,0.2779293367203416
0.9041258889755959,0.8463679192364828,0.09353509878100019,0.1895830301472976,0.12076850025567981,0.40690325732984345,0.1004289390906492,0.049250120948234166,0.9353192765379909,0.7970160500984557,0.49291323076363525
0.9874066994129437,0.07353042881821992,0.6462007477710673,0.7413785708164171,0.6845404108562003,0.037479452693243265,0.8006782756146874,0.7974313141343925,0.5797806477622058,0.8247171177749327,0.2456069327203324
1,6
0.9031566268568237,0.845696965884887,0.09212605113395034,0.18860498790495378,0.12033715660658667,0.4131611485257751,0.09819519617851608,0.047746602795972315,0.9359015586563816,0.7965616010877521,0.49582695500799506
0.9874300054175389,0.07349135184769434,0.647302028341206,0.7425261596403558,0.6850548070887057,0.03742455834702901,0.8011971520383089,0.7964950431723694,0.5806394010418496,0.8247341437638915,0.2448056356987942
0.9732458081508037,0.12336537057057584,0.47626567020250726,0.5539005460344023,0.46646137087313566,0.06860376948112445,0.6731357970697572,0.6647058823529411,0.6569475412754372,0.8319259742432457,0.28370945917917945
0.9421289284082345,0.17944712420840897,0.29370023419203745,0.35711753484954045,0.29074074074074074,0.17084406793268037,0.43953797132235795,0.4364959568733153,0.788658113019523,0.8045110010445566,0.40748613295579217
1,7
0.9435402624585749,0.17825385505020314,0.30959280803807504,0.3706516828522216,0.30315228379744513,0.16225061553014694,0.44276292121357474,0.43849056603773584,0.7821458826955431,0.8046489565077174,0.40119978632014386
0.9875729918196902,0.07298947936577296,0.644296686919638,0.739414643932975,0.6853744546052237,0.037664089512204416,0.8021940884394416,0.7956986409816598,0.5801398027495707,0.8245664994061502,0.243995445789362
0.9035035267523439,0.8450706135032493,0.09073339085418436,0.1886231088289641,0.1206927575348628,0.4122840180045496,0.0980825670123262,0.048560079443892346,0.9358273222037475,0.7966013698974941,0.49459643149085464
0.9741736558821799,0.12086234312489244,0.4731915412273752,0.5539614539037986,0.4692487740814879,0.06818116209842125,0.6835864623208636,0.6767622922073366,0.6554260296268972,0.8347594357556518,0.2774191635134545
1,8
0.9415448183082261,0.1840191893272338,0.31286170095720106,0.37200686956845697,0.30421231763513645,0.16102445169355595,0.4382874678775479,0.43277193871090286,0.7779413708680243,0.8028058866457292,0.4049010360997988
0.9036289562091622,0.8448244846610355,0.09196970957809797,0.18875695700978667,0.12000520629962275,0.4115206564804966,0.10008869095918338,0.04871180921367707,0.9358556434327829,0.7969743084878462,0.49406632190889116
0.9739787097051259,0.11975631181227811,0.4730138713745271,0.5542577201168134,0.4706881437650669,0.06815202269887059,0.6818272805261654,0.6771407837445573,0.6552306587544606,0.8339147357247855,0.2815440378583443
0.9874711184425483,0.07393237163386185,0.6497490799598526,0.7404649132068886,0.6844099463147083,0.037536821717549754,0.8024429102496017,0.797253240919009,0.57980077545996,0.8251084071987178,0.24450116350453102
1,9
0.9037920950363846,0.8463160766507205,0.0916885245901638,0.18902583946590973,0.12037037037037035,0.4096647338305916,0.0998141263940518,0.047603773584905806,0.9357870845301628,0.7969805079994923,0.49346688525025173
0.9870338001301033,0.07527975882865987,0.6376147275717544,0.7293606308087748,0.6710646419384285,0.03874674581531598,0.7942998760842629,0.7893875557183855,0.5832456877719853,0.8253736452203713,0.24529881338854803
0.9718110733973352,0.12910276641128662,0.4564561426425446,0.5363876968461826,0.4530595566452141,0.07335621242423783,0.6672195974466447,0.6603773584905659,0.6647053558437588,0.8327489122277996,0.2888292595481475
0.9408617772940803,0.18765531098818705,0.2933021077283372,0.3534289881834858,0.2919006919006919,0.17381977185479278,0.42902283590015927,0.4248787061994609,0.7892113400551054,0.8038723002291304,0.40607813050611197
2,0
0.973989308772085,0.12082401338864937,0.47086033803532845,0.554727392359664,0.47157622739018096,0.06802425579573602,0.6817959136624305,0.6742138364779873,0.6553407496827038,0.8342923347330271,0.2790651145719524
0.9036546810097983,0.842358321377449,0.09242221478755419,0.18888951760384665,0.12098087098087096,0.41175018975609046,0.10008724679462871,0.04996149403157518,0.935429978310572,0.7967523077446397,0.49471693791942
0.9436648516065806,0.1790637124125229,0.31128864909732307,0.3743077811639777,0.3045187348984818,0.15995360999414102,0.44496729565667503,0.4427274898495342,0.7792922793640265,0.8047010916508437,0.4023711966622002
0.9874374754492468,0.07336981121293801,0.6476775956284151,0.7416061932742855,0.6866393637226971,0.03743814427869174,0.8022898595621644,0.7976808176100628,0.579338033727718,0.824684566894812,0.2418950375215047
2,1
0.9870408134337273,0.07535625644352822,0.6411926504565959,0.7353552335153363,0.675691695825924,0.03801997650629543,0.7956138818891745,0.7897682664302896,0.5826164995469748,0.8249246507136823,0.2459537162816482
0.9425885923613205,0.1780186017996326,0.30464126037896533,0.367099054965069,0.29698079698079705,0.16442655510423976,0.44385168734611113,0.4415584415584415,0.7823512915070182,0.8046141698595052,0.4058429166818869
0.9741554709590439,0.1200364778696158,0.4709081446786365,0.5511983715211706,0.46997241441685894,0.06865526386638578,0.6817135776243582,0.6758161126085654,0.656588490272325,0.8344610488881339,0.2805301549964401
0.9038931453582125,0.8465128317025957,0.09156908665105379,0.18866016161481852,0.11964358392929836,0.4107488223653618,0.1009028146574617,0.04922988063149786,0.9357076386155637,0.7970890308569347,0.4927120208802071
2,2
0.9741465039289589,0.12154052287180464,0.47085405538159264,0.5532108827668044,0.4695306081073872,0.0685430187334801,0.6822466340865738,0.675443431559607,0.6557413486527172,0.8344272048454797,0.27884537906809037
0.9031693963432592,0.8456538037491937,0.09066070541480375,0.1880046599750157,0.11975884198106435,0.4150724832879732,0.09778078179565158,0.04697922622450884,0.9363290786403244,0.796573920301778,0.49581454810929193
0.9430936017197167,0.18441318811415963,0.30845901639344264,0.36853609988401015,0.3007977207977208,0.16551437280746567,0.4417100371747211,0.4387421383647798,0.7822537956503923,0.8032864253525512,0.4076625391045235
0.9875862919065492,0.07271704271948626,0.6515156744319817,0.7456284142346219,0.6865796971060126,0.0370830711703137,0.8018783017022109,0.7960145647136708,0.5798427387714278,0.822598344771287,0.24673179062822825
2,3
0.9441693864850563,0.18037241381928965,0.3092459016393443,0.3706379687377076,0.30370370370370375,0.16385792377643812,0.45251548946716236,0.4438742138364779,0.7791649569142413,0.8053069318470066,0.39790498092331006
0.9037665087879269,0.8410139774830241,0.09293086998005007,0.18899329954320626,0.12125597310782493,0.411475337384707,0.1002340630593418,0.049276230408305755,0.9352191088444706,0.7967355722276769,0.4938579978228249
0.9743226995234623,0.12075003496436329,0.47278206364513015,0.5540784602661558,0.4694255907491202,0.0683143793687905,0.686830308331511,0.680604883462819,0.6546523872166861,0.8351328567284839,0.27797581372755314
0.9875487771960771,0.072375860920676,0.6480344886266949,0.744497192950236,0.6872898983625626,0.03710075649394383,0.8018034241905814,0.7970098583273486,0.5782733535616587,0.8245140517620788,0.24558090492409804
2,4
0.974543782026906,0.12133045439004975,0.4695282192466525,0.5514507429530938,0.46942215262825954,0.06860615850438768,0.6864269701183348,0.6795477459311537,0.654695658847227,0.8353339674187312,0.2739947095166998
0.9034133104656256,0.8425342011605896,0.09220069547938398,0.18866991494920482,0.12089556534000978,0.41290465449426317,0.09984604408396208,0.04846578997522355,0.9354962219652438,0.7966132639044411,0.4959788340596285
0.9875871623743321,0.07238598910266891,0.6460972102387115,0.740707466515562,0.68722946968561,0.037505758623594856,0.8052175047283636,0.8004104601125455,0.5789257715482816,0.825040205005828,0.24574329415799206
0.941968111309434,0.17835253938437473,0.3082390269698573,0.3686227624335531,0.30250896057347676,0.16282923034835542,0.43974097613622737,0.4367863664029214,0.7841423219982288,0.8039851009818121,0.40638740588176253
2,5
0.9872765833673169,0.07455288522186798,0.6493386093838327,0.7429538989840813,0.6864033795068278,0.0373434763919767,0.7989488527111906,0.7938711776187376,0.5805114753866415,0.8244454545127718,0.24620761220418225
0.9036889829891803,0.8475639978622178,0.09279337769842555,0.18924280860442,0.12065950184762064,0.4093855685507244,0.0998196473922483,0.048626938165514666,0.9354881630961644,0.7968651112019904,0.4941677418135163
0.9446502769286291,0.1793638708354791,0.30247056107134607,0.3659517384221683,0.29675775450423336,0.16569200376469503,0.4438714068799413,0.439303747010364,0.7816301791049975,0.8052815359538401,0.39935683397453414
0.9743615061954118,0.12044113488261007,0.4718846296068039,0.5548925358667145,0.47049247049247056,0.06804873312841732,0.6819884283198702,0.6755710029791461,0.655213253692296,0.8342163379879626,0.27910580509927835
2,6
0.9737158776480755,0.12459243489535654,0.4353504688659516,0.5253364581506687,0.44381133270022166,0.0768547531557987,0.686936833570456,0.6841369671558349,0.663054023110789,0.8389503205144441,0.27906021190900776
0.9034399756703232,0.8413802222690059,0.09165195460277425,0.1886442606148373,0.12078311052670027,0.413416607063792,0.09856067105137739,0.048824383164006224,0.9355691634312916,0.7965220107208743,0.4954913903789211
0.9863596039127939,0.07813732918795532,0.6438384147898474,0.7343398605904345,0.671024487223864,0.038278414337539174,0.7879998610290796,0.7823546699582671,0.5850969349731636,0.8229841438715292,0.24932484271600241
0.939538552663582,0.17887930881935826,0.32310196488780374,0.37821323251234307,0.3142995696187186,0.15892073868433085,0.4133512615676659,0.4072260136491369,0.7804041272696078,0.7993378739353876,0.4163573425614882
2,7
0.9030139614361468,0.8486667832721234,0.0913749073235029,0.18827389269256517,0.11970106944981312,0.4137773392352585,0.09620593674693168,0.04556745994121558,0.9366049574916051,0.7965923103390885,0.4960827871243113
0.9727792475540833,0.12447949412876619,0.46334750050597046,0.5412206689670463,0.45908808460248796,0.07193630712783106,0.6728471552924258,0.6682351114216941,0.6623492251655315,0.8334707896658878,0.2846479590682871
0.987149857493352,0.07556748493036711,0.6426969857218403,0.7344111039107243,0.6723187207058177,0.03817745396295938,0.7964624055642163,0.7910164333536212,0.5823821594504102,0.8263337873153439,0.242015666531035
0.9411362238843903,0.1820454120490263,0.30759858218874614,0.367337309425447,0.30234080234080235,0.16443938318619017,0.43064905053752645,0.42412034676185617,0.7836552057802595,0.8029332913639434,0.4088571838435107
2,8
0.9738104270987444,0.1226405210521814,0.4740246537044097,0.5527757944198468,0.4695443803970937,0.06894958547289834,0.6809025676493472,0.6741407049875676,0.6564974170809856,0.83366761129558,0.2801463473100016
0.90489519130185,0.8549266611498698,0.09303278688524591,0.19042228757120233,0.1203555318138651,0.3997316673265557,0.10126239157372996,0.0491155660377362,0.9357253304096592,0.7975453590482513,0.48868135882078645
0.9876112807300137,0.07243305002682396,0.649414519906323,0.7440799871667624,0.686561234180282,0.03721951895093374,0.8001036845965153,0.7970992170453086,0.5798902757656219,0.8243548312579309,0.2457850744993536
0.9425044710069965,0.1767434025737739,0.30954182429592264,0.3685827997037852,0.2999123383738769,0.1634388598952561,0.4417357735201601,0.4388969521044993,0.7839994134234003,0.8040656892608303,0.40712498692851046
2,9
0.9875658921395191,0.0731352813636782,0.6429036604536269,0.7370340768990057,0.6829411075986421,0.03791700725452131,0.8028339359372614,0.7990307573016282,0.5804973693233896,0.8259882691675823,0.24396117978472293
0.9033042758468544,0.8432986709184271,0.09192037470725972,0.18821846089288713,0.11983254840397711,0.41456668623309123,0.09894924512555964,0.047959183673468964,0.9360274321053847,0.7966165273790503,0.4956224405934015
0.9428138995824057,0.17762455643712738,0.31177739430543566,0.37306497381314874,0.30503073924126567,0.1615001505756831,0.44404226178829975,0.44004468718967227,0.7806503493294196,0.8030773994849985,0.40498637118570485
0.9736365860031069,0.12271668269640051,0.47457755359394704,0.5534981612005638,0.4681130834976989,0.06829737839048658,0.6773091221046611,0.6707982583454281,0.6553829582399566,0.8334861557045329,0.2783623984194264
3,0
0.9442548505036288,0.17919934882479616,0.30414657666345235,0.36806605025495587,0.2998715155577901,0.16474843913928772,0.4489151298685521,0.44737945492662473,0.7809924475877095,0.8055332535193397,0.39845138775236566
0.9872436626978098,0.07484416784283876,0.6469756924816279,0.7409467173032018,0.6840554081933392,0.03758240170810691,0.7988975772336877,0.7948340923877684,0.58158508199737,0.8237242796013634,0.24472009894899027
0.9032945098109381,0.8484030409265738,0.09151255753856125,0.18849624044334795,0.12041598248494811,0.41256245718533835,0.09848554214661093,0.04729064039408881,0.9359737301171821,0.7966120863303646,0.4948806316737081
0.9735792614086803,0.12352320162981459,0.4707241512843682,0.5516525566276722,0.4665971240774391,0.06885444414855314,0.6792436261452448,0.672411231614916,0.6566236886064273,0.8343873892714403,0.2797361157196513
3,1
0.9039170140144964,0.8457812367417614,0.09259352669188725,0.18907229489396843,0.12015486887281757,0.40898955443248874,0.10031455533314282,0.04803096274794383,0.9355689003924565,0.7971705902203396,0.4933733248243545
0.987803273921342,0.0723831522095841,0.6470450965521267,0.7435466630213108,0.6898135474647933,0.037249008871162115,0.803926497241662,0.7989390989055258,0.5786302364058271,0.8247795366442527,0.2430146301512478
0.9425523915912714,0.18091393404839384,0.30556541714524377,0.3688101981039963,0.2990182735405666,0.1642057024819743,0.443752515805176,0.4384809518086768,0.7817661110951414,0.8038442225141288,0.40702613860623416
0.9740705397594167,0.11985098880038347,0.47595014428685456,0.5560198504620831,0.4734466532219342,0.06787164927563848,0.6829427899140944,0.6766588933644265,0.6545537430899128,0.8331020819619542,0.2810652428946
3,2
0.941244046412982,0.17743218641011413,0.30921985815602837,0.3684823869599979,0.3034693176537149,0.1647741395265249,0.4285638956998602,0.42531781078549435,0.7846363101942012,0.8027496873350938,0.41246571316659486
0.987340773834526,0.07451907501845137,0.6451282609879634,0.7380473652383617,0.6773149331288869,0.03772573421859024,0.798700737319221,0.7936689024008023,0.5811051453437267,0.8248026963126875,0.2444612910429768
0.9038167023434283,0.8459428203849075,0.09219198918370819,0.18901949759567582,0.12062736805004842,0.40982581037964305,0.09878128233625888,0.04857031705893816,0.9358345777510824,0.7968785602781272,0.49335113800917296
0.9735548854659911,0.12305116536146107,0.4635121708892201,0.5462771490388705,0.46370758870758877,0.07053971176978734,0.6798186324208629,0.6736992567181246,0.65881812586265,0.8347319682911848,0.28144861957506373
3,3
0.9410899654592184,0.18153001754414258,0.3060765027322405,0.36420140017206515,0.29806267806267805,0.16630521780593302,0.42753407682775707,0.42561006289308173,0.785768020790592,0.8027231022599802,0.41228814302336625
0.9032778788130544,0.8462046130619101,0.0908763196292166,0.18837322110956628,0.12016527199773286,0.4134078115161849,0.09871737480293502,0.04763410056307421,0.9363257760485733,0.7967287923052194,0.49568397241048145
0.9872413963118033,0.07410554108221054,0.6396432957761522,0.7338127909868909,0.6741464591627458,0.038211710741730576,0.7979971664870497,0.7955134902587425,0.5818517521008253,0.8258321619352226,0.24502756358937872
0.9732186046628067,0.1253974007300645,0.45871714806141034,0.540662620742188,0.4568918735585403,0.07210858143536694,0.6753555201510593,0.6693171608265946,0.6616029498928577,0.8341431044221509,0.28397160549581335
3,4
0.9037154335733271,0.844595198767885,0.0923778942031434,0.18892568592314007,0.12064205363174446,0.41092657628097035,0.09937531138619538,0.04907605524217046,0.9354453887448257,0.79681330122256,0.4948006986246184
0.9875737168215706,0.07180033825826854,0.6464424539462565,0.7415812594944616,0.6888516854152593,0.03751412825134115,0.8021563893253618,0.798858847176295,0.5796355089844863,0.8250746765369722,0.24467973914708013
0.9457488980328441,0.182113052352777,0.3086979221050433,0.3702469584389608,0.3021213275990346,0.1615750680579138,0.45696493263561666,0.4523975483715899,0.7793462124518789,0.8057138570092836,0.3941031611039654
0.9744555082671704,0.1203582076666459,0.4706315923243106,0.5546844943000122,0.47300072881468236,0.06797514777948599,0.6849802599348722,0.6786748573935936,0.6535011753553921,0.8354717653187125,0.2757415587069648
3,5
0.9745996011572641,0.12006451436643509,0.4726375087030825,0.5542634768219603,0.46842446842446844,0.0681199215096221,0.683325917526661,0.6755736868944415,0.6549647645769948,0.8343143548032722,0.2771219169701584
0.9044020508714807,0.8484780625950298,0.09253931080628963,0.18961173825884986,0.12041397755683486,0.40556096122928564,0.10008724679462833,0.04917212167886026,0.9355281146106397,0.7971730964855742,0.4913455135275713
0.9419116866946073,0.17718417505036363,0.3070544685351665,0.36771316769934864,0.3013509787703336,0.16479101639106514,0.4402686173402086,0.43634814363968344,0.7834516923239863,0.8035460596212587,0.4074012845114295
0.9872466602039972,0.07450046537875094,0.6476653476540417,0.7416399157356408,0.6875921013852049,0.037521580351134246,0.7992436867068324,0.7940533506831489,0.580426577335052,0.8250217710549858,0.24549232736764603
3,6
0.9412508431914947,0.17756226780718215,0.307751756440281,0.36795793621970524,0.3014245014245015,0.16515840984396207,0.43146574614976096,0.42668463611859836,0.7854255818043285,0.8027778347624794,0.41157918995568193
0.9871361907241065,0.07412036390591256,0.650302563538343,0.7418260114588757,0.6787605881565613,0.037410518541579924,0.7990444350190864,0.7919842978346208,0.581080648448281,0.8237442927513589,0.24556786250230256
0.903462815513826,0.8441261193005483,0.09165791811354251,0.18858177411806415,0.1202475685234306,0.4127205662885469,0.09874191953412581,0.048201505716144455,0.9360214852712014,0.7965790898486143,0.49505293047977506
0.9736295071753208,0.12409670308589019,0.4688904361035509,0.5477825683534768,0.46604846604846606,0.07013953187448639,0.6787185486070244,0.672499453631529,0.6581304471128046,0.8335414455707292,0.2769833702779565
3,7
0.9731269050755947,0.12517845242219125,0.4373850459816074,0.523916235088804,0.4439811919486717,0.07703354831903278,0.681808565297549,0.6778800429513728,0.666602238191034,0.8375999044157681,0.2820565136607732
0.9399407689936643,0.18047518087494935,0.3255953093215269,0.3798798727440277,0.3161769293156155,0.15871661275682994,0.4171980571459583,0.4107147775788459,0.7788676097511323,0.7993694658558106,0.4158835828191509
0.9863790324637256,0.07825987907442042,0.6437598335278893,0.7335511975571076,0.6717825231757122,0.03831787349175196,0.7860554513333409,0.7799521000058414,0.5849911579862078,0.8236866270476148,0.24934235117208772
0.9034004496863663,0.8432704656113035,0.09280040561095121,0.1885598175300766,0.11977560431168688,0.413277290830778,0.09993101598129733,0.04857031705893794,0.9355170397099721,0.7966618120247912,0.4955921436687082
3,8
0.9740579850795903,0.11901283382269062,0.47339218158890295,0.5540122372449071,0.46818978742055667,0.06808850633886393,0.6830855018587361,0.6774020319303338,0.655692489189106,0.8344503246787534,0.27956665187421126
0.9035008227431607,0.842630208288492,0.09165272666443636,0.18858249612650507,0.12064654921797785,0.41334865022947964,0.10001138001669097,0.04888332691567193,0.935685132690748,0.796599233483452,0.4947308635841336
0.9432919548247043,0.18416330890789084,0.30898888766641,0.37039158418147367,0.30201342281879207,0.1619656399428635,0.44350190863501404,0.43679878434848673,0.7809851891835349,0.8050007871299194,0.4030152704435245
0.9873897021758664,0.0735140331708892,0.64926924145596,0.7424011374991326,0.6835771886619346,0.03731229424019754,0.8007939008254048,0.7949344419571474,0.5800485801520363,0.8249399798705116,0.2460823700654559
3,9
0.987497866020303,0.0731352776120952,0.6456608964805686,0.7410161093258247,0.6814695276233738,0.03738895466442216,0.8027400109184495,0.7975062673175882,0.5789686821180476,0.8244060466782218,0.2456620993749244
0.9034172746458675,0.8444816565112931,0.09232450609499787,0.18876336970651741,0.12073927971363857,0.4124160647431311,0.09913258983890955,0.0485147556845672,0.9357169912565919,0.7966855798908324,0.49448755774182246
0.9747361282810505,0.12052623068108578,0.4725315980478038,0.5546383409784322,0.47218416302385774,0.06811136364877225,0.6865546695422685,0.6805559556387728,0.6533816292713812,0.8354913757490383,0.2748095689844748
0.9428703924336792,0.17591981425870726,0.3112665761720789,0.37273010876773116,0.3045711071188779,0.16131621044164263,0.4448653896242275,0.4418459319793294,0.7803867656014389,0.8037308776624467,0.4032080120588116
4,0
0.9875825066076114,0.07260664044048332,0.6411022433132012,0.735103496772002,0.6786905832958466,0.03815820563529489,0.8026193504206612,0.7992800397219463,0.5806756244195858,0.8261325656222421,0.24571685752736153
0.904364560728737,0.8533759248666484,0.0929187088051378,0.18996257843888908,0.12020148618086784,0.40311831442719603,0.10077415398765976,0.04843415677883717,0.9354980032911878,0.7973450757891818,0.49142617304878583
0.9408770252556657,0.17577706703523904,0.31042712166833947,0.36745586231381044,0.3021881117119213,0.16445745049833563,0.43395796980502244,0.4296239250417148,0.7847463564826858,0.8030088015294216,0.4119923461766621
0.9727771533269497,0.12616898003206112,0.4667823850851816,0.5462973317844836,0.46361655773420485,0.07075226841528476,0.6726583570231067,0.6655863854975952,0.660468311247357,0.8328989336863494,0.28422530946541225
4,1
0.9424918136606812,0.17775839504320895,0.30491803278688523,0.3664950496557098,0.30092353582286474,0.16699448247675486,0.43160100795888323,0.4305938964163606,0.7862184085945723,0.8029410776636521,0.4098990225779482
0.9029654040290591,0.850608210496135,0.09188565779718288,0.18827040599625716,0.11968675285258212,0.4131690305004124,0.09734546337636152,0.04522613065326647,0.9366784167039574,0.7967017700509937,0.49513271150595806
0.9736022301752443,0.12436735754058079,0.46585334858304744,0.5495782078680707,0.46542547317741123,0.06940388412725935,0.678092850350134,0.6708351616205936,0.6562596422084616,0.8340756799314534,0.28023075313345847
0.9871599719187573,0.07473972609713939,0.6435374149659863,0.7376861792585783,0.6790123456790123,0.03767614126472078,0.7983081708519838,0.793325632139648,0.5805455645532748,0.824831493666828,0.24534045736896593
4,2
0.9874103970537543,0.0736892362140118,0.6471340541797466,0.7403119662786515,0.6885999474651958,0.03762784726011556,0.8018798280998709,0.7968821089254647,0.5803787356271681,0.8252438350166096,0.24517446655173075
0.9435547017825042,0.18320817930492847,0.30770384656594885,0.370580504206487,0.3022549950654526,0.1637434545358622,0.4446145248681877,0.43859908743371556,0.780605909440786,0.8041008995642035,0.4051538145056449
0.9034108281322795,0.8439548287854723,0.09164015985645563,0.18862054280158308,0.12077787699678244,0.41298780949650427,0.09850376370933434,0.048174223223505175,0.9357883336701825,0.7965592587463783,0.4957668262229543
0.9743278154578622,0.12218675124772094,0.4748012916045703,0.5570086233547217,0.4687365104031771,0.0673183505639825,0.6825504111749465,0.6763150371640938,0.6541442844530678,0.8338292681021097,0.27779741160424193
4,3
0.9732476584686827,0.12523695877875332,0.4347647175947435,0.5204267878918934,0.4443867723219951,0.07852097862611268,0.6832171936848125,0.6811397143075394,0.6682367316289546,0.8375594935132127,0.282819436380747
0.9038315149744774,0.8453870198762032,0.09202939513849628,0.18881584372534466,0.12062649993684477,0.4106496704938338,0.09934623766183848,0.04907519286179035,0.9355742544637199,0.7968442563933523,0.49396792891238955
0.9419528245308497,0.18697212725515613,0.3237881825686991,0.3793617013704956,0.3130008813462052,0.15601374014714864,0.4191650397154396,0.41113071806705564,0.7768636547471115,0.801221828429357,0.40603987738063746
0.9865921084175089,0.07589764662220971,0.6474197459279953,0.7364409416802585,0.6713936295929865,0.03802902958416185,0.7894189507405059,0.7826973245161679,0.5847124053478874,0.8228962221612602,0.2465838371258532
4,4
0.942790562607294,0.17379935632459714,0.3115392803917395,0.3692920423045021,0.30458430458430463,0.1631675134919234,0.4449138222372423,0.44048027444253846,0.7827143363407237,0.8028400475293594,0.40403766336361935
0.9876469718380064,0.07318545103491278,0.6469982655402003,0.7416092544494522,0.6839746020633394,0.0374556116963681,0.8026187243868708,0.7977976688775837,0.5793721929132939,0.8245853572203913,0.24477031866141707
0.9038447578222248,0.8434779635299631,0.09271864858117673,0.18921816744960546,0.12088738484677575,0.40977451700925127,0.10023965429396381,0.04928646681352389,0.9353455817567184,0.7968384494450318,0.49370023182420714
0.9747278183572367,0.12117590154021862,0.4725025614754098,0.5546426658288843,0.4698517628205129,0.06798703996692039,0.6856703066914497,0.6787146226415093,0.6534493453785413,0.8359593352931174,0.27646490462985684
4,5
0.9874095069469973,0.0744048111091167,0.6477206377722884,0.7440323374417949,0.689273309136323,0.03717128606440466,0.8010006620155828,0.7972085810286894,0.5790125196036017,0.8246017652482651,0.24564914838859647
0.9038010819178105,0.8442196369470294,0.09168677706582357,0.18883057750093324,0.1205981459788566,0.41100296726362895,0.09889985469779061,0.04882674073364557,0.9357095767659773,0.796949876064346,0.49373776470893616
0.9424695325120831,0.17977325334226363,0.30846994535519123,0.3713172960346845,0.30283439257798234,0.16258837272362867,0.4443808979124965,0.44102564102564096,0.781450238313187,0.8039476518787585,0.40516021979333916
0.9743656406868252,0.11901420149208033,0.47471552555448404,0.5570472995512852,0.4714261773085303,0.06778414543502079,0.6855018587360594,0.6802367739548649,0.6541257331820727,0.8345988274548588,0.27724640876786844
4,6
0.9745096377781348,0.11970487084365741,0.47505944187210614,0.5574546141511337,0.4713794828298645,0.06693380064066907,0.6864553477680979,0.6798502088434395,0.6535133846206875,0.8357853025157198,0.27670719991798665
0.9032082924420646,0.8455385454944379,0.09114754098360672,0.1879619943541646,0.11961428884505815,0.41532376805443116,0.09751215327423512,0.047972907595549064,0.9362233410140701,0.7965961669024448,0.4963819072476182
0.9432440665598476,0.17764941448108554,0.3094207650273224,0.3725128191014344,0.3048433048433049,0.16161745172167158,0.44200743494423794,0.43632704402515715,0.7801757625495853,0.8044262740187165,0.4018741808205972
0.987272976737553,0.07375606079587607,0.6490012868572708,0.7429151852589334,0.6836926188462026,0.0373959361708137,0.7978481799611759,0.7942301500418574,0.5807472890212204,0.8241051203452252,0.24545174761602306
4,7
0.9036545562848353,0.8387779984280034,0.09088665609025226,0.1882684224152839,0.12030144288208827,0.4150028675300018,0.10037174721189607,0.049624670318523245,0.9357094479816123,0.7965864579302444,0.49404048462623423
0.9421785696350581,0.18135664838609866,0.30559492332099425,0.3683424021398285,0.29782189137027854,0.16451143221587555,0.441635687732342,0.43929397443700535,0.7820995539200787,0.8047931213156138,0.4081623653631898
0.98729251226662,0.07403589930851667,0.649202861810602,0.7434692794644665,0.6820473658961631,0.03719772388999072,0.7977746266559357,0.7917785126110353,0.5800261080958382,0.8242039746143752,0.24637518779281428
0.9741347641770778,0.12105412873635688,0.469146072914118,0.550157629191983,0.4695326784879025,0.06904581580195478,0.6835571214559175,0.6779498732751337,0.655549129098049,0.835484931526244,0.27761911983701054
4,8
0.9743061253833621,0.11904174696246048,0.4744912929769727,0.5525885903872069,0.4714490006318801,0.0688325238076874,0.6829444693561686,0.6758240951471992,0.6566281579859164,0.833435258250297,0.2771635909089291
0.9038397482483986,0.8429793855578929,0.0927753521706896,0.18918288623180296,0.12077481424215086,0.4103429428741746,0.10123106237507218,0.04987200151701898,0.9351527848516303,0.7968621999486379,0.49428803582247605
0.9874228801415168,0.07342126876480456,0.6465121537591861,0.7416525131970302,0.6854209647313096,0.037417422125761476,0.801102422766312,0.7960052049446971,0.5798926039647408,0.8243272533707128,0.24465969696984285
0.9434789302211458,0.17224048528150498,0.31305088354268684,0.37343806595519924,0.306896806896807,0.15912922522455575,0.44892096750832805,0.4463856897819161,0.7798412861246288,0.8041707827545567,0.4011669945641953
4,9
0.9411380613557335,0.18810813525514986,0.3058683772867665,0.3639232317431127,0.2991865890416615,0.16884652148739154,0.4250040407305641,0.41875854525567396,0.7845325388188161,0.8025319661230257,0.40907664331643817
0.9032734948184298,0.8454175468950478,0.09278688524590173,0.18883004186605645,0.12033288349077825,0.4118283248993023,0.09939346507532754,0.04744786494538217,0.93595258406583,0.7965965629943683,0.49481584599945555
0.986295534565634,0.07776756369443916,0.64511760513186,0.7345723830104665,0.6716568455698894,0.038228157265278326,0.7882541734974253,0.7812609867572949,0.5851698835499322,0.8234227398268871,0.2484210017958665
0.9734614718403239,0.12328999823925388,0.44163934426229506,0.527788831555005,0.4474529914529915,0.0754792071114743,0.6843420074349443,0.6801660377358489,0.6637263028313521,0.8366415102519816,0.28020261786461564
5,0
0.9873586255550609,0.0737163737450853,0.6486455063364724,0.7435930530066728,0.6844678830494435,0.037193733618267805,0.8028157873922328,0.7980730630268967,0.5794974855726015,0.8250332099527016,0.2450281300366117
0.9036561295944688,0.8437264310574348,0.09239216934585365,0.18858153868138017,0.1204464359804166,0.4124967387886248,0.10013714945681595,0.04869023630701591,0.9355040715347162,0.7967971923754834,0.4942676259579862
0.9742901505005495,0.12049406690373482,0.47066834804539726,0.551784586335329,0.46835415296953764,0.06872696119656373,0.6821275378896197,0.6759361393323657,0.6562298775291205,0.8348734859842087,0.2755589531901289
0.9418084971119582,0.17974233893112934,0.303839516824849,0.3642550665952575,0.2957339931024142,0.16610758162008676,0.43927313637252985,0.43825719960278053,0.7851944663412762,0.80454314252956,0.4065228125748509
5,1
0.9877386956839,0.07246384732887776,0.6488490318158451,0.7426949908014999,0.6853191975143194,0.037344701728702925,0.8033107521728429,0.7980540398395897,0.5790972578668885,0.8240657160189183,0.24388519177478163
0.9037548485992979,0.8453875071256893,0.09190263288623912,0.18891433284039832,0.1202624535957868,0.4106698692245846,0.0994142165145886,0.04856108252334712,0.9356664200478342,0.7968128736840678,0.4935758275729331
0.9423634832082288,0.1778660309413441,0.3108994240141781,0.3714920304775703,0.303919303919304,0.16156912506662172,0.44031950165779155,0.4315145334013258,0.7816353874391444,0.8034850089993363,0.40648495081614333
0.9741863760881793,0.12008418231098511,0.47370295327561857,0.5548357545878392,0.4711631827736697,0.06801309847313315,0.6837642537905684,0.6768002261324286,0.6555202334791831,0.8339865085621327,0.2797915051532771
5,2
0.9036332998798445,0.846241861595129,0.09210438273670135,0.18869747732718078,0.1201087272515845,0.4112316838455008,0.10004931340565965,0.047901424720831365,0.9356252041235068,0.7968929092026293,0.49438194524826373
0.9869234399790363,0.07464671752253516,0.6328675914249687,0.7282744184939562,0.664790707867631,0.03892255032185547,0.7943837575064343,0.7895152394775035,0.5842847447997241,0.8268604630002854,0.24342119125295875
0.9402189252967001,0.1843807798498894,0.27972118239318444,0.3409509322505281,0.27628597707337876,0.18164291133425423,0.4179082633258203,0.4163720101025107,0.7979868270979901,0.8037626560281924,0.4161644950730814
0.969581027351617,0.13167212263699982,0.45784543325526933,0.5356788042380237,0.4525618414507304,0.07387735755723901,0.6471941936625952,0.6411051212938004,0.6699951882681694,0.8290862151653952,0.29838411712789475
5,3
0.9739578711911244,0.12223178474470847,0.4636375371111398,0.5446649952701584,0.46206563923099364,0.07103675412265509,0.6820097766589585,0.6760659634526816,0.6592474854522976,0.8344347063154246,0.28041730802965303
0.9040105966904047,0.8399333720276521,0.0927424863387975,0.18905662569064996,0.1205781101614436,0.41105335308742885,0.10153345724907054,0.050334119496855345,0.9350454366707724,0.7969116889856357,0.4937238933209971
0.9423769964122188,0.1778157245303975,0.3172778257118205,0.3759577017940168,0.3081983805668017,0.15828596473302392,0.43670514576403835,0.43155412115193637,0.7795688184350931,0.8034802318903194,0.4062132962977632
0.9873472085468656,0.07485820688728057,0.6497774400173706,0.7413129103844629,0.680449425482538,0.037365969657005504,0.7991087914522761,0.7928026989878795,0.5804051841505288,0.823942488186263,0.24495536906196463
5,4
0.9032854542717554,0.8467026720618648,0.09100033456005369,0.18824551732695072,0.12007965579394148,0.41320737577753086,0.09758364312267642,0.04701578744705409,0.9366332601978037,0.7966871134172997,0.4961235114278041
0.9743695671187964,0.12071770076307983,0.4699944741204642,0.5525735487586356,0.46932787007693383,0.0686683474103269,0.6847249488325468,0.6781287541516501,0.6552601205817329,0.8346628594931707,0.2783801572642568
0.9436973668553105,0.1793157169505254,0.3094426229508197,0.3682291164699355,0.30056980056980065,0.16488190116140458,0.4429244114002479,0.44030188679245286,0.7815428805908929,0.8035850400842187,0.40381316455898536
0.9874923216501943,0.07332588407118254,0.6440623750499801,0.739295402265046,0.6893594210667382,0.03773355930803464,0.802106135771926,0.7970284662415356,0.5798437703293752,0.8243879846897231,0.24557630207199704
5,5
0.9872829017381234,0.07382704901052001,0.6501453319381468,0.7421689103177346,0.682821118991332,0.03742258872857111,0.7974109520419731,0.7929747089522279,0.5810842813364898,0.8237789450411823,0.24845276908400818
0.9036089751008729,0.8463105392030422,0.09218606973454269,0.18882078647586342,0.12017874962037395,0.41078253603791204,0.09903194761572298,0.04800306484053246,0.935894959059677,0.7968842708071874,0.4941884255328471
0.9438067577942818,0.17651002246782202,0.3075819672131148,0.36980569654540085,0.30352564102564106,0.16255420136405435,0.4492332713754647,0.44408018867924526,0.7804164956914263,0.8045911617766643,0.4000835636458536
0.9744133447672295,0.12141954302451843,0.46964386659129453,0.5539925060346341,0.4705002674351334,0.06802850916083455,0.6867638052101581,0.6814429263355744,0.6539396233356465,0.8353278814369001,0.2760870032543292
5,6
0.987366988827798,0.07451934025715398,0.6403119307832422,0.7378177852461907,0.6826725229503006,0.037834210701837984,0.8015670177612558,0.7966194968553459,0.5805170505060885,0.8253765113360612,0.2446856994479134
0.9035150241714536,0.8457576251584834,0.09271122320302677,0.1891588599914416,0.12107531594711096,0.4103667083231811,0.09823658373844235,0.048398645379777505,0.9357619708973861,0.7966165567227622,0.49456927877819395
0.9452628602433024,0.1787492884165195,0.312757461118117,0.37392044723015216,0.3055920812331069,0.15960700091434737,0.4532218091697645,0.44835510401548134,0.7776381479961726,0.8050724196916936,0.3981850044248377
0.9742738282735057,0.12108443194936189,0.4782614157402173,0.5567089676190686,0.4742552750215586,0.06777820644869825,0.6826190374453418,0.6750668690811825,0.6538671062499137,0.8343156773878837,0.27645612290162774
5,7
0.9407095184717149,0.1764783650790413,0.31265752202520347,0.37210903694045694,0.30571544857259153,0.16241644302556005,0.43848468755531955,0.4331664741368245,0.7823516562964973,0.801717400275495,0.410850364444396
0.9036119622592848,0.847765484847606,0.09162020470999399,0.18890731420002266,0.12027998322414579,0.4108734963348769,0.09861679844507759,0.048596877693707574,0.9358564245379527,0.7967281221657478,0.4931167195533313
0.987495680757985,0.07376422331626431,0.6461876994168777,0.7390375674772915,0.6846020000382418,0.037706632822748706,0.8024749881489983,0.7989363049259213,0.5805985326881733,0.8251663539343749,0.24493128942959463
0.9740131167029833,0.12187641947631611,0.47243614182234084,0.5545037644475633,0.4685615848406547,0.06809737327557601,0.6811042909426241,0.6751206669591926,0.6542946197669668,0.8349659351065537,0.27758278478311194
5,8
0.9715217199801811,0.12116023837177525,0.4719592312887579,0.5496446429699786,0.46908245035585866,0.06963275636220027,0.6588975676315386,0.6545827150024732,0.6623917092760047,0.8305615647828419,0.2904634196976734
0.9035967574207608,0.8484074353672237,0.09262724229679842,0.18905441325065703,0.1200608582807533,0.40918347449897474,0.09998248311567032,0.0475748295959697,0.935843464735419,0.7970275160382592,0.49478813889369294
0.9874674342426814,0.07280744705602288,0.6393654151242729,0.7342205217832669,0.6762246117084827,0.03816183910849477,0.8016188991485789,0.7973341448569689,0.5808435477252589,0.8264646591038322,0.24347152581745596
0.9446741299274114,0.1957683672643737,0.27411823149528075,0.34459634288694796,0.2768928602261935,0.1773125528298206,0.4471949983102399,0.4479702687249857,0.7903089678069186,0.8095542607209635,0.3940253188312277
5,9
0.9415294453263789,0.1872605032757908,0.30800130279014215,0.36819177387173363,0.30046602894285024,0.1649408053797543,0.43132524188187793,0.42634012245407965,0.7816641620492053,0.8030619986495765,0.41024502993013845
0.9733384873872885,0.12445791358947153,0.46138793494459923,0.5423865621811648,0.45993941646115566,0.07145332943474662,0.6785782505840692,0.6712506525467969,0.6598694208683347,0.8348542788442824,0.28206263095882966
0.903085474785083,0.8471089856508489,0.09073899236117078,0.1880135993485692,0.11955370594114051,0.41448982435830845,0.09766636174312443,0.046191840363528525,0.9366646829957896,0.7965989835910776,0.4960177340242168
0.9871132821251026,0.07424632494268729,0.6499005643644183,0.7430012824744714,0.6815188454532719,0.037326488634136665,0.7974891827655552,0.7923662233219921,0.5806948209636967,0.8235921166534645,0.2464429277675302
6,0
0.9724323379584441,0.1256371252071716,0.4742955942622951,0.5518041445183516,0.46950676638176647,0.06912524865574227,0.6679687499999999,0.6592423349056603,0.6603095266336706,0.8312305604959356,0.2865280013399269
0.9036433318830077,0.8448839823304672,0.0929071587445427,0.1891716700519563,0.12081776403384442,0.41011137736295666,0.10018493956772717,0.04915141746468171,0.9355041003128101,0.7968416498334705,0.4947891755886696
0.9432165735399062,0.1834336611405163,0.29618250601857166,0.36102774946741467,0.29075767537306,0.1675781559811395,0.4431330751033354,0.4406913840876105,0.784024551566614,0.8064730674064764,0.39910065026479646
0.9873437968842597,0.07411979534315194,0.6435674736727826,0.7368541438791079,0.6774872172223165,0.037855705669840437,0.8017307171520716,0.7974384605772835,0.5806157894164756,0.8251115188161855,0.24622033648113587
6,1
0.9032011960490971,0.8461536593825325,0.09210438273670107,0.1886602387768611,0.12005058433629862,0.4124892089256259,0.09934754570973375,0.047323835194455155,0.9360368531901913,0.7967376513581441,0.4949707037985188
0.9734958885412921,0.12312055377002229,0.4580926359614884,0.5414986936885324,0.46323429656763,0.07164442911799096,0.6798400896913909,0.6757262653489068,0.6592846070174775,0.8341747976059015,0.27993349017992597
0.9872860670432869,0.07370694508694567,0.6420532115022843,0.736163506308741,0.6759142496847417,0.03800269511077767,0.7960387592175026,0.7909186514073616,0.5822332618040205,0.8255463421743188,0.24376973916969596
0.9408585115004394,0.18629238947723753,0.3076837292293967,0.3657315377612552,0.3001337287051573,0.16593822570409586,0.4264724477151455,0.4233859581568476,0.784189116762834,0.8022573652361757,0.410646423524264
6,2
0.9863825224354763,0.07727805690587178,0.6458287795992714,0.7353004539238817,0.6704020259575816,0.0381590983179826,0.7902637634979642,0.783779574722971,0.5843088692185961,0.823275671381408,0.24949168865867435
0.9034027714847002,0.8503201237143259,0.09178611278001914,0.18858315187223484,0.11992661207320893,0.4109834634789068,0.09807508904416223,0.04755507260693481,0.9364756255545531,0.7968515180635893,0.49599685883076206
0.941901934226656,0.17947838062937843,0.3135273781643805,0.37246012566294195,0.3082931178169275,0.16272983598262025,0.43082214298358745,0.4260300346553715,0.7800180186970176,0.8021689074286681,0.40355791472892166
0.9743946460621782,0.12194881625702964,0.44405654742151723,0.5316527846812173,0.45346436439553856,0.07390308303711153,0.6933913279051216,0.6894813230463678,0.6603150402283308,0.8389934753146027,0.27598949573765935
6,3
0.9873783019797676,0.07395434153262687,0.6461842849067272,0.7425163748480362,0.6842518911484429,0.03735444273367558,0.7996667093962314,0.7936629798308392,0.5803204547705647,0.8240296349625772,0.24550363812474846
0.9034763663166056,0.8437758968684617,0.09118434258949493,0.1881510189893637,0.11928019070876222,0.4139538887487149,0.09875957818071479,0.04768964189449404,0.9359748310485486,0.7968156711593994,0.49527859740747854
0.9433176883696114,0.17554459108685053,0.3122272110264175,0.37300263553294505,0.3037545139455968,0.16037368236429578,0.4461676887741813,0.44446580939790886,0.7810431145111614,0.8044100742372853,0.40325625879921445
0.9745006538134598,0.12058355583054992,0.4689034891879824,0.5508918747076897,0.4679348609309699,0.0689533861125236,0.6848249027237354,0.6793186990676162,0.6560200316457233,0.8358813192005169,0.2778763266126261
6,4
0.9875642168104376,0.07305462976499763,0.6414268168953918,0.7380015556362213,0.6830646732926864,0.037824805157676014,0.801920492110967,0.7980456026058631,0.5803452207351663,0.8254002825996739,0.24466097262736
0.9032750442393215,0.8454908675678476,0.09225194132873188,0.18895129527013926,0.12096266306792619,0.4120959328432451,0.09960868714537269,0.047984111221449854,0.9356469883160945,0.7966904058942721,0.4951885722881453
0.9722125491477772,0.1247847785082721,0.47513452634213493,0.5502253946791243,0.4663665427024206,0.06954071142823051,0.6658815516898889,0.6595419847328243,0.6602900732035092,0.8306561153881236,0.28734069893048975
0.9420775725295304,0.1829182198601065,0.2829438437391002,0.35077162604986944,0.28506193045200134,0.17446313933594063,0.4396108518547813,0.43733440385387395,0.7897426495196711,0.8061872888071565,0.406822056369333
6,5
0.9874307779220973,0.07351098663611133,0.6497040072859745,0.7423516698773226,0.687232905982906,0.03745260152356299,0.8003536761668731,0.7948506289308175,0.5800509648702886,0.8246155838335808,0.24587012870543695
0.9038748467284571,0.845034602269663,0.09269746646795812,0.18909065850651063,0.12034878701545376,0.40990599775212,0.0999399196425218,0.048408614446350307,0.9355148738099113,0.7968278674325188,0.49381727736779435
0.9444847666606379,0.1720027396542469,0.31376628835645226,0.3752838312722389,0.3068887427861787,0.15855519029691398,0.4528881898770374,0.44765360425737777,0.7801521416621975,0.8042004192247574,0.4036723689527465
0.9746545039175284,0.11850848289125474,0.47608336510357097,0.5564040757285937,0.47177499503080905,0.0673683271512677,0.6816085991758162,0.6748427672955974,0.6541143005283554,0.8356274417260541,0.2765371769378336
6,6
0.9033197397049465,0.8433146523854957,0.0910672465707596,0.18801264235815296,0.12015233443804874,0.4150149458986619,0.09769744328958369,0.04670773969965314,0.9363720867912232,0.7965332991625418,0.49546911726822385
0.9736668246897904,0.1225308488835293,0.44000528820729773,0.526431631167987,0.44463973899457776,0.07668608498106437,0.685169085022185,0.6835057821059037,0.6650719088779192,0.8375128456826456,0.2804943900854176
0.9864813563310777,0.07811979889044801,0.6467161563047736,0.7359899771851213,0.6739773154867494,0.038022416785711693,0.7879871875803698,0.7802658122700841,0.5852045444574361,0.8232665717267372,0.2471091976712439
0.940231365045875,0.18641953040461934,0.3107864100736517,0.36659811173573537,0.30348073826334704,0.16737412687341827,0.4161683098970961,0.41104730653541155,0.7835419974665954,0.8014838634408038,0.41157537513988063
6,7
0.9746953710534507,0.11829076263414082,0.4737580725285644,0.5573836254767638,0.47274022274022276,0.06741181870818123,0.6886757913709586,0.6824471126357918,0.6534436745377472,0.8346301128620053,0.27773271723088927
0.9042135846193183,0.852293432037734,0.09256614186008749,0.18950613746557288,0.12023638261262032,0.4054163079534682,0.09976443741028357,0.048178591444049956,0.9358101382563394,0.7972134234957882,0.49110039287730517
0.9425770068042731,0.17841345406250908,0.3116264020707506,0.37242050774643576,0.3037561853351328,0.16179726866466254,0.444066718841714,0.4395729890764647,0.7809999487074297,0.8028703062160755,0.40732062041177913
0.9874867235153598,0.07294347872534496,0.6536216718986166,0.7466276132814109,0.6877917197066137,0.03689399818981175,0.7996256162830553,0.7954369061956374,0.5791837278132357,0.8237564730046992,0.24513290791934852
6,8
0.987207123779479,0.07505719402734362,0.6474001464706213,0.7408520101255986,0.6845732859478566,0.037545553625557684,0.8003040406750215,0.7958503533683459,0.5800775769318105,0.8249174531421074,0.24371376772469208
0.9036782413948332,0.8432985396014152,0.09222797927461168,0.1886666998610234,0.12029287158820862,0.4120914732507061,0.09881156461274715,0.04899794701339322,0.9357219017691447,0.7966713424629754,0.493545884635697
0.9428930735491913,0.18269068427553797,0.31390798519301955,0.37393033290242345,0.30771068835584975,0.1601340817476771,0.44463364911859937,0.4375897748021911,0.7795054734139037,0.8045445039444599,0.4033418930268031
0.9739739525621781,0.12237363076177679,0.47346272219081714,0.5568492513256126,0.4709259805045246,0.06743776539917087,0.6833169536669089,0.6764837706932697,0.6530878914940034,0.8345008272210347,0.2790346917726044
6,9
0.9730892802313185,0.12599474609849193,0.4617464567957677,0.5424396253680633,0.4577927605816053,0.07139750999069018,0.6742694648913639,0.6661805607757648,0.6605500443854476,0.8336095539449991,0.28298311555166167
0.9036467044340372,0.8426218625515183,0.09122371253518824,0.18862272623412857,0.12057900946789846,0.4125528427216892,0.10001502008936958,0.04928530588907942,0.9354374168438617,0.7967552985555381,0.4946853825996372
0.9873813533836157,0.07311518719285737,0.6406187026850388,0.7348347402531396,0.6758667688900248,0.038131214808986263,0.7993553088218948,0.795461668651664,0.5816400536032965,0.825570320977923,0.24504611064509077
0.9421995623160482,0.17976069406016687,0.3097049180327868,0.36952753628279067,0.3051092117758786,0.16370253056775994,0.43281288723667904,0.42883018867924516,0.7826641362330758,0.8028025926831472,0.4065706644057473
7,0
0.9742157492478339,0.12194401715585468,0.47216883361597894,0.5534500359353539,0.4699435657290064,0.0683207002642883,0.6813371505077697,0.6740837128605507,0.6556330643322869,0.8340936286310495,0.2759526193064298
0.9034436254614511,0.8412934539203043,0.09152862415243324,0.1884856620515058,0.1202995182052774,0.41420542904173024,0.09887308044142556,0.048740491949026854,0.9357183215996006,0.796583653686493,0.49406826761796796
0.9875436977635708,0.07341493775432839,0.6460143090530112,0.7419265122107861,0.6847103513770182,0.03728598705695929,0.8016581714125117,0.7978992413927251,0.5797391517089785,0.8242913742303289,0.24439350722748873
0.942842315688127,0.1814916293885791,0.30627545160279845,0.3688249688343845,0.2988912479358339,0.16469421284831884,0.4458361944451022,0.4388414853983896,0.7815116084566774,0.8036438750275857,0.40782560366930387
7,1
0.9869336886284149,0.07420959495714438,0.646397756686799,0.7385232337149967,0.6780064477432901,0.03785692822917619,0.7959303463118763,0.7913977159880834,0.5825501654860394,0.8240745298057749,0.24828821011633476
0.9033738765237428,0.8497015687699891,0.0918195905717315,0.18870078538701757,0.12005499567688616,0.4108726699596936,0.09830031996153082,0.04669107293720043,0.9361346223335545,0.7967836594892426,0.4954971544249489
0.9400710367508447,0.1768951136861815,0.3103432008491568,0.3677182055884054,0.304187419295333,0.16662381752919925,0.42122435880292053,0.4175919641645173,0.7833789185311603,0.8007626950475065,0.41046572624766103
0.973063174214586,0.12692532290003397,0.45198514344262297,0.5359927957395245,0.4508880876068377,0.07331567664695518,0.6803409618959108,0.6751179245283019,0.6625820280442164,0.835823175455572,0.28361042528513075
7,2
0.9745103074512689,0.11995117121755852,0.47877384362240233,0.5592852953243502,0.4738876709136933,0.06713470908036337,0.6834068075344454,0.6761169951602721,0.6537444340884739,0.833448643869263,0.2766645955985152
0.943865195062526,0.1771198373685378,0.30937883350061335,0.3727627783164199,0.3059480202337346,0.16052114112223,0.4462230989049895,0.4404055962007444,0.7805068683197555,0.8043180469134393,0.40252935918675153
0.9034900441565886,0.8445965201234967,0.0931014396271948,0.1892826704504889,0.12110431399771499,0.4104331525451508,0.09999433887494591,0.04907575902691269,0.9353929688037037,0.7966915542162707,0.49458318688117275
0.9876274201054984,0.07418907437893521,0.6496601359456218,0.7435939730706475,0.6884362250215907,0.037272386145455694,0.8023651930624458,0.7984879363618436,0.5791056576958895,0.8250004259290281,0.24186848368256703
7,3
0.9743520737935301,0.11898433245115592,0.4724337957124843,0.5549400092243612,0.4696471619548543,0.0680048003238204,0.6838718901915928,0.6783744557329463,0.6548392569679008,0.8347511652632782,0.2788531790392582
0.9037351116616666,0.8476919413530908,0.0927330560313191,0.18907449339887156,0.12015421468157794,0.4091703025690999,0.10000184948861646,0.04761100159579479,0.935922817182045,0.7969581465778113,0.4930739169574003
0.9874503949361194,0.07343330820037897,0.6471120512368528,0.7433475364915061,0.6857519223110622,0.037284207380648623,0.8018947115961146,0.7972949212145803,0.5797774159721044,0.8241279012570699,0.24590802271051554
0.94360365081546,0.1802781031520199,0.3095696721311476,0.3704844379665816,0.3038105413105413,0.1616548897772555,0.4424488847583643,0.44004716981132075,0.7806604559909749,0.8047688652653212,0.3988433616786526
7,4
0.9038503072145949,0.8446921497232972,0.09162473624411638,0.1887295952955818,0.12016586274012014,0.4111129559619905,0.09932275755456582,0.04890715486643016,0.9355823687621149,0.7969437747209042,0.49336643241278993
0.9874332435355018,0.07336384004577373,0.6483127711114867,0.7419977137354709,0.6859831017906619,0.037346555515644766,0.8002912658567433,0.7937884976982426,0.5800382702522837,0.8236679236466886,0.24543800618249517
0.9435813102766275,0.18111634479613187,0.3109254362771021,0.3735820433056858,0.3035198970682842,0.16055284000830594,0.4463604748770836,0.44150943396226416,0.7795451837928731,0.8050312916520794,0.4012371228943826
0.9742840962809607,0.1185795105942245,0.4719750195160031,0.5561242494083976,0.4727196671641117,0.06771814043896902,0.6849884935386794,0.6768643306379154,0.6532048088008305,0.8351333548286607,0.27763951155202327
7,5
0.9736291505399842,0.12247717192112481,0.46333375046927794,0.5442074955944498,0.46303908135969213,0.07084687235053196,0.6815885808337354,0.6758461760046088,0.6588660191011997,0.8354322987859524,0.28056955301608755
0.9034440137726665,0.846753078182851,0.09187088051377379,0.18876003562056504,0.11974623314829524,0.4111682575981813,0.09912620242977038,0.04751993775530078,0.9359591076572963,0.7968634820468155,0.49542722021583097
0.9873800626471374,0.07358895337644861,0.6444142872652265,0.7398858867500344,0.6795060470557159,0.03756715050441964,0.7978655309091806,0.79367737098588,0.5811779696021888,0.8248568487989701,0.244575404532897
0.9409659074431591,0.18299561303307002,0.30060032325098135,0.3607287880704405,0.2936880542514346,0.16875792406425882,0.4288968008796272,0.4249003454690406,0.7886247522063056,0.803466160802137,0.4143646336495238
7,6
0.987083521622909,0.07529105094133318,0.6519563603130174,0.7436094498584089,0.6806932904493882,0.03726668990259063,0.8004481691125995,0.7966734599960552,0.5794198470444774,0.8242993690287534,0.2474811280651172
0.9034956153102197,0.8417781569556515,0.09163251366120234,0.18866588291068026,0.12057811016144343,0.4132231371973024,0.09926812267658003,0.04927279874213847,0.9357159802010696,0.7966821993583929,0.4948275150413578
0.9421129970705936,0.18228292316718142,0.3106038597219341,0.3691245928034713,0.30159760539507385,0.1634202500604651,0.44092042727401065,0.43651779316933365,0.7818698934672765,0.8035092841759477,0.4057719324157426
0.9742460666967655,0.11967441787027619,0.4760456273764259,0.55627498899255,0.47374692621840914,0.0679629628190728,0.6800995095198383,0.673262070449817,0.6551333138824637,0.8327426069069963,0.27865937872022195
7,7
0.9873068726004752,0.07406456060587968,0.6450819672131148,0.7375817868570191,0.6801713150397363,0.037897345028044746,0.7994521620035219,0.7935700099304863,0.5813260614862986,0.8248552182541644,0.24467313333920188
0.9032569977375945,0.8498903618332194,0.09163071613459856,0.18817067485020722,0.11997300944669353,0.41334416492339443,0.09749559773038552,0.046732869910625696,0.9365718743925906,0.7966665358651329,0.49542602807540387
0.9428423498079153,0.1784898952510228,0.31576631092529434,0.3748694180856682,0.3069848371861795,0.15996617208281358,0.43950999226566206,0.4361909585918703,0.7797021863717379,0.802825053518493,0.40755709655784644
0.9737476687051587,0.12210289724827914,0.462129233909549,0.5450158831704747,0.46284656401387925,0.07053513176973028,0.6811508252209508,0.6773217825416635,0.6569872059957647,0.8361495023818667,0.27956253084619803
7,8
0.9737406527941078,0.12449544615032257,0.44474525542480103,0.528467977849992,0.45167925665850983,0.07547944453371329,0.688657853738296,0.6845063806466765,0.6635469005664765,0.8380675357284197,0.2789022592828031
0.9042172852421285,0.844365475003164,0.09188734762505257,0.18881162131069856,0.12043246402220759,0.40945583230502003,0.10039081117148019,0.04915336236090967,0.9354421156739607,0.7970571868720592,0.493274780349526
0.9865081074453208,0.07751471363658169,0.6448503773093937,0.7361127801896924,0.6736399403066071,0.038024647207747245,0.7878090517495723,0.7801018268942798,0.5844108030300088,0.8230528553135464,0.2491036296153663
0.9428207293651903,0.17803768472533363,0.3172406205303113,0.3760988795241298,0.3101588940515115,0.15899935402598844,0.4341458546443452,0.4289477016588577,0.7784016270417223,0.8031375390075366,0.4034676775130502
7,9
0.9034416172126299,0.8463247126239425,0.09217129474740682,0.1887310728106617,0.1201377987092273,0.41164195319488767,0.09944237918215582,0.047631882941855996,0.9360491529397996,0.7967075517714642,0.4952205294174362
0.9706265329161025,0.12934976376043236,0.47218120385433615,0.5469421475051824,0.4630499554163677,0.07051026560392856,0.6538068617157127,0.6464352585337749,0.6646567939557794,0.82957223649368,0.29193048164702323
0.9874984699911274,0.07301131293632959,0.6332896873199602,0.7278359776955385,0.674048587786607,0.03888442842121864,0.8017744100146087,0.7976128760021701,0.5819078477308708,0.8276257653260629,0.24258043041857497
0.9427365761418984,0.18385099811349742,0.27581649510738343,0.3415033001898131,0.2776121380772545,0.1809998708934411,0.4358664015446241,0.4374140704987567,0.7953303082643891,0.8058937040893257,0.40807835022729705
8,0
0.9034748435456424,0.8470492936931548,0.09192097519966352,0.1887795822449998,0.12075388998465925,0.41132159877178764,0.09795062434467616,0.047876149008224345,0.9361076039266465,0.7968796311514512,0.4940013096096332
0.9738289808843907,0.12189888341554916,0.4703656998738966,0.5523275899546749,0.46728029804952886,0.06845992721899535,0.6806262510723478,0.6740203193033382,0.6551643729680271,0.8340371270216816,0.2783958694214085
0.9875839692529842,0.07307185023484195,0.644937319189971,0.7393255914079572,0.6846577746231726,0.03767686851034299,0.8023436796542364,0.7975974407521056,0.5802022382729933,0.8251519740299204,0.2441355244018445
0.9427879844959782,0.18106074951854706,0.3113282891971416,0.3718633987036497,0.3036379574841114,0.16206717505953736,0.44380897912496425,0.4362360909530719,0.7794133313342406,0.803721829820716,0.4021518505005648
8,1
0.9873285036913525,0.07360116361709479,0.6481750157080025,0.741835862050483,0.6842073915244646,0.037428009280603664,0.8014973511392046,0.7980803365985142,0.5798716506128675,0.8244926314010436,0.24773304021892378
0.9037233475058288,0.8444923549778709,0.09304520615996048,0.1893172913955114,0.12088117643673207,0.40989651547662176,0.10048439788216751,0.048618258052220586,0.9351128229359686,0.7966850966526108,0.49389769225689834
0.9432021759998117,0.18363284724827347,0.30914859862506616,0.3701059072185992,0.3020678246484698,0.16236770633855968,0.4442978774433385,0.4369811320754717,0.7796133532767704,0.8044736355203053,0.4020719643382898
0.9742360500391094,0.11947595103608832,0.47291298865069364,0.5530436358802492,0.4719482796405874,0.06856195620564173,0.6808550185873606,0.6747314949201741,0.6564879186263082,0.8340540462571514,0.27892817005001574
8,2
0.9426045592358889,0.1775460682896985,0.3089836065573771,0.3709494895750147,0.3014624881291549,0.16228347127141443,0.44651796778190833,0.44364779874213833,0.7808747093420898,0.804001028636287,0.4062533963287571
0.9034796783761678,0.8425315124639572,0.09205166418281197,0.1885492349282905,0.11997467553023117,0.4135276464450369,0.09913258983890944,0.04892319420621338,0.9357078685915398,0.79657693678802,0.4947019800677812
0.9742336631914171,0.12146146507513508,0.47518628912071537,0.5555600718631821,0.47286972286972295,0.06791137981428676,0.6853666779317336,0.6788593481989706,0.6543906442347169,0.8346376748120752,0.27837263817057933
0.9873120685853309,0.0744818284695849,0.6456739526411657,0.7394795612192003,0.6824449984172207,0.03760994601682509,0.8008958075175545,0.7973008385744234,0.5796723259472047,0.8256810394529479,0.24390365438717726
8,3
0.9437173739372281,0.17985594504265434,0.3109866612361266,0.372063868830187,0.3029852595069988,0.1610301756608303,0.444388002493708,0.4401734442751669,0.7803438577621935,0.8048943634370918,0.4022497432371509
0.9037808787805623,0.8441972644673292,0.0925204918032787,0.18884894117207074,0.12004392212725551,0.4110782984869384,0.09961663568773199,0.0490369496855344,0.9354621888250607,0.7967838247028796,0.49459109919036126
0.9874068367692288,0.07415750454816222,0.646461142505455,0.741237129188223,0.6841010083330902,0.03753926204957403,0.8027836634228654,0.798390108828643,0.5800645551165847,0.8248043857584816,0.24499885223788623
0.9746255558573053,0.11910563451966133,0.47262165999741834,0.5542940588015491,0.47030980101846254,0.06814162326853312,0.68426367707754,0.678532164611499,0.6548248136504501,0.8351828091360867,0.2775566860852595
8,4
0.9039114436574694,0.8441706101805511,0.09185477641404177,0.18934022415794155,0.12132873912978637,0.4092288119136561,0.10076101130812176,0.04949125753235201,0.9355193279007992,0.7968624343012677,0.49202097024085734
0.9875611467546581,0.07312420165127739,0.6463017504862464,0.7405554279016261,0.6851224105461395,0.03747382813244127,0.8029487744943606,0.79756955548449,0.5801402112906273,0.8247451441617303,0.24569384002472316
0.9744006169226136,0.12188339636304404,0.4743952984843799,0.5565467488134113,0.46993495672740965,0.06766850905417474,0.6838044469383461,0.6760270558917765,0.6536876456515532,0.8343072252818771,0.2787971433706939
0.942788528711447,0.17681948695061211,0.3127076686104082,0.3737973276929754,0.3058567085412724,0.16026892954151617,0.4422544347695916,0.4392047613017601,0.781950453440116,0.803381528296499,0.40551118708889744
8,5
0.9423606627572995,0.17558985707464642,0.3071926229508197,0.367187760809978,0.30032051282051286,0.16429718631858586,0.4443773234200743,0.4404481132075472,0.7831494280878154,0.8040187873674771,0.40641034507696505
0.9875417603957445,0.07272681563240396,0.6440827202687831,0.7390882287263353,0.6847573314004411,0.03776142976133702,0.800898498561614,0.7963730915394358,0.580491640216859,0.8244485062335489,0.24595118271728322
0.9741774329428157,0.12143298992238796,0.47178602243313206,0.5539501338615888,0.47098515519568157,0.06815302215383146,0.6807585879196131,0.6739821251241309,0.655484950064947,0.8344558716730776,0.2785604050349104
0.9033543847126855,0.8455888213057323,0.09130546734185913,0.1884541791207064,0.12028460195999441,0.41295390241462504,0.09832811070670844,0.048187296256050616,0.9359675336812304,0.7966809221546354,0.4959476268422584
8,6
0.9038954873774101,0.8541716043244403,0.09205041601449881,0.18942779038612745,0.12037394951967839,0.40606520648609346,0.0992695821112996,0.047065516260548,0.9362288978746858,0.797199505454434,0.49305196763955794
0.9874538128135341,0.07320489225389695,0.6460373092142453,0.7420241280713685,0.6877099911582673,0.03740980294056505,0.8007819510319187,0.7968379960962912,0.5796278281663454,0.8242982842418036,0.24502499307150646
0.9441851812563584,0.17839346318958854,0.3103674392312041,0.37246493277752457,0.30641516848413397,0.1606970717665587,0.4454300730675554,0.4420559531554976,0.7785632419735992,0.8045507851699524,0.39747406783804
0.9745268258783943,0.11908432570647162,0.47050412917539747,0.5528722849540528,0.4699783647152069,0.06848485523607735,0.6863208206389579,0.6798127393956589,0.6550425998315466,0.8354162715912348,0.27680629209343754
8,7
0.9429968834665943,0.178103548247322,0.31113696456901113,0.3704778558360583,0.30276628986306414,0.16286219046332032,0.4425230843026742,0.4376628119293974,0.7825654890333195,0.8035574296846176,0.4069146086029212
0.9033407464371586,0.8438801207907112,0.0918194298635226,0.18820313426710772,0.12014932704587872,0.4140906354614369,0.09848554214661115,0.04732781857049889,0.9361799110996144,0.796650612029741,0.49579318823042884
0.9875301288857725,0.07324907746379425,0.6509876614725135,0.7455799999274186,0.6859452548498486,0.03704452542331879,0.8008984985616142,0.7963464230948729,0.5790784663991979,0.823985201075326,0.24368826781604203
0.9739610179206042,0.12148380030111094,0.47029558832837526,0.5541573852662882,0.4707564707564708,0.06807322218071175,0.6823499016807567,0.6780796969476215,0.6543409359884556,0.8349972741934295,0.2766111354152963
8,8
0.9874031366760386,0.0738115717561208,0.6460080902703853,0.7386647897066472,0.6807544307544309,0.03773600084395025,0.7988944141360498,0.7932124479294291,0.5815491955725869,0.8246634545076177,0.2438354484070657
0.9036959744608923,0.8461185555336834,0.09193848233902296,0.18859055456226032,0.1196728052398156,0.41125259259337277,0.10004598934580183,0.04843415677883661,0.9358369573034305,0.7969551836926952,0.4943444116544893
0.9734389719378759,0.12326323941029824,0.46206544619506285,0.542728167686214,0.45878922921724485,0.07156971707486189,0.6780264128563782,0.6730342852947654,0.6607199880570156,0.8341167469498043,0.2805368587752523
0.9413513139518908,0.1827558500582766,0.303150796419021,0.36222693356424673,0.29623567921440264,0.16903773785894877,0.4301721637796936,0.427110932691021,0.7860597700346631,0.8030569381637669,0.4122359658982738
8,9
0.9733561814580813,0.12533131394318944,0.44723232046093697,0.5308396497238163,0.45032125785263866,0.07428792912466499,0.6825216593302329,0.676529565011447,0.661690285573011,0.8375044051029246,0.27975701766391475
0.9035499744880134,0.8417787708640696,0.09198360655737708,0.18848432159357675,0.12038461538461542,0.4135773858179217,0.09949814126394119,0.0490188679245282,0.9354888182191246,0.7966209150925964,0.49489833913466597
0.9414451436011443,0.17880935284353405,0.30902212541556806,0.3689112064992526,0.3044846891000737,0.16622217569903272,0.42405178464658017,0.42235123367198835,0.7849345463727926,0.8018460046568242,0.40969330378963564
0.9860010479381346,0.0794372958803771,0.6486338797814206,0.7382634705528089,0.6701517676360444,0.037785571670287815,0.7849477449673846,0.7769312922748309,0.5851119597504939,0.8225653389342016,0.251380318207965
9,0
0.9429838692585922,0.17715575018790808,0.31253372068893964,0.37281667717728995,0.30706119946626287,0.16159780864049827,0.4471318996753094,0.4418438022450441,0.779562701599292,0.8037099102785561,0.4019829908255336
0.9875388241792755,0.07204661021332473,0.6489071038251368,0.7431173399705403,0.6883111744222856,0.03737175625546357,0.7998760842627014,0.7953223270440251,0.5791659898896658,0.8247667602987279,0.2463686395841162
0.903424998063045,0.8466287595198962,0.0908879087958725,0.1880073352406933,0.11938334273359652,0.4136479474740914,0.09846583511029777,0.046738818120869996,0.9362045370754201,0.7968297408682175,0.4950985240680761
0.9745952553063361,0.12000990483597782,0.47282005485743445,0.5552138962674159,0.4706619220237898,0.06781488506750198,0.6838412914237774,0.6782027751266426,0.6547037883856073,0.8344618643938106,0.27730635977190166
9,1
0.9740251931053793,0.12177177686577542,0.46409963146524336,0.548376424619828,0.46708187018264546,0.07002753613201498,0.6825595804155499,0.6780020476817317,0.657057261596895,0.8354328000768735,0.2767165000606942
0.9035253306634656,0.843415375548785,0.09176982268317158,0.18886164733252425,0.12044304901447767,0.4122575527094458,0.09953721265457843,0.048286484405082875,0.9357937368628233,0.7966313534186659,0.4946317488953682
0.9422159056591083,0.18062316583839744,0.31530793088170134,0.3736900518911778,0.30592130592130595,0.16213195800275595,0.4375565156234302,0.43143804181540024,0.7797677139593455,0.8027357420955447,0.40565773830586993
0.9873863066308062,0.07373312638145568,0.6469028495984157,0.7404684507557581,0.6820589303810781,0.03760432788872789,0.8006536763054812,0.7952260352032416,0.5810630919300621,0.8247052528427008,0.24552437525553059
9,2
0.9875871075456715,0.07267887833536399,0.6499713401352745,0.741469166205001,0.6873966489351107,0.037456387487040374,0.7998544206722644,0.7953423934556009,0.5794564995939655,0.824817607561277,0.24555231105670414
0.9038152421963601,0.8439551518812339,0.09206689183623057,0.18903531041899052,0.12106114618677433,0.41033139027106524,0.10001681268797513,0.049094529250023444,0.9354288368391017,0.7968712290711879,0.4938847629737666
0.9425135741592634,0.17687855596220867,0.29847067884255685,0.3639911508024889,0.2946519053901604,0.16616909981258524,0.4472942291858985,0.4448018234772698,0.7842355547722083,0.8051976095001334,0.40711867408122193
0.9741723467976929,0.1216511168072239,0.4760014791076051,0.555190938616798,0.4726774200458411,0.06813861759231016,0.6851468820750762,0.6773301177471981,0.6539932232098528,0.8338646678783571,0.2782307021090557
9,3
0.9736346072482311,0.12324388065561775,0.46718789407314,0.5500948207120099,0.46753232522463295,0.06889589604734694,0.677023162710895,0.6717997097242381,0.6569237082162832,0.834654484712518,0.28052539123881504
0.9035223488369987,0.8476428071063893,0.09186985104435391,0.18860628675473107,0.12045352654489722,0.4118140245088403,0.09893759553148546,0.04784982281390637,0.9361951638133788,0.7969282442628622,0.49409072745258115
0.9434606852966413,0.1796038377923065,0.30855865446029385,0.36994335069848683,0.3006808006808007,0.1627907381777311,0.4449621010959301,0.4409213428081352,0.7819339564825842,0.8045806571375322,0.40263499033528527
0.9873611127956065,0.07352332170052583,0.6462079528050373,0.7396439526404215,0.6801427458866904,0.03758538708398937,0.8012503055016014,0.7958216360906181,0.5804775143299752,0.824725176055126,0.24221492489490226
9,4
0.9871112141705507,0.07566203976362887,0.6464069166853806,0.7395774347723598,0.6818873668188737,0.03761961981997368,0.8000967561236442,0.7948953217885758,0.5810983004592459,0.8246792521985041,0.24661055451514252
0.9037171259711115,0.8447385453589851,0.09275193475909133,0.18914546181074465,0.1207861512430039,0.4105106924704321,0.10006982054233593,0.0492290010535395,0.935388802909463,0.7966940409381236,0.4939411526694353
0.9744576289561474,0.12162455894557475,0.47284718296589406,0.5517417143618771,0.46731287727456317,0.06886510254630525,0.6848409748038,0.6774958432733319,0.6564010772619455,0.8354067995501674,0.275163270644604
0.9444944319181168,0.1742275453201161,0.3077158469945355,0.36909933657091765,0.3060398860398861,0.1642328258574299,0.4474349442379182,0.4455345911949685,0.7819412529065816,0.804174597924009,0.39978896915640916
9,5
0.9042039977938616,0.8467639058104828,0.09207793322461588,0.18933272931432588,0.12077683805432482,0.4073893031518998,0.10136437065727227,0.049807369356909714,0.9352341304539338,0.7972039643374959,0.49265340831231086
0.9872128278693392,0.0741654208021004,0.6494683207797963,0.7418958030847026,0.6792176792176793,0.037321467528630095,0.7975987139555911,0.792299847016828,0.5808318962171053,0.8239755128628228,0.2467795606354299
0.9737596846549427,0.12095158354422675,0.47092593792522514,0.550601217714505,0.4679571636093376,0.06902527794594014,0.6810173824882084,0.6756655977328659,0.6561224274646001,0.8350491519878182,0.2791367269328554
0.9437697999462292,0.1801443830334533,0.3143032786885246,0.37551014957661205,0.30641025641025643,0.15790980701440685,0.44563197026022294,0.4409198113207547,0.7773745255437037,0.8046107741454421,0.4004838898457657
9,6
0.9034437255824298,0.8435016215172707,0.09286843638179243,0.18896104125371554,0.12087292290337975,0.41198362688721546,0.09935274470213057,0.048711809213676904,0.9355252359458377,0.7965776559091232,0.49457683528534147
0.9738628435824322,0.12007301837966891,0.4751774880598942,0.55409654152794,0.4717567355362631,0.06852342694672109,0.6798290548253958,0.6737334719952459,0.6557626195884338,0.8329549329101739,0.28152419236589254
0.9427010350876035,0.17943518534702274,0.3075451870533837,0.37028097501102436,0.29965665863101765,0.1619023665616084,0.4456677151844438,0.44349298500241896,0.7810313489683641,0.804872237102073,0.4024427803718179
0.987416627667019,0.07352531024050393,0.6436971968891623,0.7392527213000091,0.6804157793918888,0.03766327729442591,0.8019209053884315,0.7983643505699013,0.5805843081839857,0.824525569194073,0.24638497980440482
9,7
0.9033277710176078,0.8423666312549892,0.09279682066567319,0.18851786679144972,0.11970128636795307,0.41345669064198753,0.09965829296684298,0.048237087859729355,0.9356508768439447,0.7966697705121557,0.49661471063826806
0.9732121050600873,0.12544894017139233,0.43517138599105815,0.5237127259146186,0.4427962609780792,0.07753237977178362,0.6856431841224001,0.6831280212069234,0.666140882469642,0.83741410551516,0.2826522486566922
0.9865539639575746,0.0774384122967581,0.6468180429691479,0.73910561440106,0.6752579143883493,0.03771699783018037,0.7868918700501051,0.7797843665768194,0.5842932902943001,0.822623697225386,0.2480104485930536
0.9384850431520284,0.18371228229728342,0.3174388215728202,0.37227511816888925,0.3090342293240844,0.16400397303136516,0.4092182533268681,0.4021328958162428,0.7829443274874691,0.7995603772030894,0.41969076726444726
9,8
0.9033556566709289,0.8458660771271977,0.09175231461819411,0.18832477188391955,0.11973192802208354,0.4132686851702932,0.09798331952924849,0.046925408153289716,0.9360485264946099,0.7966337056508082,0.4949811991019829
0.9715664099308059,0.12714027030560743,0.4608352279526146,0.541478682570343,0.45865826522760833,0.07203922565238112,0.6643692508072613,0.6566588624156451,0.6643370977838635,0.8317364369076011,0.28988267515138005
0.9874518053249038,0.07420716259320351,0.6367681498829039,0.7309042218755223,0.6737244237244238,0.0385050189158956,0.8003307101820112,0.7963244302866943,0.5818696076184808,0.8265091790016867,0.24176746935296328
0.9403982903991139,0.18754486955200964,0.2821245901639345,0.34444456727350947,0.2787008547008547,0.1806216409522836,0.41332342007434947,0.41156226415094344,0.7991707016823992,0.8034347132362984,0.4193258839750137
9,9
0.9873640773186851,0.07380232168708084,0.6455172413793103,0.7430379037344287,0.6868651144513214,0.037333743213199766,0.8023202153570055,0.7988939492517894,0.5795485899848617,0.8245056089432045,0.24590497577749787
0.9035312410406707,0.8529624098322048,0.09127936454284286,0.18874067123973348,0.11990777454694984,0.40952165138059204,0.09684589736711002,0.04681968488620897,0.9367446243268537,0.7968634481970406,0.49362359026686664
0.9436971717281615,0.18330887043277533,0.3129111753991215,0.3704315741554527,0.30355846042120554,0.16154207161560852,0.4391719513084043,0.4331236897274633,0.780041355894022,0.8036953919538422,0.4014677331140001
0.9743045869590262,0.12063300268961002,0.4717571526522471,0.5533622504153994,0.4692946822224389,0.06826152757149333,0.6841138140133152,0.6755577875026902,0.6543389616042934,0.8349601076179523,0.2774141996527293
