0.006080224422491842,0.27416952029040104,0.00033238210514451857,0.8225846643982385,0,0.000301867230047603,6.260269936871859,0
0.0754679014410588,0.49130022784635513,0.0006635866038732221,1.4678471872498826,0,0.0018525246372523298,4.715072387854709,0
0.01117015884333879,0.2418683744150434,0.00041011327967595203,1.073628611944637,0,0.0006786237383026532,5.84138009755853,0
0.08270340536546757,0.2802836738493891,0.0012193914529933173,1.313867088051773,0,0.002056692110251948,4.969118215177078,0
0.011335545327090187,0.249282820342727,0.0004089794495092379,1.1037303406981513,0,0.0006523153286356292,5.84138009755853,0
0.04571871333538961,0.28580497634041235,0.0011031170547664425,1.2719595896560554,0,0.001842943158179231,5.1147179404708165,0
0.0053642619755710115,0.27472844730388823,0.0003348493168543146,0.7375092633345313,0,0.0002998262759354142,6.260269936871859,0
0.08721790177615205,0.7761905537156317,0.0005690260872497944,1.5542904927406713,0,0.0018795874216443215,4.691163115376493,0
0.005041658120974343,0.27318645406982395,0.00034552858494629393,0.7357469790032162,0,0.00030484581198837165,6.260269936871859,0
0.046141124166204354,0.4647414312909355,0.0007273786533212648,1.4501371350207353,0,0.001701879818943746,4.683251238521219,0
0.009370055592601966,0.2481349175928913,0.00041525543268623147,1.0814438297616764,0,0.0005688243307186141,5.796880773149502,0
0.0676359949158474,0.2872242717384117,0.0011874136602741225,1.2691595932654807,0,0.00198634773400936,5.00378370757859,0
0.005807265777554443,0.26761823903994336,0.0003123229690233136,0.804378412166209,0,0.00027989372431368853,6.260269936871859,0
0.06241868378365594,0.4757483641309591,0.0005387609369220372,1.453339037109614,0,0.0017111658940383236,4.765386251147565,0
0.009637781065308753,0.2532795570310956,0.00043561361019132716,1.0231137459312922,0,0.000683899343025349,5.9172208754561035,0
0.08495351597247632,0.31808730488142345,0.0012881806338695362,1.345246886064815,0,0.002252102880879783,5.00378370757859,0
0.06849520722239817,0.28321485365642196,0.0012347358849018914,1.2703033353033275,0,0.0020642261540004584,5.0173376909245535,0
0.07619824813288811,0.789003580105919,0.0005706546839481722,1.4556045882879292,0,0.001825966433759328,4.715072387854709,0
0.0032302736745067236,0.2784312159003944,0.00033741732678165204,0.7414249583874217,0,0.00020721310765690158,0,0
0.011481797971939708,0.24685887393082537,0.00041059576328874344,1.0943643506726497,0,0.000650611659754936,5.84138009755853,0
0.010814283820930734,0.2468731108549815,0.0004160442705770988,1.1021373508362262,0,0.0006980544404903658,5.815772576229072,0
0.007307771267718241,0.2763868647602038,0.00033155310599237064,0.7860463502847554,0,0.0002054578979880923,6.260269936871859,0
0.08113375788840452,0.7920727518954574,0.0002938669293178236,1.6584744942747176,0,0.0018811476271407225,4.715072387854709,0
0.06522955075851014,0.2808577779897722,0.0011843259323177215,1.2925193594039142,0,0.001956014682901424,4.970668763026108,0
0.09000849994408938,0.3057782346983064,0.0011852372674372204,1.3065702226028253,0,0.0019450685529318473,5.047000403037908,0
0.010782276549697593,0.24947974281819504,0.0003918016459658037,1.0803741174862367,0,0.0006341932287711271,5.84138009755853,0
0.07038427010707024,0.46269196418478586,0.0006704623762331157,1.5040687066233545,0,0.0019438413355764269,4.705843964575971,0
0.005561336371692038,0.2693043182605295,0.00034779772884419003,0.7721176014103306,0,0.00030821821695801906,6.260269936871859,0
0.005482720919565202,0.27161094161141836,0.00034478662717919056,0.7856645736543968,0,0.0003070920544911353,6.260269936871859,0
0.08926039543592906,0.775494636844257,0.0005303696067862646,1.5499232703452759,0,0.0017922564649901491,4.691163115376493,0
0.013669578583896821,0.2537602536623988,0.00041823925762004725,1.1011917084791827,0,0.000666968609905296,5.84138009755853,0
0.06550474039583294,0.2925923985084422,0.0012084870659036305,1.2430714534428726,0,0.0016628292648932389,4.968213098490608,0
0.0051502978312301245,0.27199791175507726,0.00032068458237658674,0.7296309084641935,0,0.00028593206151391367,6.260269936871859,0
0.09323673875131083,0.7797489196870567,0.0007369327418768093,1.461149630605721,0,0.0016156191739783408,4.66994418845676,0
0.017024315157398183,0.24581436073929125,0.0004254379886945686,1.086234666174159,0,0.0006447381054416585,5.84138009755853,0
0.06966641663917489,0.2977893483730882,0.001126113799237685,1.2828022230253189,0,0.0017581168872587234,5.106226533809272,0
0.015069218389196951,0.24750016364720168,0.00042319685420355216,1.1125696547067412,0,0.0006081562298793574,5.833734854679748,0
0.06514229194978133,0.286468298803434,0.001111690536656288,1.28395588960005,0,0.001854746961725632,5.034806538795063,0
0.005099110057124188,0.27773699866998564,0.00033553978445486835,0.7296838493820048,0,0.00029903348877121446,6.260269936871859,0
0.08442100322065195,0.7671940027767328,0.0005248697542578825,1.5500328857123578,0,0.0016455890792217275,4.691163115376493,0
0.005556462491100016,0.27232447098738194,0.00034150439326239933,0.7790999559863593,0,0.0003061747934676232,6.260269936871859,0
0.10097211684120086,0.7820029517926043,0.00027951929995307864,1.831572607050166,0,0.0017723884413018407,4.691163115376493,0
0.018911455894246573,0.2532290206527216,0.0004306961209254529,1.1166124019450656,0,0.0005873056401842463,5.7143828498662765,0
0.06670408947542915,0.29092580809904334,0.0011250987769130028,1.2519102416401842,0,0.0018390413759546793,5.047000403037908,0
0.010278115741466927,0.2554209763449765,0.0004128724325732245,1.0851724103968845,0,0.0006109246860531658,5.886394776759606,0
0.061831755451414214,0.28549696565216676,0.0011537996147887423,1.2597741784827319,0,0.001863199521921774,5.055143802961205,0
0.00533218161503797,0.2761654284212839,0.0003350092176986722,0.7822578764398159,0,0.00030050467617684997,6.260269936871859,0
0.09605512586079681,0.7897759906604063,0.0005485376871092445,1.5570855763742824,0,0.001964455109047548,4.691163115376493,0
0.005298834931022671,0.2732791617598016,0.0003272095678748246,0.7622570944794742,0,0.0002944946412773359,6.260269936871859,0
0.08092442644438264,0.788521891212462,0.00034499845306388427,1.7291538731114098,0,0.0019250852887903588,4.730834571093479,0
0.010212201508008383,0.25252838073044087,0.0004064042382203094,1.0909310284227889,0,0.0006677446054566172,5.84138009755853,0
0.07432150272413737,0.28885990300610104,0.0012395318249100724,1.3045117340128387,0,0.0019216778363653844,4.9688238435170105,0
0.010441783682153642,0.2538871188675304,0.0004062866387213809,1.0358197343941025,0,0.000644935459162575,5.9172208754561035,0
0.06246993504902866,0.2954309277005889,0.0011676602115599883,1.3299260848043426,0,0.0018483139157666013,5.0668622395844585,0
0.005565566526995743,0.27454024355899015,0.000345449699578282,0.7683486978753151,0,0.00030731726520540905,6.260269936871859,0
0.08142582123097723,0.7743311188487393,0.0005512318085778631,1.550844785670697,0,0.0017726618215114414,4.691163115376493,0
0.01087410570717555,0.2477683312107812,0.00040946423018575046,1.0937998280845618,0,0.0006872145171165277,5.84138009755853,0
0.006851846635896518,0.2696925904576195,0.00034797825033939817,0.7696912944653851,0,0.00021291455468384787,6.260269936871859,0
0.08720831929360956,0.47857047437807604,0.0006589966953381263,1.4186103520395443,0,0.0014412777784394747,4.6502414594082975,0
0.06947833178278774,0.29766358270509935,0.001137050439718497,1.277715693429541,0,0.0018143669479299418,5.047000403037908,0
0.004926829876982314,0.27230616484025655,0.00034798538102418154,0.7589484370947528,0,0.0003057331160161212,6.260269936871859,0
0.09993600916660406,0.7737273001597829,0.000557127951016531,1.5491717311985074,0,0.0018325716859686014,4.691163115376493,0
0.01275441456240222,0.24591285876005367,0.0004028457708373119,1.0901879782220822,0,0.0006482832481564337,5.84138009755853,0
0.06138621795691941,0.2934093621647754,0.0011446357505111129,1.2911428829310096,0,0.001974233697645451,5.088395907127185,0
0.0052068170238470796,0.28555688973955984,0.0003253757769501798,0.7542037393908004,0,0.000295382201320606,6.260269936871859,0
0.07909771514377996,0.47978469045642946,0.0006701675426003915,1.4984431456431695,0,0.001847085387548251,4.71507238785471,0
0.011952653513779377,0.23723210665629002,0.00040228640784396424,1.0775143858362535,0,0.0006555476940253501,5.84138009755853,0
0.06042969688658264,0.29250904660980637,0.0012699636563900643,1.250141337418368,0,0.002136573580139208,5.074742491843981,0
0.010629393174578085,0.24344490948230427,0.00039757524676119205,1.0698080744250547,0,0.0005274239614109954,5.84138009755853,0
0.07631331260387915,0.30054769597282066,0.0011140708903834729,1.2568422825668069,0,0.001678820435228625,5.047000403037908,0
0.005449425840324179,0.2741823015254924,0.00033399758537064453,0.7652451448736,0,0.0003004816725961369,6.260269936871859,0
0.08001366056246972,0.7908907709413135,0.0005485331362701109,1.552855880759145,0,0.0018849603026618604,4.638158906525154,0
0.0017582606297194582,0.27941777706092924,0.00033039216124930654,0.7244395239602108,0,0.00029395605554061746,0,0
0.06455902195733135,0.7740509509580711,0.000690125359737449,1.4850985245663368,0,0.0017965819711243257,4.726632351515134,0
0.012159548599819214,0.2517982998968118,0.0004064330770265388,1.0863574735871169,0,0.0006628754142190866,5.84138009755853,0
0.07370985396113322,0.2799593576956117,0.0011684143351837948,1.2908142536345708,0,0.0019057094392813988,5.015007875252852,0
0.006300543999019265,0.2640304798913306,0.00032923886138921075,0.7600649108192037,0,0.00020204961829646873,6.260269936871859,0
0.06535323171895273,0.478854998630951,0.0006500852119968151,1.4243149898710339,0,0.0016225023743048476,4.71507238785471,0
0.013023779616412295,0.2529372938096672,0.00044017230077007325,1.0817918806701254,0,0.0007218541017208421,5.815772576229072,0
0.07859344600497084,0.292458116912946,0.0012559857294615244,1.2633998626537042,0,0.00212071742347646,4.9589853503102495,0
0.06208341329426466,0.2880435974109794,0.0011458261733721846,1.288152950464211,0,0.0018959443598570136,5.015007875252853,0
0.06344492209202642,0.7676474146810062,0.0007317960772771387,1.5019726947902186,0,0.0018624004609932483,4.730834571093479,0
0.007181595517959695,0.2785198645408889,0.00033103623296731595,0.7679633926122508,0,0.0002061853231938099,6.260269936871859,0
0.010880783767083565,0.2559354444701214,0.000428138998101191,1.0923494616349838,0,0.0006784615598026364,5.84138009755853,0
0.005042157967517717,0.2747303948956629,0.0003279899192477468,0.7449474522745637,0,0.0002915698254396602,6.260269936871859,0
0.05545428818247539,0.45318160689096515,0.0006958865312641346,1.4597800483981398,0,0.0018414345820435731,4.683251238521219,0
0.009793880596036867,0.2400133721278135,0.0004358140785830556,1.0954892892052195,0,0.000701757306581348,5.84138009755853,0
0.07219296109245352,0.2808411762764319,0.0012014648053122296,1.2767415447422799,0,0.0019710990087751816,5.006791097963626,0
0.06951985587690734,0.2828933114960477,0.0012369530336650677,1.316333850484935,0,0.0021165675489062774,5.030976001111432,0
0.07734405969170227,0.7776188581161954,0.000694139463890125,1.47624817908216,0,0.0018295401318728472,4.715072387854709,0
0.005397681786005675,0.2751733428074979,0.0003479250126411996,0.7626917105073306,0,0.0003085192623366818,6.260269936871859,0
0.012425780681180318,0.24493674338794202,0.0003998730022012211,1.0895918701568343,0,0.0006404755543514302,5.84138009755853,0
0.005320798671201062,0.2680035467251692,0.00035120596936191376,0.748887070840911,0,0.0003079902146467302,6.260269936871859,0
0.0807779317448222,0.48214493854169543,0.0007176220363889068,1.440300899391987,0,0.0019188811772355892,4.715072387854709,0
0.010405577274232719,0.2520161874648599,0.00039097214968152554,1.0938328268496753,0,0.0005753703378849508,5.886394776759606,0
0.07169769542074653,0.28073812458784125,0.001176454487927089,1.275290169740977,0,0.0019165218848228268,5.0470004030379085,0
0.005383649383076304,0.2711550285011782,0.00034341781199451025,0.7612125579233402,0,0.0003078500879939504,6.260269936871859,0
0.08308865333586109,0.47764749745801305,0.0006483161830557621,1.463568645357256,0,0.0018600804143883735,4.715072387854709,0
0.010478267645176953,0.25547346457086323,0.00040095437374073354,1.04624589931838,0,0.0006535067060106594,5.7968807731495025,0
0.07318451028894388,0.29485371536546523,0.001187973985377027,1.2893958577579177,0,0.0018587149902003406,4.92910313446385,0
0.005346174215891279,0.2677225442254475,0.0003438445751801431,0.7652131006192741,0,0.00030346680259103515,6.260269936871859,0
0.08310383413418312,0.7900863599445556,0.0004900296677548629,1.5510011191127882,0,0.0017233331551084893,4.691163115376494,0
0.011487457007660237,0.2524580018104856,0.0004057307806268592,1.1152122013013495,0,0.0006495268559558653,5.84138009755853,0
0.05880266434145161,0.3008698738922705,0.001189627604921789,1.2950832368451284,0,0.0018978021753683469,5.08360774815395,0
0.005362574372168739,0.27048095850832277,0.0003162289874897797,0.8076867442265367,0,0.000282115793633042,6.260269936871859,0
0.07987740037206137,0.490602001276655,0.0006289335290858353,1.4758851689637718,0,0.001851166218392845,4.715072387854709,0
0.017412702072252935,0.256267468313149,0.00045773844574950064,1.0345078677021222,0,0.0006757025235744802,5.874836319608412,0
0.09294649885478808,0.30269303774800227,0.0011984235439470193,1.3346321857418193,0,0.0020604766772055394,5.00378370757859,0
0.013089407078400117,0.2491655074193118,0.00043821542170066136,1.0643302344091823,0,0.0007192571142871116,5.84138009755853,0
0.006157291573766103,0.2846697355694344,0.00031731281339199193,0.7727668238864885,0,0.00020015845521784495,6.260269936871859,0
0.07374159118987006,0.7890808504680924,0.0005586380152243743,1.456174621668515,0,0.0017646741589817877,4.715072387854709,0
0.06335297137335082,0.29076714103515305,0.0012270989820403436,1.264865542957434,0,0.0020599658156682443,4.967643688127529,0
0.005548023371942597,0.27186088092586164,0.0003331987697479938,0.7551451866632681,0,0.0002966950502883867,6.260269936871859,0
0.07711430491542984,0.46394118786078475,0.0007286118104549148,1.3409154135735597,0,0.0012425456320977785,4.616326585554508,0
0.010404739403434254,0.25414016024588976,0.0004152122373072969,1.1105631769876576,0,0.0006992672769934166,5.815772576229072,0
0.08086075171591289,0.2926087654602087,0.001195133944024983,1.2761550257500793,0,0.0019990641656361385,5.00378370757859,0
0.0018170747848928505,0.2725870732918539,0.00033337140806930096,0.7512599711379668,0,0.0002966346924441585,0,0
0.0721593212475651,0.7750097121405353,0.0006829219418764606,1.4766055305052324,0,0.0018331280591287733,4.726632351515134,0
0.013211719822978519,0.2417633417864578,0.0004043047553503146,1.0876808660259258,0,0.0005227684757699006,5.84138009755853,0
0.06862789589438367,0.29574769061643696,0.0011423365991133218,1.287289089242688,0,0.0017769048154091158,5.106226533809272,0
0.017288340521560256,0.24032235418431036,0.0004171516439421825,1.0697239348917202,0,0.0006353921407056245,5.84138009755853,0
0.0588980228052783,0.2942857379953793,0.0011389014157057581,1.303494166395937,0,0.00197765667939057,5.08016513699723,0
0.005588559468931841,0.27686522202855235,0.00034352079213301575,0.7717752815664478,0,0.0003063900455627551,6.260269936871859,0
0.09143097106701126,0.7943442722981996,0.00047407476328299703,1.5566942339403669,0,0.001757817313622363,4.691163115376494,0
0.005684587881431186,0.2761078706251077,0.0003470502046968287,0.7314105138591236,0,0.000311069462078006,6.260269936871859,0
0.08243204815184332,0.45680590329147613,0.0007100418721935989,1.4218555913232493,0,0.0017837035456538528,4.715072387854709,0
0.015398944629584028,0.2377125643797925,0.00041318666755902483,1.0996557859058693,0,0.000646479758585793,5.79063148619837,0
0.06924753401896397,0.2761268767187876,0.0011824368032242372,1.2837572975611333,0,0.0018202817542977221,4.970668763026108,0
0.010970444587018888,0.23758660875646564,0.00041405948784235266,1.0691767575128064,0,0.0006758544763514128,5.7968807731495025,0
0.07511293290699272,0.28451507638201984,0.001285835831300065,1.2789486485840547,0,0.0020919836494612053,5.00378370757859,0
0.0030680907435415884,0.2725821758227821,0.000327276079978823,0.761563162679795,0,0.00020210940036659235,0,0
0.05948669597046421,0.47920580556064246,0.0007293245462308025,1.4583042522186556,0,0.0017222636429039557,4.715072387854709,0
0.013367355580300198,0.23914303414908428,0.00042207471129278236,1.044405966983669,0,0.000668345576406025,5.84138009755853,0
0.07276632604280708,0.4738030983434296,0.0006916191758677594,1.4760786991906727,0,0.001452580204778845,4.5862029508148385,0
0.07579367072743087,0.29442536918676326,0.0011976861997449258,1.249282366113383,0,0.002074833438578786,5.00378370757859,0
0.0061541185439454305,0.26953116973418495,0.00032522159934008206,0.7748190649892849,0,0.0002007607002149009,6.260269936871859,0
0.005264617463812515,0.2690050909257592,0.0003396979240172667,0.7850390939049271,0,0.0003017130886474099,6.260269936871859,0
0.08130104368695355,0.46377975879787836,0.0005538956329109049,1.4033279013208781,0,0.0018227140375068976,4.785088980196028,0
0.013919395807795283,0.25876766508266147,0.0004071238775354919,1.0880196823129058,0,0.0006588607752802441,5.84138009755853,0
0.06365845094374731,0.29398514893759925,0.0011454500844589027,1.3131125234432983,0,0.0018443872062233941,5.0470004030379085,0
0.07717872335107268,0.2924058635624579,0.0011871871287062509,1.297304527382109,0,0.002008903214917062,4.988487560214098,0
0.0642153905916135,0.4696287372036823,0.0007128479589149773,1.378585860960798,0,0.0015751747755456702,4.715072387854709,0
0.005322722070707889,0.28366608029773344,0.00033799282861331193,0.7681943168298494,0,0.0003059326558300422,6.260269936871859,0
0.010285346424502989,0.2528886185582553,0.00040797757217916024,1.092302934050787,0,0.0006033802729163876,5.886394776759606,0
0.012366614348503818,0.2496347572279006,0.0004183350918528645,1.0594894357360334,0,0.0006743708926759926,5.84138009755853,0
0.07475927813836376,0.28318622603279014,0.0013223072052804936,1.2771434899745495,0,0.002146019058079156,4.967643688127529,0
0.00507973164493266,0.27415287073012856,0.0003320334188985999,0.7641813704553628,0,0.00029430100103772786,6.260269936871859,0
0.07447926197944019,0.7785566197622057,0.0006798215906616664,1.4780105101951326,0,0.0017824567741755151,4.715072387854709,0
0.005445372467436555,0.273062632789305,0.0003160520636867919,0.8194746784191429,0,0.00028237295576783627,6.260269936871859,0
0.08272576227975931,0.7887601103274521,0.0002933701787575174,1.651580921028983,0,0.0018728827078729477,4.715072387854709,0
0.012431309794061367,0.2580547140156933,0.0004465783594842291,1.0518894153937821,0,0.0007379608128912854,5.815772576229072,0
0.09100809340388587,0.3041777497584221,0.0012168441133640314,1.3094519543490282,0,0.0020161455144559405,5.0470004030379085,0
0.06560751368115957,0.30424974075483946,0.0011229863213908062,1.2752121012420792,0,0.0017458104422222501,5.200539756810125,0
0.09086534827619856,0.780581016259212,0.0005466561207797273,1.5539337232805652,0,0.0018583924573191007,4.691163115376494,0
0.005400794077168529,0.2734807335982049,0.00033290112560331115,0.7610950087381998,0,0.0002976126221857596,6.260269936871859,0
0.01102870071966883,0.24640054814875845,0.0004085334385422264,1.1097169370533129,0,0.0006825297821247905,5.84138009755853,0
0.005567568563814122,0.26563231495832856,0.0003426148561273731,0.7449975430795375,0,0.00030295509710278197,6.260269936871859,0
0.08137912385825569,0.7869976472931827,0.0005323632219180838,1.5525563516927288,0,0.0019025473376528327,4.678998522257858,0
0.008090542264129749,0.2545941248528551,0.00040563894088889923,1.0970358052591307,0,0.0005297368559577868,5.9172208754561035,0
0.06506102026584462,0.2865466414746157,0.0010869068114567409,1.2735382223801688,0,0.0017007178209225884,4.9688238435170105,0
0.0017325104866972897,0.2724375909258519,0.0003281751456884198,0.7329194387518557,0,0.0002908162511367829,0,0
0.06625631667826148,0.47582328253532774,0.0007951447688396098,1.4707214246470484,0,0.001864745156069375,4.683251238521219,0
0.01255945317880296,0.2408849851706258,0.00043028297146787493,1.0954052736631787,0,0.0007305816684253484,5.889558605893972,0
0.08699140179133234,0.2936014120048818,0.0012282229204822208,1.2887419220563086,0,0.0020451009874849417,5.00378370757859,0
0.007168264647544935,0.2671332449916384,0.00033323321617864405,0.7660433613725599,0,0.0002036335721274592,6.260269936871859,0
0.06652260516745398,0.797835579890347,0.0005409202502408855,1.45850314085981,0,0.001940459933000333,4.705843964575971,0
0.010747569728173936,0.23600782173714122,0.00042749074478522247,1.0824340219038007,0,0.0007132415390938468,5.815772576229072,0
0.06601727783175702,0.29116109204116525,0.001209758132371114,1.2434352893344471,0,0.0019993434282920674,5.00378370757859,0
0.005792391282489862,0.27632544676997395,0.000341777046318437,0.7848980881539476,0,0.00031152300279600704,6.260269936871859,0
0.011951243983951039,0.24067644841568353,0.0003935338382087678,1.0913640725641813,0,0.0006389123054147438,5.84138009755853,0
0.06138289483918161,0.3038492670343313,0.0011089768115437279,1.2909088611423378,0,0.0017819176824128014,5.168743401518168,0
0.09162270980293206,0.7831705715440999,0.0005295157864403579,1.5520601074312934,0,0.0018243909571936804,4.691163115376493,0
0.08981435496245786,0.3023579815070517,0.0011554912442426147,1.322070446000842,0,0.0019969153931525363,4.957703706726672,0
0.05711282722367404,0.47077364279124395,0.00048618780859850235,1.436864088371087,0,0.0015494898771274551,4.770639025620498,0
0.006121043986669433,0.2737454458383103,0.00031785598042237504,0.7784328643198154,0,0.00028703083209046247,6.260269936871859,0
0.014676501175188993,0.25395834576339954,0.00045540324440253744,1.0315104550351857,0,0.0007118146014697725,5.84138009755853,0
0.00737395939043009,0.25688845080020095,0.00040976564842585834,1.0618872834943938,0,0.0004927286543530142,5.886394776759606,0
0.06217229979771352,0.297045073318935,0.0011817012010945835,1.2531092652983116,0,0.0019328600428696304,5.047000403037908,0
0.0017685810933731963,0.2790000252641782,0.00033984130033668994,0.7475960224034425,0,0.0003022938428885447,0,0
0.0946272372728082,0.7777773406738854,0.000555339267316878,1.5496680106441894,0,0.001834767734729534,4.691163115376493,0
0.005132924922807813,0.2723961926195084,0.0003396605994599076,0.789760173219223,0,0.0003036914137160279,6.260269936871859,0
0.09286545583183853,0.7729021009339567,0.000548425350626485,1.5522448225903154,0,0.0018102979362144638,4.691163115376493,0
0.011221041647035992,0.2671365731341731,0.00040539143355245317,1.0870284399710552,0,0.000534970241951013,5.9172208754561035,0
0.06084825380110313,0.2864413851063464,0.00114940509862865,1.282947283486651,0,0.001901795691204936,5.05820390176718,0
0.059916336555541815,0.274777455364611,0.0011869239227269065,1.3070790879961132,0,0.0016681093453363158,4.9688238435170105,0
0.07872241646184393,0.7870086729011402,0.0003192370814401031,1.6928566742442546,0,0.0018380970555251647,4.726632351515134,0
0.005065188405710193,0.2742603556322553,0.00033656562649623503,0.7691200584219005,0,0.00029832916103213626,6.260269936871859,0
0.011659904674371144,0.2599689163134851,0.000406597804946806,1.087776142967648,0,0.000649170266602705,5.84138009755853,0
0.06894978111832564,0.2883346274952201,0.0011536923700585803,1.301018790903516,0,0.0019387950280797272,5.035012218325332,0
0.011431856655483873,0.24990961769690348,0.00040398122829970974,1.0471146969784337,0,0.0006446820432292971,5.84138009755853,0
0.09326569710013978,0.7796612656098147,0.0005755859612256132,1.55470368443542,0,0.001953105665017356,4.691163115376493,0
0.00660435482919693,0.2742862329330721,0.0003365361785808421,0.771246614091413,0,0.00020812613148613314,6.260269936871859,0
0.0050784282121757,0.2818895543022011,0.0003415870233148298,0.7574475444251049,0,0.0003059529297898499,6.260269936871859,0
0.0948309294696513,0.7773092578999392,0.0005516448103360409,1.5497176623517261,0,0.001460680266581182,4.634516518123719,0
0.013072851785662993,0.25381527549615757,0.00041660122275472906,1.0980358503890244,0,0.0006732603059615186,5.84138009755853,0
0.06707778760994441,0.30637663644475266,0.0011426275724075047,1.3047304561571698,0,0.00184685646695228,5.078506294066488,0
0.02059272775505167,0.2597927551953571,0.0004345960066952001,1.0352668271848182,0,0.0006625177339920539,5.790631486198369,0
0.06696397131937172,0.4947921802517587,0.0007120468078618802,1.4661793755019776,0,0.0018661910820598146,4.71507238785471,0
0.09780163191850881,0.2992136945853118,0.0012564603771871145,1.2797023903065834,0,0.002105998171956046,5.034806538795063,0
0.005507586931592479,0.2682234778147887,0.00031729847232917136,0.8131732787894342,0,0.00028135467244937514,6.260269936871859,0
0.006280753604474255,0.2736644857168586,0.0003383945869071076,0.7684065559047955,0,0.000205658835470411,6.260269936871859,0
0.07143234862274986,0.46764165905437893,0.000609353457312691,1.4562562089278839,0,0.0017126443803456549,4.715072387854709,0
0.008975595278129016,0.25408451390099146,0.000407617985412949,1.087524024276129,0,0.0005573654600862231,5.7968807731495025,0
0.06823926661509068,0.28055167373855044,0.0012156233221877007,1.2354253559243653,0,0.0019924355378921096,5.0067910979636245,0
0.006952066236180478,0.2670898410399785,0.0003463208685849631,0.7622941147153056,0,0.00021174226972367493,6.260269936871859,0
0.06597605970483325,0.4676451814255435,0.0006621429561785657,1.422974353382837,0,0.0016489537092905008,4.715072387854709,0
0.008871411675016053,0.24525691529698318,0.0003980092897518552,1.1156403268794912,0,0.0005821844140053211,5.886394776759606,0
0.07038664898226189,0.2777935187518104,0.0012794301593712432,1.3170778505316176,0,0.0020168378571466263,5.052765555726885,0
0.0016529129584009865,0.27563493265928873,0.0003171119946424649,0.7539769057828305,0,0.0002831392963163613,0,0
0.09108713166236032,0.4595761510608071,0.0006562596310728038,1.4190863798201752,0,0.001509296576910222,4.6502414594082975,0
0.01737888519294424,0.25435701757311696,0.00045340845722170053,1.1018402170383994,0,0.0007275534414143593,5.911195070777418,0
0.08164828107496493,0.3053965640048975,0.0013117510919699725,1.2315462046303574,0,0.002286321887720858,4.970668763026108,0
0.06997965248540527,0.285850153982975,0.0011662777223114913,1.2822713393167229,0,0.0018661695870044361,5.0668622395844585,0
0.10020490470495003,0.7777522346547499,0.0005684585722158307,1.549051406012064,0,0.001907512658220247,4.691163115376494,0
0.0018771356437594158,0.27190099332672374,0.0003206380136543575,0.7504990038978392,0,0.0002890926291552461,0,0
0.0135981435923857,0.24797489337653794,0.0004237289502048955,1.0701746010881674,0,0.0006806720809385242,5.84138009755853,0
0.01058163187937243,0.24408471806010865,0.000409242478990241,1.0765121637932036,0,0.0006748120883821231,5.84138009755853,0
0.07750891328647172,0.2962573095865464,0.0011654063642262114,1.2672024160938946,0,0.0019421647255453433,5.0683367666340065,0
0.005715575297057355,0.2763171172142642,0.0003437037283803363,0.7711487884224367,0,0.0003071388214230595,6.260269936871859,0
0.06471605533155284,0.7772481839119153,0.0007094695026339512,1.4927396756793325,0,0.001816597365478598,4.715072387854709,0
0.005373398067620206,0.2749454398758686,0.0003480713341298173,0.7736900666397994,0,0.0003114743747265101,6.260269936871859,0
0.09437700303737784,0.7776848753403128,0.000546708747776526,1.551211935096167,0,0.0018175556772292542,4.691163115376494,0
0.016790114421391153,0.2612723948260541,0.00041483606544904324,1.062481406298783,0,0.0006191957069940124,5.84138009755853,0
0.061556273080172315,0.29277196184969007,0.0010910645987507897,1.2967402429679056,0,0.0017295174927050567,4.9716557096473295,0
0.005284399465238853,0.28035842543443024,0.00034679417877853835,0.7448365220922127,0,0.0003060690234237291,6.260269936871859,0
0.06534221310579137,0.7670357821927203,0.0007675149776079455,1.4814761375524925,0,0.0018275239811556781,4.730834571093479,0
0.013664076319671498,0.2458697871248396,0.0004035350601162096,1.136497874615276,0,0.000659609780913328,5.84138009755853,0
0.06113053150863845,0.29503503139137405,0.0011128600570251136,1.2999776284478874,0,0.0016584109311738899,5.095990270915665,0
0.01037845213907286,0.247336352997036,0.00041940988001745673,1.0902731655691968,0,0.0006894601687661691,5.84138009755853,0
0.06999116718534111,0.4728251646286554,0.0006904133643296111,1.499902514768111,0,0.001745038965431626,4.715072387854709,0
0.07729933511506655,0.29187636359105457,0.0011999502261518615,1.3010952038091201,0,0.0020206722049112024,4.935587987338134,0
0.005338811770865561,0.271119218134327,0.00032866415065160387,0.7537648583063496,0,0.00029128408159869254,6.260269936871859,0
0.001871135744255719,0.27770443846920406,0.00031705893540271866,0.7676670422914011,0,0.0002893823985188451,0,0
0.05366331244615788,0.48865486851130224,0.0005823321647846821,1.444215149489195,0,0.0018633947046683929,4.739729339800528,0
0.018192804935176814,0.24591208589180888,0.00040630049408126517,0.9827344526259145,0,0.0006481342843807133,5.985830687739254,0
0.06350538706750888,0.31288809984609456,0.0012839346727738826,1.2024668094699544,0,0.0021463660236889608,5.00378370757859,0
0.005123673553813091,0.26914663150072393,0.00032910277702967737,0.7563855564450789,0,0.00028944976519439656,6.260269936871859,0
0.0649553785600118,0.7808544735077565,0.0006840922765693543,1.5332232350270854,0,0.0020320560515284447,4.70584396457597,0
0.016572786903212126,0.23710566445436343,0.0004311496372315301,1.0575197651905683,0,0.0007008012300368066,5.739571920639038,0
0.07225142689779895,0.2717884479557946,0.0012104754798979286,1.228951453767985,0,0.0019850778415288753,5.00378370757859,0
0.054860859105873114,0.2978030528648011,0.0012204151411584713,1.1963079653210513,0,0.002045764027665524,4.970668763026108,0
0.053481803918208386,0.46381794929946196,0.0005491033729486621,1.450363668350607,0,0.0015820574468461128,4.765386251147565,0
0.003509182846226335,0.26514684352570483,0.00033120065060420915,0.736323689437397,0,0.00020169391108304182,0,0
0.01119521684246435,0.24072192321699135,0.00040718580290231366,1.0950731354813565,0,0.0006947195420073596,5.911195070777418,0
0.012642817742489907,0.23766897914927845,0.00043164154046458625,1.0519816009711458,0,0.0005709594509595587,5.84138009755853,0
0.004772582458353419,0.2703400470108022,0.0003246019384581796,0.7781591374467064,0,0.0002888626727530555,6.260269936871859,0
0.07522502698201211,0.46993363321152815,0.0006321268507306803,1.4967847217216688,0,0.0013997917264307422,4.616326585554508,0
0.0761666454642807,0.28744103854269787,0.0012051412445551201,1.2992547921526485,0,0.002073289454030104,5.00378370757859,0
0.0021580827647726883,0.2686664743796278,0.0003235998915851434,0.810337947651308,0,0.00028863409219064294,0,0
0.07263399440283952,0.7903016146873533,0.00028677881468211003,1.6543773115173896,0,0.0017248096319636263,4.71507238785471,0
0.012203597795161635,0.25663664088888183,0.00041177993162053677,1.033532215599323,0,0.0006154719112180502,5.886394776759606,0
0.07582414133873244,0.2760644723638457,0.001196418498915326,1.2982994503962952,0,0.0020454575042099746,5.00378370757859,0
0.005424288793737787,0.28115696502026866,0.00033861653844338284,0.7694148185740093,0,0.00030529102635101573,6.260269936871859,0
0.06626117953081129,0.47842549918472177,0.0006878247238020361,1.4596583949826734,0,0.001800762408761502,4.71507238785471,0
0.01040904675696993,0.2589002197053744,0.0004138423585649662,1.0530543370167695,0,0.0006843315453935176,5.84138009755853,0
0.08498384857883216,0.2846974267348427,0.0011047402795282184,1.1937906310046937,0,0.0017621787481811276,4.9688238435170105,0
0.0030692813979580624,0.28028887864056273,0.0003214756344579792,0.7690943322573629,0,0.0002006606908453197,0,0
0.08952940960169901,0.48511422319020747,0.0006778425077791833,1.516175764319845,0,0.0018955086466681148,4.71507238785471,0
0.018611927368146278,0.23703039910138937,0.0004171419449805096,0.9785755311736253,0,0.000653535588318384,5.985830687739254,0
0.08965464294151948,0.3064847040713984,0.0013079793513282166,1.2828380820542877,0,0.0021915359427785884,4.988487560214098,0
0.005407197629534802,0.27633221352973686,0.0003436815933728564,0.7767249855282191,0,0.0003082320763490307,6.260269936871859,0
0.09634031827604737,0.7771721948817748,0.0005328374780148604,1.5520962037273667,0,0.0018365772842915096,4.691163115376494,0
0.017667604722271586,0.24903922082275856,0.00040789171421839164,1.1102680315558051,0,0.0006236674244789978,5.84138009755853,0
0.051756017526059024,0.3007415243364395,0.001148848253249031,1.3025888866714228,0,0.0017322887772138293,5.13597436627056,0
0.015919278649014698,0.2513933022493508,0.0004505574930586158,1.0426605984035462,0,0.0007028311159233951,5.84138009755853,0
0.005538651502655773,0.2733464450721278,0.00031683974593747603,0.8183061131781261,0,0.00028408817971072313,6.260269936871859,0
0.0736735982220617,0.7765392930564649,0.0007013236843569365,1.4755815875977163,0,0.0018173608697699944,4.71507238785471,0
0.08254788255314324,0.29181297730603434,0.0012662651730630044,1.321014917372898,0,0.0020004676448496252,4.969118215177078,0
0.06414929116141974,0.278122502047255,0.001232454512147873,1.2898332307633387,0,0.0019835823226021197,5.006791097963626,0
0.07398007199176383,0.44802117879328424,0.0006888500245080823,1.3944479500217997,0,0.001667791273931121,4.71507238785471,0
0.005812478660646922,0.2681875148421832,0.00034293709581541113,0.7571169211159261,0,0.00030664834812184236,6.260269936871859,0
0.009209177406048027,0.2633451896148181,0.00040620848612752124,1.0880100109279822,0,0.0006773513677768067,5.815772576229072,0
0.0052449546699705925,0.2797329910174511,0.000336493375458117,0.7433897579431641,0,0.00030015141904946334,6.260269936871859,0
0.09564247099845048,0.7743238994513505,0.0005697740830219098,1.5522913487170613,0,0.0018752622626084208,4.691163115376494,0
0.008123278787253184,0.24412500008785515,0.00041741196363640935,1.1145364382280178,0,0.0006919504179399561,5.796880773149502,0
0.06456891127146301,0.29962600522148375,0.0011134011740871939,1.3119700719073757,0,0.0018519346751345262,5.114717940470816,0
0.0050239982167741455,0.2722390869541421,0.0003383675384192679,0.7513100724992088,0,0.00029755824310793267,6.260269936871859,0
0.05114393942394457,0.46993106257421324,0.0005846863799722038,1.4783198478536144,0,0.001939816003358161,4.746733039097772,0
0.018387458211577203,0.24138962204602699,0.0004171836976898632,1.0434864928993324,0,0.0006544679990747328,5.790631486198369,0
0.07425881858632113,0.29621476550830367,0.0011886509483662756,1.2849368752489738,0,0.0019801173079836525,5.00378370757859,0
0.001896093747536562,0.2787568462923355,0.00033940692999062227,0.7578619847492647,0,0.00030281805417883704,0,0
0.09026954523209407,0.7787094549145189,0.0005620823569072273,1.5541125630534567,0,0.00188661447496,4.691163115376493,0
0.018499635633352468,0.24804791159177336,0.00040967970965957034,1.0843230040511234,0,0.0006316235511610153,5.79063148619837,0
0.05950091311631739,0.28635447142677734,0.0011538432213202736,1.2886374457482677,0,0.0019041890887087668,5.0470004030379085,0
0.005251382483240259,0.26728682091020334,0.00033854310267412643,0.7773479079688557,0,0.0002971760696207355,6.260269936871859,0
0.06906815975187264,0.46634110574161686,0.0006725511541976177,1.4851312107755021,0,0.001691975420762571,4.71507238785471,0
0.013978782961511421,0.2470348696599165,0.00041873728082807913,1.0186996244619233,0,0.0006113980262746515,5.886394776759606,0
0.0720426832857812,0.2882319497828529,0.0013043685191748173,1.286732906328548,0,0.0020187816804774095,5.0173376909245535,0
0.10132730828479253,0.7944532675701352,0.0002392037282502469,1.8295757515709687,0,0.001910009386387652,4.678998522257857,0
0.005423902643952851,0.281552277608892,0.0003368760113631259,0.7564057886532536,0,0.00030403021376920145,6.260269936871859,0
0.06994087658131493,0.299552652445377,0.0011863522215094725,1.281134866952875,0,0.0018285689798932486,5.106226533809272,0
0.009415854851499112,0.25096464201921437,0.00039566771998194943,1.0752882866956757,0,0.0005249792935707815,5.84138009755853,0
0.005706137085366519,0.2726273206964348,0.00035699852561402136,0.7598662865516601,0,0.00031668645449479883,6.260269936871859,0
0.0650727740699534,0.47332902835250823,0.0007581542306593128,1.4288145833689412,0,0.001912140756527834,4.70295396756968,0
0.012977254040977396,0.2542646585078255,0.0004047316996731369,1.1040888832549316,0,0.000657438835499427,5.84138009755853,0
0.060201074887985755,0.28588937320859414,0.0011079275427773384,1.2781761404673189,0,0.0017668177146041234,5.0470004030379085,0
0.006795174206834297,0.2676730788382072,0.00033638497919917607,0.7599518901352035,0,0.00020583477315897508,6.260269936871859,0
0.08952161434990771,0.7692872558066968,0.0006595644061961288,1.4419312130709496,0,0.0015051460823400666,4.664691413983828,0
0.01878345242623683,0.24941571828006434,0.0004310209252057095,1.100621284473641,0,0.000648216650569587,5.84138009755853,0
0.0764166553336169,0.2997366868846532,0.0011558333787177171,1.3292150704024037,0,0.0018625066057353847,5.0470004030379085,0
0.004995962636048627,0.27568127890792443,0.0003218447156366168,0.7606828453508996,0,0.0002877836600335798,6.260269936871859,0
0.08891831644823835,0.4803235807101367,0.0006853839789257736,1.445517645084245,0,0.0019007104696817782,4.71507238785471,0
0.0109772518178766,0.24455303554229738,0.0004233032593428043,1.068560497639333,0,0.0006786294941531821,5.7968807731495025,0
0.08445688507638027,0.2917754498023144,0.0012780485297317161,1.2460037550848377,0,0.002159903494904752,4.970668763026108,0
0.006788329343604842,0.2736511144936095,0.0003386162685422278,0.7635809896538164,0,0.0002078877960224153,6.260269936871859,0
0.09003811351445841,0.7805877870837656,0.0005571150012963316,1.5520642256536124,0,0.001874377752550149,4.691163115376493,0
0.007100283382764909,0.25663144943025035,0.00041209515790915024,1.115642915518625,0,0.0006645019416902198,5.9172208754561035,0
0.06570369200325821,0.28018540853077695,0.0011221770233422884,1.258459631846876,0,0.001873774111097362,5.0683367666340065,0
0.004925269028073935,0.2759864854227269,0.00031702081702311057,0.765966060534158,0,0.0002852207076515681,6.260269936871859,0
0.08773159825188008,0.7953161857174325,0.000326256867723719,1.731556412746439,0,0.0018295374610173938,4.691163115376493,0
0.010636215482019585,0.24318503034706385,0.0004255400426412972,1.0636180616602333,0,0.0007027411847655691,5.84138009755853,0
0.06717716206820523,0.291856856721923,0.0011723143394411558,1.2971627663059455,0,0.0018877365292876349,5.049916090267902,0
0.005641621811301983,0.270291297442927,0.00032636469488030336,0.8140072879045059,0,0.0002902445106308866,6.260269936871859,0
0.08602844501406587,0.7643098065851686,0.0005445983080498996,1.5522566513086844,0,0.0017018898347162974,4.691163115376493,0
0.012776730928612218,0.25920419541720463,0.0004179859995719446,1.0151967573875087,0,0.0005723752127060595,5.84138009755853,0
0.08518604435405257,0.30404528772353207,0.0011049599272164228,1.309785199405882,0,0.0020240620576116304,5.056197161564697,0
0.0177214601582458,0.25137787039836695,0.0004262307452854316,0.9648913250786723,0,0.0007307237895562411,5.90467204835763,0
0.0018275387601845335,0.2734872827134987,0.00032381043029242767,0.7475446635936749,0,0.00028792806702559017,0,0
0.0665934123848257,0.4692442433911832,0.000678430341002699,1.4602706510452939,0,0.001803628934656694,4.71507238785471,0
0.08522910301822158,0.3165384642545449,0.0012782610617936712,1.2471045334734456,0,0.0019896146633205988,4.9688238435170105,0
0.01057032550092708,0.24241616810617056,0.00040262831664295126,1.071612601050023,0,0.000540004344167992,5.84138009755853,0
0.001806968381495841,0.28071315126532437,0.00034215605490672124,0.7443078812120596,0,0.0003066638982630933,0,0
0.08079385242226471,0.7742523769324755,0.0007330641476314398,1.4624055041815345,0,0.0019473688950258409,4.730834571093479,0
0.06832324288698323,0.29497527788924455,0.0011249361061065884,1.31735564410079,0,0.0018345420330437463,5.0470004030379085,0
0.005456090060656497,0.2760564585089863,0.00034313546468929095,0.7614752488085859,0,0.00030691181942836874,6.260269936871859,0
0.07108627290683847,0.48421311962883323,0.0006494194693325042,1.5701026635145054,0,0.0019027590826422554,4.683251238521219,0
0.011682413517641491,0.2500620273100582,0.00041023471486837184,1.126754585673026,0,0.0006581298222178542,5.84138009755853,0
0.06911902797311328,0.28122338114627593,0.001141758086942069,1.276975667117812,0,0.001874482285857725,5.0470004030379085,0
0.005336629070612553,0.26354425243863283,0.000332574858238103,0.7647267186703911,0,0.0002982378012891495,6.260269936871859,0
0.08867495042100318,0.7780910850187198,0.0005428338387452243,1.553110536845869,0,0.001817386676423993,4.691163115376494,0
0.010595905134404445,0.25087892485843954,0.0004108768626825039,1.1066011969509522,0,0.0006718777309279462,5.84138009755853,0
0.05249188867489501,0.2858058143403289,0.0012223647789712671,1.2611198283632157,0,0.0018258173909824961,5.122791125069401,0
0.01359611045535463,0.24921482023705058,0.00042806516882087247,1.1136145126224763,0,0.0006817947982246224,5.84138009755853,0
0.08316008210898863,0.7747336332175273,0.0005498573814000839,1.5520660221468603,0,0.0017542648220570062,4.691163115376494,0
0.0594298111361672,0.2882767219946346,0.0010947533525290847,1.2719064914677851,0,0.0015602704898163896,5.014165374939376,0
0.005729765318022512,0.2780486473905012,0.00033057726082771476,0.785451049888092,0,0.00029898629346279535,6.260269936871859,0
0.004869221256220576,0.2771704718994064,0.0003350017851832342,0.7368951319317094,0,0.0002947008964111642,6.260269936871859,0
0.087503578606939,0.7880913878463859,0.0005551291140229284,1.5516936589483017,0,0.0013835871732100333,4.605149127412233,0
0.012273609310830429,0.25142132320002086,0.00040874207312091717,1.093180284567691,0,0.0006483739387664906,5.84138009755853,0
0.07140852873376446,0.30433334048775884,0.001163815829548379,1.248186199366046,0,0.0019488490028107448,5.0470004030379085,0
0.06551318545710935,0.7741436587618694,0.0007333876256292624,1.4807284490147223,0,0.0018347759803997545,4.715072387854709,0
0.07301822670467414,0.2834875276659318,0.0011391370807402597,1.2833533554872254,0,0.0018835451927608285,4.935587987338134,0
0.011927169179076314,0.2338419743587665,0.0004188752588297256,1.0852039269950988,0,0.0006503992860090584,5.84138009755853,0
0.006722340901379652,0.2763226610820577,0.0003479874759671215,0.7421919558841894,0,0.00021210370530481864,6.260269936871859,0
0.005707174924866488,0.2733181772515479,0.00034274825979000595,0.7719638480003225,0,0.0003048682918340009,6.260269936871859,0
0.07336706165618442,0.7846043883781652,0.0005665667039250977,1.4859140372931885,0,0.0017422542825259325,4.726632351515134,0
0.011983999487891216,0.25656721040853275,0.0003979974490214428,1.0582083167538865,0,0.0006438481908285503,5.84138009755853,0
0.06795970909923094,0.2970853191535204,0.001177526981489674,1.3015179910281798,0,0.0019322561345017403,5.058203901767179,0
0.013627483404899738,0.26058921032795934,0.00040859116687474577,1.0711248499912067,0,0.0006067007761787907,5.9172208754561035,0
0.08735418773772236,0.7798512787860918,0.0005251978906783913,1.5514225461785194,0,0.0017594400721903478,4.691163115376494,0
0.07562091626821921,0.29084987723163813,0.001189703501217462,1.2623099847074384,0,0.0018926796427984705,5.0668622395844585,0
0.006951252593766791,0.2701639483693981,0.00035463715776697303,0.7882719661696532,0,0.0002179987730301619,6.260269936871859,0
0.005083833560454505,0.2749663148674722,0.00031213003219907547,0.7515976563874593,0,0.0002799984547460378,6.260269936871859,0
0.07885574409926015,0.4703940503431189,0.0006612645448848511,1.4336863582293988,0,0.001819137338396154,4.715072387854709,0
0.010782196375322864,0.23840494776996501,0.0004226569418824459,1.0761506393722287,0,0.0006308530755580634,5.886394776759606,0
0.08681330347872293,0.27728935354347767,0.0012679592320973087,1.2793107163960087,0,0.0022158838157504547,4.983523833287563,0
0.07966140852502365,0.3002088695192999,0.0012506184467956957,1.3452101211942795,0,0.002120676230847434,5.00378370757859,0
0.0736807070484563,0.4674627054745681,0.0006437915847663054,1.4529550462060774,0,0.0017939079378404494,4.715072387854709,0
0.005613403646016923,0.26640982629431903,0.0003142525524507844,0.8103715920035792,0,0.00028057360489785045,6.260269936871859,0
0.013086786673525013,0.25729498794364136,0.0004426946203406199,1.0272433868931399,0,0.0006869965674605853,5.599669183361232,0
0.01314362855768143,0.24846248043711391,0.00041544421158525697,1.0676762234081596,0,0.0006604455298554044,5.84138009755853,0
0.058950342236977184,0.28994591888747034,0.0010857680469357537,1.264014032966268,0,0.0018058808504539266,5.081948905223207,0
0.006598213126633175,0.27570266089762185,0.0003491683513003418,0.7765270121248888,0,0.00021367273813966686,6.260269936871859,0
0.0818520771956681,0.7813949899393419,0.0005493790670930641,1.5569661034900248,0,0.0017798797144485939,4.691163115376494,0
0.06872600284851507,0.2849857638867216,0.0011899133326351604,1.3248849019930542,0,0.0017256123229120646,5.047000403037908,0
0.07575445908595495,0.7795827023696601,0.0007030992443846654,1.4829993637126981,0,0.0018763526183678033,4.715072387854709,0
0.0051444665437050605,0.2705707240473392,0.00033032378239950596,0.7562538476494582,0,0.0002915563263357991,6.260269936871859,0
0.012096194332790355,0.24926103710360173,0.0004186917020095846,1.0928747425780199,0,0.0007117233694039433,5.815772576229072,0
0.005581360342764807,0.2735614651113819,0.0003479418161993848,0.7738098325757079,0,0.00031040527073882386,6.260269936871859,0
0.07729763260483732,0.4661120525244538,0.0006675119383619416,1.4339486527870688,0,0.0017688303775489284,4.715072387854709,0
0.010815406418909889,0.2659886941253802,0.0003939288777829175,1.089940330040469,0,0.0006417030323457975,5.84138009755853,0
0.07379659126208156,0.2749678337425822,0.0012258610362007303,1.225147459665755,0,0.0019506672817731284,4.975229568726985,0
0.06867698829595412,0.28856666353469307,0.0011725389326738725,1.3267893866887943,0,0.0018846663536802259,5.034806538795063,0
0.08739692746353335,0.791057803571949,0.0003193125747181763,1.7284752822628733,0,0.0018227945465090314,4.691163115376494,0
0.005276791850932161,0.2777074328888839,0.0003288980045337466,0.7540847981482864,0,0.00029976998288927173,6.260269936871859,0
0.010842566613595103,0.24225104753539256,0.0004101831275822235,1.0920242661431139,0,0.0006735531772641434,5.796880773149502,0
0.005428758606654385,0.2749980866547545,0.00032169273491176355,0.755820192115405,0,0.00029053438249542607,6.260269936871859,0
0.08037692187308751,0.7718576135956132,0.0006908725278470206,1.4755820338025172,0,0.0018544628673879552,4.726632351515135,0
0.010317449809445212,0.25087380516632485,0.00040314596316308807,1.067683735695692,0,0.0005469001630601273,5.84138009755853,0
0.06732388645091941,0.31120711695011155,0.0011691145954115926,1.2769080587475905,0,0.0019460706000957442,5.095990270915665,0
0.0065757388130904745,0.2735857771420236,0.00033500896146461623,0.7539982404777017,0,0.00020521722442202954,6.260269936871859,0
0.09496326083287812,0.7782565490130613,0.00023709034411671155,1.8320135414972731,0,0.0017823961388333416,4.678998522257858,0
0.012315555066510615,0.24284440266232454,0.00042963733543159246,1.0700365913245389,0,0.0006742747527684051,5.84138009755853,0
0.06771011522980395,0.29850388453830884,0.001097246514406556,1.3064242296879036,0,0.001784753858231645,5.055143802961205,0
0.017763944694584293,0.2380092431875604,0.0004324476283838657,1.1129505871920307,0,0.0006644782902757977,5.790631486198369,0
0.04467648571114879,0.27872359278690423,0.0010659125068731522,1.0891013511825811,0,0.0017969220982314484,5.015007875252852,0
0.005158760729236989,0.2665758967036738,0.0003401363972049077,0.7244774416979027,0,0.00029519277997743995,6.260269936871859,0
0.09063236525374066,0.7824607238197046,0.0005414961912924926,1.5510788767895798,0,0.0018503696146302212,4.691163115376494,0
0.007157709988654837,0.25610025902173406,0.000455638149691662,1.043154928644709,0,0.0006838466869980419,6.002520707023395,0
0.005661118288369453,0.273410366852112,0.00031553120139112326,0.8226871237486602,0,0.00028303571350654053,6.260269936871859,0
0.0727235965798569,0.4761803324121146,0.0006473432285352252,1.4538630845613434,0,0.0017833103808964068,4.715072387854709,0
0.10127072787915112,0.30445003155256406,0.0013003379691466906,1.3131833466292602,0,0.0022061696763222482,5.00378370757859,0
0.014733943110691934,0.24684557579041977,0.0004268053281417461,1.064497135834294,0,0.000655214348493093,5.84138009755853,0
0.0018382909635652166,0.2762133120301585,0.00032160419665558257,0.7545270652326759,0,0.0002889200751549615,0,0
0.07223125554719037,0.4736410399458207,0.0006896538567801347,1.4600778313048786,0,0.0014332879552783795,4.5862029508148385,0
0.08997630388488752,0.3199813629248239,0.0013547948416314118,1.2463410496711544,0,0.002367964201702704,5.00378370757859,0
0.005347418818502224,0.27194404046154935,0.0003426680254666441,0.802297758070876,0,0.0003075119417080465,6.260269936871859,0
0.06140211202931761,0.4627692911787389,0.0006199588407220976,1.4633722308810941,0,0.0016807024856491893,4.770639025620498,0
0.016429088639765534,0.24611421312533982,0.00040291193445838664,1.0747727932600792,0,0.0006090296086657897,5.84138009755853,0
0.07601149202956455,0.27650863691926825,0.0011721747526268627,1.2784744028384096,0,0.0019735695248523787,4.969118215177078,0
