0

baseline bins

[10.40391704 11.09585051 11.78778398 12.47971745 13.17165092 13.86358439
 14.55551786 15.24745133 15.9393848  16.63131827 17.32325174]

10.403917035940911.0958505065170811.78778397709325912.4797174476694413.1716509182456213.86358438882179914.55551785939797915.24745132997415815.9393848005503416.63131827112651717.3232517417027

[12. 41. 15. 12.  7.  8.  1.  2.  0.  2.]

clusters in the baseline range

[11. 10. 12.  3.  9.  3.  4.  2.  0.  0.]

10

clusters

[    0.          2824.84531857  5649.69063715  8474.53595572
 11299.3812743  14124.22659287 16949.07191144 19773.91723002
 22598.76254859 25423.60786716 28248.45318574]

0.02824.845318573825649.690637147648474.5359557214611299.3812742952814124.226592869116949.0719114429219773.9172300167422598.7625485905625423.60786716437728248.4531857382[390.   0.   0.   0.   0.   0.   0.   0.   2.   8.]

1

baseline bins

[ 6.66253919  7.08248608  7.50243297  7.92237986  8.34232675  8.76227364
  9.18222054  9.60216743 10.02211432 10.44206121 10.8620081 ]

6.662539186746737.0824860783435277.5024329699403247.9223798615371218.3423267531339188.7622736447307159.1822205363275139.60216742792430910.02211431952110710.44206121111790310.8620081027147

[ 8. 11. 15. 21. 15.  9.  9.  4.  6.  2.]

clusters in the baseline range

[ 0.  0.  0.  0.  0.  0.  4. 11.  7.  7.]

10

clusters

[   0.          146.29996634  292.59993267  438.89989901  585.19986535
  731.49983169  877.79979802 1024.09976436 1170.3997307  1316.69969703
 1462.99966337]

0.0146.29996633713898292.59993267427797438.89989901141695585.1998653485559731.499831685695877.79979802283391024.09976435997281170.39973069711191316.6996970342511462.99966337139[393.   2.   3.   1.   0.   0.   0.   0.   0.   1.]

2

baseline bins

[0.00516827 0.00756973 0.00997119 0.01237265 0.01477411 0.01717558
 0.01957704 0.0219785  0.02437996 0.02678142 0.02918288]

0.005168268390418860.0075697299621711640.0099711915339234690.0123726531056757710.0147741146774280770.017175576249180380.0195770378209326850.0219784993926849870.0243799609644372930.02678142253618960.0291828841079419

[ 3.  7.  3. 11.  6. 17. 41.  6.  1.  5.]

clusters in the baseline range

[16. 19. 13.  0.  0.  0.  0.  0.  0.  0.]

10

clusters

[0.         0.00123102 0.00246203 0.00369305 0.00492407 0.00615509
 0.0073861  0.00861712 0.00984814 0.01107915 0.01231017]

0.00.00123101711677722990.00246203423355445970.00369305135033168960.00492406846710891940.0061550855838861490.0073861027006633790.008617119817440610.0098481369342178390.0110791540509950680.0123101711677723[301.   6.   9.  34.   8.   8.  10.  10.  11.   3.]

3

baseline bins

[0.56328149 0.57036905 0.5774566  0.58454416 0.59163172 0.59871928
 0.60580684 0.6128944  0.61998195 0.62706951 0.63415707]

0.5632814879034320.5703690461234930.57745660434355410.5845441625636150.5916317207836760.5987192790037370.6058068372237980.6128943954438590.619981953663920.6270695118839810.634157070104042

[ 1.  6. 12. 24. 16. 17. 14.  5.  4.  1.]

clusters in the baseline range

[ 1.  4. 11. 10. 17. 15.  8.  8.  8.  2.]

10

clusters

[0.         0.09924528 0.19849057 0.29773585 0.39698113 0.49622642
 0.5954717  0.69471698 0.79396226 0.89320755 0.99245283]

0.00.09924528301886790.19849056603773580.297735849056603660.39698113207547160.49622641509433950.59547169811320730.69471698113207530.79396226415094320.89320754716981110.992452830188679[190.   0.   0.   0.   0.  40.  99.  51.  10.  10.]

4

baseline bins

[0.86490856 0.87623038 0.88755219 0.89887401 0.91019583 0.92151764
 0.93283946 0.94416127 0.95548309 0.96680491 0.97812672]

0.8649085594159210.87623037589062540.88755219236532970.89887400884003390.91019582531473820.92151764178944250.93283945826414680.94416127473885110.95548309121355530.96680490768825970.978126724162964

[ 2.  4. 14. 15. 15. 15. 12. 16.  2.  5.]

clusters in the baseline range

[ 0.  0.  0.  0.  0.  3. 44. 25. 19.  0.]

10

clusters

[0.  0.1 0.2 0.3 0.4 0.5 0.6 0.7 0.8 0.9 1. ]

0.00.10.20.300000000000000040.40.50.60000000000000010.70000000000000010.80.91.0[190.   0.   0.   0.   0.   0.   0.   0.   0. 210.]

5

baseline bins

[0.06777778 0.06922222 0.07066667 0.07211111 0.07355556 0.075
 0.07644444 0.07788889 0.07933333 0.08077778 0.08222222]

0.06777777777777780.069222222222222240.070666666666666680.072111111111111110.073555555555555550.0750.076444444444444440.077888888888888880.079333333333333310.080777777777777750.0822222222222222

[ 1.  5.  4. 15. 15. 18. 24. 13.  1.  4.]

clusters in the baseline range

[0. 0. 0. 0. 0. 0. 0. 0. 0. 0.]

10

clusters

[0.         0.02554745 0.05109489 0.07664234 0.10218978 0.12773723
 0.15328467 0.17883212 0.20437956 0.22992701 0.25547445]

0.00.0255474452554744980.0510948905109489950.076642335766423490.102189781021897990.12773722627737250.153284671532846970.178832116788321480.204379562043795980.229927007299270490.255474452554745[200.   0.   0.   0.   4.  69.  33.  49.  34.  11.]

6

baseline bins

[0.23229116 0.23500753 0.23772391 0.24044028 0.24315666 0.24587303
 0.24858941 0.25130579 0.25402216 0.25673854 0.25945491]

0.2322911588145450.2350075340013350.2377239091881250.2404402843749150.243156659561704990.245873034748494980.2485894099352850.251305785122074960.2540221603088650.256738535495654950.259454910682445

[ 4.  3.  3.  0.  2.  5. 17. 27. 32.  7.]

clusters in the baseline range

[0. 0. 0. 0. 0. 0. 0. 0. 0. 0.]

10

clusters

[0.         0.05524233 0.11048466 0.16572699 0.22096931 0.27621164
 0.33145397 0.3866963  0.44193863 0.49718096 0.55242329]

0.00.05524232861416750.1104846572283350.16572698584250250.220969314456670.27621164307083750.3314539716850050.38669630029917250.441938628913340.49718095752750750.552423286141675[190.   0.   0.  10.   0.   0.   9.  78.  40.  73.]

7

baseline bins

[0.04       0.04166667 0.04333333 0.045      0.04666667 0.04833333
 0.05       0.05166667 0.05333333 0.055      0.05666667]

0.040.041666666666666670.043333333333333340.045000000000000010.046666666666666680.048333333333333350.050000000000000020.051666666666666690.053333333333333360.055000000000000030.0566666666666667

[ 3.  5. 10. 16. 28. 23.  8.  6.  0.  1.]

clusters in the baseline range

[0. 0. 0. 0. 0. 0. 0. 0. 0. 0.]

10

clusters

[0.         0.01824818 0.03649635 0.05474453 0.0729927  0.09124088
 0.10948905 0.12773723 0.1459854  0.16423358 0.18248175]

0.00.01824817518248180.03649635036496360.05474452554744540.07299270072992720.0912408759124090.10948905109489080.12773722627737260.14598540145985440.164233576642336180.182481751824818[200.   0.   0.   1.  28.  71.  49.  40.   7.   4.]

8

baseline bins

[0.04       0.04511111 0.05022222 0.05533333 0.06044444 0.06555556
 0.07066667 0.07577778 0.08088889 0.086      0.09111111]

0.040.045111111111111110.0502222222222222240.055333333333333330.060444444444444440.065555555555555550.070666666666666660.075777777777777780.080888888888888870.0860.0911111111111111

[ 3. 14. 14. 26. 19. 13.  8.  2.  0.  1.]

clusters in the baseline range

[ 6. 12. 14. 18. 24. 21. 26. 13. 12. 13.]

10

clusters

[0.         0.01363636 0.02727273 0.04090909 0.05454545 0.06818182
 0.08181818 0.09545455 0.10909091 0.12272727 0.13636364]

0.00.01363636363636360.02727272727272720.04090909090909080.05454545454545440.0681818181818180.08181818181818160.09545454545454520.10909090909090880.12272727272727240.136363636363636[200.   2.  10.  26.  60.  47.  29.  18.   7.   1.]

9

baseline bins

[0.09111111 0.093      0.09488889 0.09677778 0.09866667 0.10055556
 0.10244444 0.10433333 0.10622222 0.10811111 0.11      ]

0.09111111111111110.092999999999999990.094888888888888880.096777777777777770.098666666666666670.100555555555555550.102444444444444450.104333333333333330.106222222222222220.108111111111111120.11

[ 7.  6. 12.  9. 20. 15.  5. 11. 10.  5.]

clusters in the baseline range

[0. 0. 0. 0. 0. 0. 0. 0. 0. 0.]

10

clusters

[0.         0.03383459 0.06766917 0.10150376 0.13533835 0.16917293
 0.20300752 0.23684211 0.27067669 0.30451128 0.33834586]

0.00.03383458646616540.06766917293233080.10150375939849620.13533834586466160.169172932330826980.20300751879699240.23684210526315780.27067669172932320.304511278195488570.338345864661654[200.   0.   0.   1.  53.  46.   3.  27.  59.  11.]

10

baseline bins

[0.24563827 0.25009802 0.25455778 0.25901753 0.26347728 0.26793704
 0.27239679 0.27685654 0.2813163  0.28577605 0.2902358 ]

0.2456382716049380.25009802469135780.25455777777777760.259017530864197430.26347728395061720.2679370370370370.27239679012345680.27685654320987660.28131629629629640.285776049382716170.290235802469136

[15. 31. 29. 11.  4.  0.  2.  3.  4.  1.]

clusters in the baseline range

[0. 0. 0. 1. 0. 0. 0. 0. 1. 0.]

10

clusters

[0.         0.07711184 0.15422368 0.23133551 0.30844735 0.38555919
 0.46267103 0.53978287 0.61689471 0.69400654 0.77111838]

0.00.077111838191552690.154223676383105380.231335514574658060.308447352766210770.38555919095776350.46267102914931610.53978286734086890.61689470553242150.69400654372397420.771118381915527[190.   0. 172.  24.   4.   0.   0.   0.   0.  10.]

11

baseline bins

[0.030665   0.03374014 0.03681527 0.03989041 0.04296555 0.04604069
 0.04911583 0.05219096 0.0552661  0.05834124 0.06141638]

0.03066499720164250.033740135432323010.036815273663003520.039890411893684030.042965550124364540.0460406883550450450.049115826585725560.052190964816406070.055266103047086580.058341241277767090.0614163795084476

[ 2.  0.  6. 15.  9. 14. 21. 16. 14.  3.]

clusters in the baseline range

[14. 15. 12. 21.  9. 20. 14.  4.  3.  6.]

10

clusters

[0.         0.00794487 0.01588975 0.02383462 0.0317795  0.03972437
 0.04766925 0.05561412 0.063559   0.07150387 0.07944875]

0.00.007944874603984660.015889749207969320.0238346238119539820.031779498415938640.03972437301992330.0476692476239079650.055614122227892620.063558996831877280.071503871435861940.0794487460398466[200.   0.   7.  16.  37.  42.  26.  13.  34.  25.]

12

baseline bins

[0.04978231 0.05405441 0.05832651 0.06259862 0.06687072 0.07114283
 0.07541493 0.07968704 0.08395914 0.08823125 0.09250335]

0.04978230608482710.054054410519431420.058326514954035740.062598619388640060.066870723823244380.07114282825784870.075414932692453020.079687037127057340.083959141561661650.088231245996265970.0925033504308703

[ 5.  0. 31.  0. 25. 15.  7. 12.  0.  5.]

clusters in the baseline range

[ 0.  4. 16. 28. 32. 10. 12. 16.  9.  2.]

10

clusters

[0.         0.01243667 0.02487335 0.03731002 0.04974669 0.06218336
 0.07462004 0.08705671 0.09949338 0.11193005 0.12436673]

0.00.0124366725107309010.0248733450214618030.037310017532192710.0497466900429236050.06218336255365450.074620035064385410.087056707575116310.099493380085847210.111930052596578110.124366725107309[200.   0.   0.  34.  17.  72.  37.   9.  13.  18.]

13

baseline bins

[0.04275373 0.05633826 0.06992278 0.08350731 0.09709184 0.11067637
 0.1242609  0.13784542 0.15142995 0.16501448 0.17859901]

0.04275372885059120.056338256633040480.069922784415489760.083507312197939040.097091839980388310.11067636776283760.124260895545286880.137845423327736140.151429951110185420.16501447889263470.178599006675084

[ 3.  1. 15. 16. 27. 19.  9.  5.  4.  1.]

clusters in the baseline range

[22. 24. 17. 13. 13. 12.  7. 10.  6.  6.]

10

clusters

[0.         0.01783555 0.03567111 0.05350666 0.07134222 0.08917777
 0.10701333 0.12484888 0.14268443 0.16051999 0.17835554]

0.00.0178355543130494020.0356711086260988050.053506662939148210.071342217252197610.0891777715652470.107013325878296410.124848880191345820.142684434504395220.160519988817444610.178355543130494[228.  25.  38.  27.  22.  18.  14.   6.  14.   8.]

14

baseline bins

[81.31818182 81.41818182 81.51818182 81.61818182 81.71818182 81.81818182
 81.91818182 82.01818182 82.11818182 82.21818182 82.31818182]

81.318181818181881.418181818181881.518181818181881.618181818181881.718181818181881.818181818181881.918181818181882.018181818181882.118181818181882.218181818181882.3181818181818

[  0.   0.   0.   0.   0. 100.   0.   0.   0.   0.]

clusters in the baseline range

[0. 0. 0. 0. 0. 0. 0. 0. 0. 0.]

10

clusters

[ 0.          2.40909091  4.81818182  7.22727273  9.63636364 12.04545455
 14.45454545 16.86363636 19.27272727 21.68181818 24.09090909]

0.02.409090909090914.818181818181827.227272727272739.6363636363636412.0454545454545514.4545454545454616.8636363636363719.2727272727272821.6818181818181924.0909090909091[190.   0.   0.   0.   0. 100.   0. 100.   0.  10.]

15

baseline bins

[299.5 299.6 299.7 299.8 299.9 300.  300.1 300.2 300.3 300.4 300.5]

299.5299.6299.7299.8299.9300.0300.1300.2300.3300.4300.5

[  0.   0.   0.   0.   0. 100.   0.   0.   0.   0.]

clusters in the baseline range

[0. 0. 0. 0. 0. 0. 0. 0. 0. 0.]

10

clusters

[ 0.          6.96666667 13.93333333 20.9        27.86666667 34.83333333
 41.8        48.76666667 55.73333333 62.7        69.66666667]

0.06.9666666666666713.9333333333333420.90000000000001327.8666666666666834.8333333333333541.80000000000002648.76666666666669455.7333333333333662.7000000000000369.6666666666667[190.   0.   0.   7.  93.   2.   8.   0.   0. 100.]

16

baseline bins

[-0.22727273 -0.12727273 -0.02727273  0.07272727  0.17272727  0.27272727
  0.37272727  0.47272727  0.57272727  0.67272727  0.77272727]

-0.22727272727272702-0.127272727272727-0.0272727272727270040.072727272727273030.1727272727272730.2727272727272730.37272727272727310.472727272727273050.5727272727272730.67272727272727310.7727272727272729

[  0.   0.   0.   0.   0. 100.   0.   0.   0.   0.]

clusters in the baseline range

[  0.   0. 190.   0.   0. 100. 100.  10.   0.   0.]

10

clusters

[0.         0.05454545 0.10909091 0.16363636 0.21818182 0.27272727
 0.32727273 0.38181818 0.43636364 0.49090909 0.54545455]

0.00.0545454545454544940.109090909090908990.163636363636363470.218181818181817980.27272727272727250.327272727272726940.381818181818181450.436363636363635950.490909090909090460.545454545454545[190.   0.   0.   0.   0. 100.   0.   0. 100.  10.]

17

baseline bins

[0.16621014 0.16661077 0.1670114  0.16741203 0.16781266 0.1682133
 0.16861393 0.16901456 0.16941519 0.16981583 0.17021646]

0.1662101355940730.16661076775737390.16701139992067480.16741203208397570.16781266424727660.16821329641057750.16861392857387840.16901456073717930.16941519290048020.16981582506378110.170216457227082

[70.  0.  0.  0.  0.  0.  0.  0.  0. 30.]

clusters in the baseline range

[0. 0. 0. 0. 0. 0. 0. 0. 0. 0.]

10

clusters

[0.         0.04477885 0.0895577  0.13433655 0.1791154  0.22389425
 0.2686731  0.31345195 0.3582308  0.40300965 0.4477885 ]

0.00.04477885022954250.0895577004590850.13433655068862750.179115400918170.22389425114771250.2686731013772550.31345195160679750.358230801836340.403009652065882460.447788502295425[190.  10.   0.   0.   0.  69.  31.  10.  60.  30.]

18

baseline bins

[17.00606222 17.05946129 17.11286036 17.16625943 17.2196585  17.27305757
 17.32645664 17.3798557  17.43325477 17.48665384 17.54005291]

17.006062221037917.05946129015877217.1128603592796417.1662594284005117.2196584975213817.2730575666422517.32645663576312217.3798557048839917.43325477400486217.4866538431257317.5400529122466

[30.  0.  0.  0.  0.  0.  0.  0.  0. 70.]

clusters in the baseline range

[0. 0. 0. 0. 0. 0. 0. 0. 0. 0.]

10

clusters

[ 0.          6.57538023 13.15076046 19.72614068 26.30152091 32.87690114
 39.45228137 46.0276616  52.60304183 59.17842205 65.75380228]

0.06.57538022813688113.15076045627376219.72614068441064526.30152091254752432.876901140684439.4522813688212946.0276615969581752.6030418250950559.1784220532319365.7538022813688[290. 100.   0.   0.   0.   0.   0.   0.   0.  10.]

19

baseline bins

[0.17814609 0.17833247 0.17851885 0.17870523 0.17889161 0.17907799
 0.17926437 0.17945075 0.17963713 0.17982351 0.18000989]

0.1781460882461990.17833246817451450.178518848102830.178705228031145520.178891607959461020.17907798788777650.1792643678160920.17945074774440750.179637127672723020.179823507601038520.180009887529354

[ 6.  6. 18. 17. 17. 14. 12.  3.  5.  2.]

clusters in the baseline range

[2. 0. 1. 0. 0. 0. 1. 2. 3. 0.]

10

clusters

[0.         0.01971785 0.0394357  0.05915355 0.0788714  0.09858925
 0.1183071  0.13802495 0.1577428  0.17746065 0.1971785 ]

0.00.01971784971784970.03943569943569940.05915354915354910.07887139887139880.09858924858924850.11830709830709820.138024948024947890.15774279774279760.17746064746064730.197178497178497[190.   0.   0.   0.   0.   0.   0.  84.  16. 110.]

20

baseline bins

[0.673163   0.67392535 0.67468771 0.67545007 0.67621242 0.67697478
 0.67773713 0.67849949 0.67926185 0.6800242  0.68078656]

0.6731629971362230.67392535323430340.67468770933238380.67545006543046420.67621242152854450.67697477762662510.67773713372470550.67849948982278590.67926184592086620.68002420201894660.680786558117027

[ 2.  8.  8. 14. 16. 17. 15.  9.  8.  3.]

clusters in the baseline range

[0. 0. 0. 0. 0. 0. 0. 0. 0. 0.]

10

clusters

[0.         0.05961089 0.11922179 0.17883268 0.23844357 0.29805446
 0.35766536 0.41727625 0.47688714 0.53649804 0.59610893]

0.00.05961089280316560.11922178560633120.17883267840949680.23844357121266240.2980544640158280.35766535681899360.41727624962215920.47688714242532480.53649803522849040.596108928031656[190.   0.   0.   0.   0.   0.   0.   0.  10. 200.]

21

baseline bins

[0.40082801 0.40520261 0.40957721 0.4139518  0.4183264  0.422701
 0.4270756  0.43145019 0.43582479 0.44019939 0.44457399]

0.4008280113627970.40520260880225150.4095772062417060.41395180368116050.418326401120615030.42270099856006950.4270755959995240.43145019343897850.4358247908784330.44019938831788750.444573985757342

[ 5. 11. 11. 13. 13. 21. 11.  8.  5.  2.]

clusters in the baseline range

[4. 2. 6. 4. 3. 6. 8. 6. 4. 7.]

10

clusters

[0.         0.05707511 0.11415021 0.17122532 0.22830042 0.28537553
 0.34245063 0.39952574 0.45660084 0.51367595 0.57075105]

0.00.05707510537812220.11415021075624440.17122531613436660.22830042151248880.2853755268906110.34245063226873320.39952573764685540.45660084302497760.51367594840309980.570751053781222[190.   0.   0.   0.   0.   0.   8.  70.  92.  40.]

