[9.40752688172043],7
13,135,155
[8.384615384615385],10
23,60,177
[7.181286549707603],11
45,12,131
[7.052631578947368],5
46,15,133
[8.511396011396013],10
20,63,179
[9.30295566502463],6
14,127,144
[9.30295566502463],7
14,127,144
[8.560846560846562],10
22,61,188
[8.434782608695652],11
21,59,156
[7.470833333333334],8
25,28,101
[8.5],9
22,63,168
[7.7124999999999995],11
23,27,103
[8.544159544159543],10
21,65,175
[9.298029556650247],8
14,128,142
[9.393103448275863],6
12,133,151
[6.963157894736843],9
47,12,138
[8.42153846153846],9
22,64,167
[7.128947368421052],11
42,16,137
[8.588319088319087],10
22,60,180
[8.247692307692308],11
25,55,171
[8.5],9
22,60,178
[8.216923076923077],11
26,61,171
[9.262096774193548],7
15,135,161
[7.136842105263157],5
44,15,140
[8.481481481481481],9
22,58,183
[8.482905982905983],11
23,63,177
[8.467236467236466],11
20,66,175
[8.576923076923077],7
21,64,180
[7.342105263157894],8
44,14,138
[8.09],9
24,63,159
[7.018421052631579],6
45,15,134
[9.304187192118226],8
15,129,142
[9.3125],7
15,133,172
[7.708333333333332],10
22,28,102
[8.390313390313391],11
22,64,175
[7.757142857142857],10
21,26,96
[7.089473684210526],11
44,14,141
[7.333333333333333],11
24,26,96
[7.100000000000001],9
44,15,141
[7.110526315789475],7
45,13,136
[7.904166666666667],7
22,27,108
[9.350574712643677],6
14,129,149
[9.275862068965518],8
15,132,143
[7.1763157894736835],9
44,14,140
[7.6375],11
26,26,105
[9.34712643678161],8
15,123,153
[8.591168091168091],11
20,64,179
[7.4],11
25,24,101
[7.255263157894737],11
43,13,137
[9.374193548387098],6
14,129,159
[7.354166666666667],11
25,26,103
[8.365942028985508],11
21,63,155
[7.268421052631579],10
45,15,138
[8.34],10
24,61,174
[8.31846153846154],9
23,59,173
[9.236453201970443],8
16,125,146
[9.320689655172416],8
15,131,148
[9.285057471264366],8
16,128,150
[7.6875],8
23,26,106
[7.30952380952381],7
25,27,97
[9.39655172413793],6
13,130,155
[8.427692307692308],10
22,58,175
[7.770833333333332],10
23,24,105
[9.327586206896552],7
13,127,142
[7.2447368421052625],6
43,14,135
[9.305418719211822],7
15,126,146
[7.354166666666667],9
25,26,100
[7.752747252747252],10
21,26,87
[9.258064516129032],6
15,129,166
[8.518518518518519],9
20,67,183
[7.173684210526315],11
43,15,140
[7.543956043956044],11
22,23,89
[7.5458333333333325],8
24,27,104
[9.418390804597701],5
13,127,152
[8.547008547008547],10
21,64,183
[8.321538461538461],9
22,67,167
[9.34712643678161],7
13,130,148
[8.256666666666666],11
24,61,161
[6.842105263157895],8
43,14,133
[9.273399014778326],8
15,129,145
[9.318390804597701],6
15,129,149
[9.34712643678161],6
14,131,146
[8.656923076923077],9
21,56,176
[8.570769230769232],9
20,59,180
[9.282758620689656],8
15,126,151
[7.7250000000000005],7
23,28,107
[9.339901477832512],5
14,121,152
[9.298295454545455],7
15,135,176
[8.468660968660968],9
22,65,181
[7.519047619047618],11
23,27,99
[7.516483516483516],5
21,26,90
[8.415384615384616],11
22,67,170
[7.795238095238095],11
20,25,96
[7.3047619047619055],11
23,25,93
[7.160526315789474],8
46,15,133
[7.176315789473684],10
45,14,139
[7.716666666666666],11
23,27,103
[7.5625],6
26,26,104
[6.970760233918129],10
45,14,129
[9.31264367816092],6
15,127,149
