[6.922794117647059],9
32,28,106
[7.495238095238095],8
26,22,99
[7.290476190476191],7
29,21,98
[7.358333333333334],11
29,29,93
[7.268382352941177],11
29,28,111
[9.244827586206897],9
20,127,144
[7.333333333333334],4
6,7,17
[7.366666666666667],7
26,29,104
[9.211494252873564],5
19,129,144
[7.633333333333333],3
10,14,27
[7.333333333333334],8
26,28,96
[8.544159544159545],11
24,62,175
[9.19425287356322],11
20,126,152
[8.706153846153846],11
21,60,173
[7.349999999999999],6
10,10,29
[8.486153846153847],9
22,61,174
[9.16809116809117],11
19,117,129
[9.16871921182266],7
20,127,142
[7.566666666666666],5
27,23,102
[8.658461538461538],8
21,63,169
[7.205882352941177],11
28,29,108
[7.333333333333334],4
7,8,15
[9.162393162393164],11
20,110,133
[9.22783251231527],5
19,130,136
[7.429166666666666],9
28,25,99
[8.223076923076922],11
25,62,166
[8.971666666666668],8
17,57,169
[9.172413793103448],9
20,125,145
[6.750000000000001],3
8,9,17
[6.0],3
5,7,8
[9.206896551724139],9
19,130,141
[8.871428571428572],11
14,75,114
[6.999999999999999],5
10,12,27
[8.795],11
19,60,170
[8.398461538461538],9
23,57,176
[7.4904761904761905],5
26,25,96
[7.583333333333334],4
6,9,17
[8.351666666666667],10
23,62,164
[7.75],4
8,9,15
[7.271428571428572],7
26,23,94
[9.320689655172414],7
16,128,150
[9.204433497536947],9
20,128,141
[9.25615763546798],7
17,125,140
[9.224137931034484],5
20,128,135
[7.25],6
9,12,25
[8.525],8
22,55,166
[9.214285714285715],5
20,125,135
[9.130952380952383],11
19,101,156
[8.555384615384614],11
22,68,166
[6.333333333333333],4
7,9,12
[7.4375],11
28,28,104
[7.500000000000001],3
7,8,16
[8.85],9
17,69,157
[7.416666666666667],3
7,9,16
[9.132478632478634],7
19,119,128
[8.277777777777777],11
26,64,171
[7.838095238095237],11
24,22,97
[7.3809523809523805],6
26,24,99
[9.211494252873564],9
19,127,146
[7.20952380952381],7
28,23,96
[9.312643678160919],5
19,127,145
[9.355820105820108],3
17,124,138
[7.2],10
28,25,97
[7.554166666666667],8
27,27,101
[9.169950738916256],11
20,123,146
[8.5],11
22,62,176
[7.457142857142856],11
28,24,97
[9.109605911330048],11
19,107,155
[7.323529411764706],8
26,31,104
[7.264705882352941],11
30,27,118
[7.770833333333333],11
26,25,106
[9.13978494623656],7
20,115,167
[7.342857142857143],11
25,25,96
[9.277777777777779],7
20,126,131
[7.47953216374269],5
32,27,123
[7.066666666666667],11
30,27,93
[8.335384615384616],11
25,61,172
[9.285714285714286],7
18,127,135
[7.3786764705882355],11
31,27,110
[9.194581280788178],9
19,125,142
[8.665],11
21,65,161
[7.25],6
9,12,22
[9.200738916256158],9
20,128,140
[7.416666666666667],4
10,7,21
[9.193349753694582],9
20,121,144
[7.470833333333333],11
28,29,101
[9.25],8
18,127,135
[8.37037037037037],11
25,63,175
[7.3375],10
27,26,105
[9.307881773399014],7
17,144,127
[9.136752136752138],7
19,111,136
[9.21264367816092],7
19,130,143
[7.6571428571428575],11
28,22,96
[7.391666666666666],8
27,27,99
[7.320833333333334],9
26,28,103
[7.6],5
25,26,99
[9.194444444444445],9
18,116,139
[9.235449735449736],5
18,123,133
[7.504166666666666],11
28,24,100
[7.1000000000000005],5
10,11,26
