[8.180911680911679],11
25,59,179
[7.68095238095238],9
24,25,97
[7.770833333333334],11
23,25,107
[7.771428571428572],11
23,26,99
[9.264367816091955],9
16,130,153
[7.716666666666668],8
23,27,107
[7.720833333333333],10
25,26,103
[9.291871921182265],9
15,130,137
[9.257575757575758],8
17,133,173
[8.347692307692308],11
23,65,166
[7.642857142857143],6
23,25,100
[7.066666666666667],11
47,15,139
[7.447619047619047],10
24,25,100
[7.833333333333334],9
23,26,107
[7.829166666666667],7
25,28,104
[9.307486631016044],7
16,145,171
[9.405376344086022],6
14,127,161
[8.408831908831909],11
23,64,177
[9.275862068965518],7
16,130,144
[9.264112903225806],6
15,138,159
[9.283908045977013],7
15,131,147
[9.296370967741936],8
14,132,166
[7.857142857142857],8
22,25,98
[7.641666666666666],6
25,28,99
[9.379569892473118],8
14,136,156
[9.357142857142858],6
13,126,141
[9.301724137931034],8
15,122,148
[7.6375],7
23,28,107
[7.2875],8
26,24,102
[9.22159090909091],8
17,131,173
[7.816666666666666],8
22,25,108
[8.615384615384615],10
17,63,180
[8.223333333333333],11
24,60,158
[9.338669950738916],7
14,127,145
[9.25632183908046],8
16,128,151
[8.353276353276353],11
24,56,181
[7.691666666666666],10
25,27,103
[7.192105263157895],7
41,14,137
[7.6000000000000005],11
25,24,101
[7.3428571428571425],7
24,29,94
[9.334975369458128],7
13,131,141
[8.423076923076923],10
19,63,178
[8.45076923076923],11
23,60,175
[7.75],11
21,25,83
[7.223684210526315],10
42,14,135
[8.47076923076923],10
20,65,170
[7.595833333333333],10
25,29,104
[9.339901477832512],6
14,128,145
[7.8625],7
24,23,106
[7.7666666666666675],9
21,26,101
[7.073684210526316],9
43,14,138
[9.256628787878789],7
17,133,173
[7.708333333333334],9
25,27,105
[9.373118279569894],7
12,134,157
[7.95],8
22,24,109
[8.715099715099715],6
19,66,180
[7.819047619047619],8
21,28,93
[7.483333333333333],9
25,28,106
[9.339901477832512],8
14,128,145
[7.242105263157894],11
44,14,141
[6.952631578947369],9
46,13,135
[9.310344827586206],7
14,132,144
[7.1000000000000005],10
44,14,142
[7.6875],11
25,27,108
[9.27816091954023],8
15,131,145
[7.883333333333333],6
25,26,106
[7.18157894736842],11
43,15,137
[8.404558404558403],10
23,59,187
[8.251666666666667],11
23,60,163
[7.504761904761906],10
24,25,95
[7.4833333333333325],10
23,26,102
[7.334210526315788],7
42,14,139
[7.219047619047619],10
44,15,142
[7.9],11
24,28,105
[9.344827586206897],8
15,131,144
[7.795238095238096],6
22,27,100
[7.5],9
25,25,106
[6.900000000000001],3
48,14,138
[9.334677419354838],6
14,140,160
[8.58831908831909],11
21,65,176
[8.438746438746437],9
21,64,177
[8.552706552706551],9
21,65,177
[7.679166666666666],9
23,26,102
[7.570833333333333],11
23,28,102
[8.4],9
22,65,163
[9.24712643678161],7
16,128,147
[8.433048433048432],11
23,69,176
[7.945054945054944],7
21,26,88
[7.683333333333333],8
24,26,105
[9.327586206896552],8
14,132,151
[6.971052631578947],11
44,14,137
[9.334975369458128],6
14,126,145
[7.221052631578947],10
45,14,139
[7.307894736842106],5
42,15,139
[8.016666666666667],11
22,25,104
[9.341133004926109],7
14,125,149
[8.454415954415953],8
23,62,180
[7.147368421052632],10
44,15,137
[7.541666666666667],9
26,28,105
[7.666666666666667],6
25,27,98
