[7.571428571428571],9
22,25,93
[9.39425287356322],8
14,131,152
[8.323076923076924],10
22,61,174
[9.364367816091955],6
13,130,155
[7.542857142857143],5
24,27,95
[8.375384615384615],7
21,65,172
[8.615384615384615],9
20,63,177
[7.576190476190476],6
23,26,99
[7.857142857142857],10
19,25,96
[7.413157894736841],7
40,14,139
[9.346236559139784],7
15,129,161
[8.66809116809117],8
20,63,179
[9.30911330049261],8
15,127,147
[8.55982905982906],9
21,65,178
[8.47076923076923],11
21,59,175
[8.185897435897436],5
18,23,81
[7.608333333333333],10
26,28,101
[7.570833333333333],11
24,26,106
[7.729166666666667],11
24,28,101
[7.917582417582417],9
19,25,95
[7.750000000000002],10
22,26,103
[8.076190476190476],10
19,26,96
[8.436666666666667],10
23,59,161
[8.72923076923077],10
19,59,181
[7.285714285714286],10
23,24,93
[7.508333333333333],5
24,29,103
[7.429166666666667],8
24,29,102
[9.339901477832512],8
15,127,144
[9.418390804597701],6
12,132,148
[7.95054945054945],7
19,24,94
[9.27816091954023],8
16,127,148
[7.6875],8
24,25,107
[7.661904761904762],10
21,24,96
[8.491452991452991],9
21,63,182
[7.400000000000001],8
24,28,98
[9.4],6
14,137,149
[9.267241379310343],6
15,128,142
[8.290598290598291],10
25,60,178
[8.333333333333332],11
22,65,177
[8.446153846153846],10
21,57,173
[8.565527065527066],9
21,61,182
[7.59047619047619],9
24,25,100
[7.389473684210527],10
42,14,143
[8.08068783068783],9
26,59,186
[8.378461538461538],10
20,66,173
[7.408333333333333],8
24,29,101
[9.220443349753694],8
16,124,142
[8.735042735042734],7
20,64,177
[8.585470085470085],10
21,63,177
[8.206552706552706],6
25,63,174
[8.547008547008547],10
20,65,177
[7.642857142857143],7
21,24,95
[8.495384615384614],11
21,63,175
[7.785714285714286],7
23,26,100
[9.349425287356322],6
13,134,145
[7.6],8
25,25,100
[8.457671957671959],11
24,60,188
[8.567692307692308],8
21,61,176
[8.498461538461537],11
21,62,170
[8.378461538461538],10
20,62,177
[8.471509971509972],10
21,65,176
[7.504166666666667],8
23,27,106
[8.507692307692308],9
22,62,171
[8.584615384615384],9
20,64,171
[7.833333333333334],10
23,27,102
[8.555555555555555],9
22,64,177
[8.60968660968661],11
21,62,182
[7.055263157894737],3
45,14,138
[7.754166666666666],10
22,28,101
[9.313793103448274],8
15,128,148
[9.327586206896552],5
13,127,142
[8.346153846153847],11
24,55,175
[8.578461538461537],9
19,62,172
[8.44923076923077],9
20,64,174
[8.033333333333333],7
24,24,100
[9.293103448275861],6
15,124,158
[8.587692307692308],8
21,62,173
[7.978021978021977],6
15,27,91
[7.633333333333333],8
24,29,100
[7.533333333333333],11
26,24,104
[7.520833333333333],10
24,25,104
[7.985714285714286],11
23,22,103
[9.372043010752689],6
14,135,153
[9.344827586206897],7
14,132,144
[7.729166666666666],8
22,28,105
[8.406153846153845],11
21,63,174
[7.616666666666667],11
24,26,101
[8.233333333333334],11
24,56,163
[9.264778325123153],8
15,128,142
[8.42153846153846],10
23,58,172
[8.244615384615384],10
24,52,175
[7.645833333333334],10
23,25,105
[8.463333333333335],10
20,58,163
[8.315384615384614],9
23,58,174
[9.325287356321839],7
15,131,149
[7.666666666666668],10
23,26,101
[9.300492610837438],7
15,131,139
[8.52],10
20,64,173
[8.538461538461538],11
21,63,183
[8.633903133903132],10
21,62,180
