0,0
0.9875942332639696,0.07283374417155739,0.6427960828869774,0.7379206967460928,0.6798303762000132,0.03779981426159365,0.8013667537757494,0.7958029765240675,0.5799266939414518,0.8254339813083962,0.2418595764981702
0.9039133350758196,0.8516526488634114,0.09273280378570187,0.18923400986897887,0.1201280582723882,0.40692333033826683,0.10039090943931323,0.04777280684691687,0.9358919514021405,0.7971473471805578,0.49342260477603855
0.9712721759507981,0.12592805208676455,0.470834631926697,0.5485358561199617,0.46409498120524745,0.06991519168167902,0.6589678714291771,0.6528588851424061,0.6628151080225506,0.8306934568239801,0.2916485732274856
0.9412972725664894,0.18397673657279773,0.28674473067915685,0.34857437509385075,0.2831094831094832,0.17661657592433108,0.4292352628783855,0.42808625336927225,0.792410897473477,0.8039047296396519,0.41243908152687137
0,1
0.9735905526719014,0.1217179782335541,0.4760403530895334,0.5541504745990009,0.46939513477975026,0.06814440859538948,0.6788961967400629,0.673454281567489,0.6562490136043707,0.8339286567528563,0.28010028603047
0.9032592004505724,0.8436608081171442,0.09048847466089704,0.187918693604808,0.11971596743170354,0.4155363299186374,0.09763553676900738,0.04813715161383064,0.9363133710624514,0.7965621420075025,0.4960990617738373
0.9428657650637418,0.17983900452545035,0.3086458567258028,0.3716340347091695,0.3014869453225618,0.16170213212662587,0.44301573560116103,0.43768415611269057,0.7820139431481578,0.8047746007238762,0.4052491582113461
0.9875882558675644,0.07395341176436868,0.6466854335706795,0.7414988275757843,0.6825424232831641,0.03748909000773715,0.8021228392975605,0.7983355568261228,0.5800089874258954,0.8248661568004753,0.24568777182839777
0,2
0.9033270594419064,0.8465908850139021,0.09211719567492144,0.18873877614000117,0.12015821058374249,0.41169048335938463,0.09853278494028306,0.04735046166198292,0.9361863099031797,0.7968946172522058,0.49522161293618616
0.987127645645275,0.07558864335075458,0.642601092896175,0.7357148604099557,0.6787939221272554,0.03801522427710226,0.7976332094175961,0.7918993710691822,0.5821498427027785,0.8253756538401751,0.2436503462459353
0.9429165255411195,0.18188450603892323,0.3128926493918561,0.3708580091543047,0.3050087308151825,0.16235443989228632,0.4383019546708239,0.4342544126597686,0.7802010668855174,0.803998807280083,0.40078927651983415
0.9737738043537213,0.12291948682731571,0.46118517573515344,0.5444976423642509,0.4610950369705234,0.07102563791641338,0.6830167937164595,0.6787313706776301,0.6579711452334253,0.8357808154941245,0.27775934849342226
0,3
0.9036042992631885,0.8458417963603444,0.09220888964002033,0.1890704739935241,0.12062736805004853,0.41045032385691516,0.09947112252328211,0.04827854503014983,0.935794389755871,0.7967800829059796,0.4938826184153799
0.9737857607149748,0.1239574973139668,0.46334174022698615,0.5442720611629778,0.4642340565417489,0.07127478759107442,0.6827137546468401,0.6774310595065312,0.6591545405763728,0.8348833463583845,0.2802512628824051
0.9415729989250246,0.18153781966509458,0.31836508639787325,0.37549035793272934,0.3096558096558097,0.15962544426003605,0.4352205365216517,0.42878633350331463,0.7785606056405219,0.8030811900526753,0.40748731856313547
0.9873426819468621,0.07378900462123275,0.6422708768841455,0.7370853053867201,0.6789422359892161,0.03782329559208453,0.7983957486090667,0.7922122324933519,0.581431262444475,0.8249393487859267,0.2453878906979072
0,4
0.9733079176575103,0.12386341168869097,0.4685396070579402,0.5497632465687965,0.4671820969530894,0.0694464810384862,0.676480603876387,0.6675500504104853,0.6583897029572734,0.8329897528009425,0.2828751635493668
0.9037989627900487,0.8457203171014231,0.09236388346215924,0.18902651945557708,0.12011573151469501,0.40980269639698635,0.09962054818267596,0.047746602795972704,0.9358539867883116,0.796904198074075,0.49318937344495384
0.9871994237545976,0.07382348094876379,0.645298536103953,0.7392031584254815,0.6801494059019143,0.03772221221721664,0.7999278885007024,0.7963021392061589,0.5808911321145731,0.8243848014901658,0.24748095148071242
0.9436870439768823,0.1849524935821959,0.2906130698405569,0.3535181778064983,0.28794442493072636,0.17267952945688367,0.4447726231094363,0.4431119152235719,0.7874284714532265,0.8056993631016147,0.39900388267992626
0,5
0.9872627534995546,0.0742066146689688,0.6486971527178603,0.74159139857621,0.6841005648023193,0.03748397892657465,0.7985521424378792,0.7936312479311488,0.5811506093917619,0.8242956910199734,0.24662624127912203
0.9038013263606868,0.8427724764967064,0.09260655737704893,0.18902410246884582,0.12054131054131045,0.4108283309492182,0.10070631970260246,0.04966037735849049,0.9352346635207249,0.7968535297329804,0.49461766973836263
0.944279264453412,0.17655326181214331,0.31590268351258216,0.37721162460706364,0.3066942493694087,0.15630021365922164,0.45367366751118793,0.4496574930897729,0.7765303482144981,0.8048228759097424,0.400579313621256
0.9745233488470476,0.11910004473940938,0.4745965179819545,0.5561697427450558,0.47446940082599004,0.06788346628140632,0.6815797815624911,0.6763931548924967,0.6540634055723636,0.8342592646730792,0.2765172465607906
0,6
0.9874780211339451,0.07217393870442823,0.6509519700891573,0.7446064176643291,0.68722946968561,0.03714303255840634,0.8004956629491946,0.7983978814961935,0.5793236939291206,0.823879731822475,0.2455787022744393
0.9035601036693927,0.8412521157012529,0.09172171927249007,0.18845146475316438,0.12057943898739909,0.41391133633965665,0.09887366143261417,0.04915047404487005,0.9354930823927169,0.796564343267749,0.4947373526686674
0.9432256902120084,0.17974040053504065,0.313370236321056,0.3750674497221096,0.3081178081178082,0.159696254241314,0.4443827547916767,0.4382259250183778,0.7788270920708368,0.8038988695171496,0.4023046619824607
0.9740738328385763,0.1209829334852594,0.4730138713745271,0.5544031278302889,0.4709840017532326,0.06829251518890837,0.6856877323420074,0.6779100145137881,0.6552636043685511,0.8343276553907877,0.27931057800628495
0,7
0.9746022269678893,0.1201983949424788,0.47573649506986876,0.5571788235670581,0.4718516415933391,0.06764762881101784,0.6839874346698857,0.6765299728468983,0.6544760056751183,0.8334788848552975,0.27853564216654897
0.9035201502717866,0.845575818243067,0.09170442375813487,0.18841112133103166,0.12047416570029634,0.4128189866261931,0.09876520147204426,0.047520621977813815,0.936074504652935,0.7966072482025527,0.49480753034475083
0.9877921525354776,0.07164152776228944,0.6489129171026624,0.7428837991051866,0.6899133175728924,0.03729215082679514,0.8045690632497561,0.7997056068513315,0.5779228763419756,0.8251854766725436,0.24391168297322055
0.9433629306397032,0.17742917790598775,0.3025033229951263,0.3652370207595629,0.2975860475860476,0.16615972580836685,0.4423791821561338,0.44191738908720035,0.7841438715079487,0.8037609648692854,0.4052275296971998
0,8
0.9736122648956146,0.12472171569895163,0.4364684634620728,0.5276454771512544,0.4448911101453475,0.07593332256729353,0.6877323420074349,0.6827790214262872,0.6625272546128562,0.8393442459526914,0.27909298931564924
0.903331723228776,0.8444096202753907,0.09226001141831808,0.1887037506336724,0.12060778727445393,0.41276871492135714,0.09852225859549846,0.0482680934947905,0.9357194331992096,0.7965797440096403,0.49514945180812187
0.9862032665269299,0.07819505515639705,0.6445414403897887,0.7355116532879438,0.6725763629788399,0.03805594772366584,0.786354690575115,0.7798586366026051,0.5848290226398766,0.8228684708572074,0.24973763950385897
0.9396503851425639,0.17449332707170562,0.3194613583138174,0.3763889310244454,0.31188441188441185,0.16116249324906215,0.4150823154540627,0.40784366576819403,0.7832650653613953,0.7996150514441782,0.4160204853678794
0,9
0.9425226121571999,0.181214760767422,0.30455609963806685,0.3676602034876874,0.29925629925629926,0.1648389926207439,0.44049630666731043,0.43575104141141874,0.783185961555886,0.8043443118594709,0.40655550425373704
0.9872119211282341,0.07481234323736524,0.6471626733921814,0.7392952924256633,0.6781389055636549,0.037696625412250814,0.7980380698984223,0.793512967754149,0.5812693933958515,0.8248985582908641,0.24374914645091877
0.9744934137099746,0.11981216940925621,0.4637149864463664,0.5447536378877759,0.46420799964107057,0.07048790819253248,0.6856833416269064,0.6789927202495915,0.6571741750377244,0.8356458529571115,0.2770331290772955
0.9038716864944936,0.8485059243586273,0.09209207508706385,0.18916391088413914,0.1202633482426228,0.4087659769674375,0.10041027023903554,0.048646006452243706,0.9355151368900461,0.7970560575550779,0.49279982026261493
1,0
0.973941797435264,0.12230115340524222,0.4610898723514547,0.5433145028059393,0.46323885454320246,0.07105795136001573,0.685351984366046,0.6799313893653517,0.6587225351587294,0.8353706405824404,0.27860635696429836
0.9040356409159686,0.8450136084381625,0.09313841473719786,0.1893926876814897,0.12070079595852778,0.40831916996984213,0.10182807649561204,0.050204240420151924,0.935149266674848,0.7970132523116046,0.49294597730303136
0.9423326564372783,0.18127568280902723,0.3142888790429775,0.3752227936129695,0.304881804881805,0.15935852578848386,0.44333366824073145,0.43551759306476284,0.7788420216482409,0.8034711709603356,0.40803003517576186
0.9874629440616033,0.07286322606376822,0.6506100510615425,0.7439685609791762,0.6817336882910654,0.03705982509417813,0.797720762995917,0.7926384163315805,0.5796479479607435,0.8233505672763138,0.24618853738248525
1,1
0.9440041572139437,0.17801331679327598,0.3077252759027108,0.36840884911400557,0.30193843919334107,0.1648201462390753,0.4414315912238502,0.4359353804414847,0.7819388458433596,0.8047899568271383,0.4008951863607666
0.9873774874966829,0.0735584594757202,0.6482567536365738,0.7412899050234446,0.6832691304522291,0.03752620068012037,0.8015733808052776,0.7966117459473824,0.5803079143717473,0.8246900204803321,0.24503851144962777
0.9035557109076636,0.8461435252916163,0.09271674414811171,0.18907163718287778,0.12069283213561838,0.41035117657853576,0.09937302335904113,0.04843705998310338,0.9359143960133705,0.7966887014666965,0.49466227373702987
0.9746192782859109,0.12082301630165382,0.4715429858590915,0.5538457090089373,0.4699549814053632,0.06797798840493341,0.6847384999574335,0.6777329684574391,0.6540233737513608,0.8351360034581488,0.2781989266619583
1,2
0.974278416797452,0.12228533047625509,0.46454368444193206,0.5498934490027154,0.46681075416707607,0.06951691723362798,0.6846842997336525,0.6788259958071279,0.6551101159172862,0.83568599030802,0.2780861929823147
0.9037987202946451,0.8454629709712534,0.0925699371992495,0.18915457544778214,0.12050856826976253,0.4095146394318384,0.10077863470750337,0.04913169999061312,0.9355231944504014,0.7969731341732653,0.4939155946242634
0.9429411443230886,0.17923539273339406,0.3100451094729894,0.37194409570181497,0.3047477007208551,0.1609358188474918,0.43419575359896206,0.4295048752690895,0.7837752985985104,0.8040062801643392,0.4071682092593702
0.9875582100737402,0.07182115760464244,0.6518350445289014,0.7430361472547122,0.686708268023147,0.03742346053995073,0.801301758402902,0.7958999804139191,0.5807444486882607,0.8241959889628352,0.2436161243286833
1,3
0.9873776161497463,0.0748551466335503,0.647529438928654,0.7426703282134035,0.6856867701938124,0.037331921692616066,0.8021231478087857,0.7976614403401541,0.5795677842186497,0.8244752491735291,0.24409589900100495
0.9034037238743178,0.8441878910515517,0.0915523586483773,0.18828780538859463,0.1201523344380489,0.4141050680515385,0.09839921098550941,0.04834424335772036,0.9358759096580801,0.7965754066671245,0.49537512868819655
0.94209719330862,0.18016267970414768,0.31279949558638076,0.3737844667888228,0.3044780480677918,0.16092538702569864,0.4398770374606806,0.432825350749879,0.7796711093925932,0.80368258379241,0.40696743554223513
0.9740469159807998,0.12000588698285025,0.47401887729756587,0.5542825687842163,0.4726107226107227,0.06822869739078741,0.6821702151627802,0.6764579759862778,0.6550681336342519,0.8343681505620463,0.27872110842771547
1,4
0.9874332935074581,0.0738607972318274,0.6434093929995569,0.7395506180855638,0.6814410564410563,0.037618029225199495,0.8020069325831407,0.7980367159612443,0.5805040396366841,0.8250103944905215,0.24711655450086978
0.9032020139089901,0.8433861643045646,0.0921277322404373,0.1881275516390289,0.1199845679012343,0.4151766613236946,0.09802896530359351,0.04732704402515692,0.9358321899364,0.7965456866931242,0.4961820706299852
0.9439440409703304,0.17831127166278127,0.30761198705231285,0.3689679442141438,0.30291977425735395,0.16342164537775639,0.4527975753557644,0.4490566037735848,0.7810692508540075,0.8050027530633604,0.3993859865647692
0.9747940669675536,0.11894950703197418,0.48135004821600774,0.5602987666177522,0.47329199486062234,0.06684247010339851,0.6809096872949923,0.673621901590825,0.6532869487557046,0.8324702565588964,0.27739211857801976
1,5
0.9036747260572935,0.8494588496369657,0.09226928517932931,0.1886672388583927,0.11970150548830744,0.4102944753710893,0.0990319476157232,0.04714107844076232,0.9360217584656203,0.7969979269477877,0.4945433741099938
0.9693942001164456,0.13378311191669984,0.45715978668773455,0.5327736748360657,0.44756804997768856,0.0744790749798007,0.6488108568101403,0.6419186178676971,0.6706512138006293,0.8294921267312172,0.2969628815667977
0.9870443813539811,0.07452852360991705,0.6343175982619,0.7278139786408228,0.6690436961521301,0.03895646702473529,0.7978008689031217,0.7925323937258467,0.5831622550934161,0.8268029508621549,0.2424955574668416
0.9405099702816564,0.18346713142575877,0.27809728567589354,0.33680581360030787,0.27357433095138023,0.18506252858006686,0.4162045219087086,0.4165790287658521,0.8010003733426638,0.8019570728435089,0.41858197577272205
1,6
0.9738356841432946,0.12263712816600897,0.46375947644657556,0.5458629063701664,0.4658964224181616,0.07006274153299265,0.6834859015237228,0.6780222238794839,0.6572806664709596,0.8362763021672397,0.2790766641849831
0.9035811024683824,0.8466440658232612,0.09062985332182927,0.18843021976323948,0.11983805668016195,0.41198165665517605,0.09745646644492284,0.046713008937437794,0.9363775025376352,0.7968922891584969,0.4933870954384694
0.9870665816450382,0.0754750687544295,0.6464010422321136,0.7395577311714692,0.6782419199637741,0.03755966490215089,0.7956744380708536,0.7905410471073347,0.5818634557742548,0.8239994169856347,0.2478771465942547
0.9451735545111536,0.18142855979267053,0.31246959280803815,0.37314744415867973,0.3066997518610423,0.16027927105409742,0.45101331094855496,0.44735240413877053,0.7767442783962326,0.8045222732615214,0.39497455378787666
1,7
0.9033463848545072,0.8434144361254187,0.09138293400588454,0.18853925823280732,0.12057856673241285,0.41369110777509666,0.09796968830426067,0.04816642477019856,0.935762496975056,0.7965760797997443,0.4945434381832297
0.9874484382529295,0.07318982389139286,0.644440609721024,0.7410579815698994,0.6844004598390567,0.03752847941863442,0.8005739255201201,0.7980668652763985,0.5798853925951539,0.8250260129048348,0.24572536111873253
0.9742291188184956,0.12073138037626638,0.47291356184798805,0.5536778661346159,0.47165026331693005,0.06837630158744896,0.6789596710600427,0.6731703830760434,0.6563782314320908,0.8345744833200189,0.2777214925383873
0.942365894992634,0.17927145161601707,0.3060739806641446,0.3669416885414791,0.29985754985754987,0.1637477632547623,0.44314174053951005,0.4405176584421867,0.7830074282167043,0.8041647189029948,0.40484872689408996
1,8
0.974126772681062,0.12098266724067516,0.4725941684394944,0.5566614905740063,0.47007459602879453,0.06753169806964686,0.6832628621697552,0.6760622209419558,0.6538753692282173,0.83441809605686,0.27728493422239425
0.9038237040442851,0.8503966380403658,0.0919714165615807,0.1894084232604611,0.12066622835853613,0.40762104623349127,0.10029549137355859,0.048166424770198224,0.9360094904411712,0.7968978210629668,0.49260490870063567
0.9874244120083638,0.07343373267787306,0.6480158281514978,0.7416047587209423,0.6863247863247863,0.03746009837116798,0.8030637097807974,0.7975666883539361,0.5795703451105815,0.824792887687675,0.24473552541855292
0.942664030656454,0.17739815595843975,0.3025608057430622,0.3663643663379557,0.29828873619723295,0.16449024349360328,0.4441285808003499,0.44247132815390305,0.7833844247588267,0.8050426854519458,0.40374906183066755
1,9
0.9723776221596179,0.12570840722880497,0.4544967670302397,0.5343488713520481,0.45279849263913013,0.07463845445845109,0.6755283697922065,0.669262572352101,0.6655260370091262,0.8341704789673061,0.28652730178390834
0.9034268103291216,0.8435516080685062,0.09172048352376189,0.18841767062658182,0.1202768424990649,0.4133525146220557,0.09898238894521422,0.04800838574423483,0.9357586430575787,0.7967306283569623,0.49596668700925284
0.98684633731032,0.0763416632477078,0.6355506515342582,0.7294300790531354,0.6709949594564978,0.03876520200789643,0.7927032694690685,0.7871673923560716,0.5835807542375574,0.8257434984281871,0.24452135532268315
0.9393347913910209,0.18357664903003382,0.31416440617997404,0.3721662974616055,0.3054172046977803,0.1644166428377682,0.4171324650316921,0.41376408307316415,0.7830785433204548,0.8010234004853354,0.4147426844567965
2,0
0.9743678508309717,0.1196590074681814,0.474968474148802,0.5549989426741436,0.4687157571772957,0.06820723722992035,0.682656562768087,0.6765747460087081,0.6555206590701073,0.8340229101687612,0.27830261800114364
0.9037567120246155,0.843211223876364,0.0930076948812309,0.18929337833087445,0.12109715681144251,0.4099930561782288,0.10048554737880311,0.04980747015787451,0.9350704069071233,0.7967515581740393,0.49388186992528005
0.9871713036487799,0.07439199915705222,0.6480389414200189,0.7410549753811964,0.6853067296753306,0.03757361143900924,0.8008551454635423,0.796097623800631,0.5804276295058705,0.824615976297949,0.24644881191104384
0.9443773889136102,0.1778813609069937,0.3151883617413962,0.3751765594399763,0.30705081036206866,0.15835736620479796,0.44902631773308066,0.4459077845807821,0.7777390913265984,0.8046877254594295,0.39470963581737795
2,1
0.9728550617860119,0.1275832489153783,0.45474647350362185,0.5374827466580924,0.4554650058526028,0.07260055856408164,0.6786259761966513,0.671420213543952,0.661595063825458,0.8350841496416831,0.28335818719610406
0.9029454391552205,0.8456447331996184,0.09140428484690799,0.1879355820874573,0.11982393463874924,0.4157937751352484,0.09736236502035761,0.04612159329140497,0.9363467312790277,0.7966454604565938,0.4966173721581798
0.9868641600267498,0.07584230400569017,0.6471521647751157,0.7381877560601389,0.6770947476075682,0.03783112344213803,0.7923458202268612,0.7864296081277213,0.5822502709300019,0.823297443966136,0.24749322180283423
0.940865329906473,0.182944437271992,0.3113358911754447,0.3691318408831823,0.3042775454122972,0.1654858413280897,0.4229481399456879,0.41801150809581156,0.7835464339657258,0.8009852159667001,0.41329759177277586
2,2
0.9869858434671597,0.07459193025746011,0.6383743608665859,0.730664878927027,0.671723417704125,0.038643032278857986,0.796829988405312,0.7920281502153732,0.5830242034972646,0.8256614525683945,0.24577145163252798
0.9036794689990827,0.8436075379125156,0.09230894706793874,0.1888428574784089,0.1199557766721947,0.4111962284215989,0.1006121807320276,0.04877499295972959,0.9355117110385729,0.7968946289145401,0.49417299640926715
0.9404676284041568,0.18145395332305178,0.3101187111362352,0.36735670291562506,0.3028195304057373,0.16635596833237615,0.42386873477759257,0.42074170461938837,0.784664228205965,0.8017009870505895,0.4095169015025684
0.9727310980175891,0.1266735856381375,0.4474532820616609,0.5304336851155104,0.4516900566283283,0.07538560011369741,0.6759221013661328,0.6693221523410202,0.6645402412397373,0.8356600805760107,0.28319982136706107
2,3
0.9040093930594868,0.8465573787655254,0.09186918197545102,0.18888915447309307,0.12000171799166764,0.4091343480455306,0.1001102165100598,0.04899971555892668,0.9357121058719972,0.7971234783306295,0.4939369462688995
0.9875416810336147,0.07323314637612491,0.6471339739966083,0.7433595718538237,0.6869731800766287,0.03718312117058867,0.8030124343032945,0.7992582953806115,0.5790186846461891,0.8253708925108172,0.24389090541982955
0.9424030016119513,0.17891447409357897,0.30435720448662645,0.3668811787977926,0.299351476983056,0.16576130796491584,0.4395666210135003,0.43634558093346565,0.7837073191801851,0.8041157158856874,0.4094189624625485
0.973990781981117,0.12182968280496778,0.4728273941388696,0.5521684548381015,0.4692274692274693,0.06863568526999607,0.6840435762368847,0.6792598528447584,0.6551307227856284,0.8345930255662632,0.27717655807140673
2,4
0.971928466507326,0.1248698753133034,0.4687776600386462,0.5494439301044911,0.4644957914919893,0.06949866762808274,0.6632931431721486,0.6581964272903364,0.6611478068622072,0.8316845164075577,0.2883800661357214
0.9030940438836288,0.8452151671951589,0.09087631962921622,0.1878781018183513,0.12000119329962267,0.4156298129209758,0.09733548726133212,0.046033784451249615,0.9363332953786223,0.7964941462106303,0.4966232701825235
0.9877057775299486,0.07232946146754468,0.6376192006857387,0.7333467468234875,0.676135411429529,0.038240586585780376,0.8022693587968025,0.797669256381798,0.5806399703911127,0.8261164995746879,0.2443071079627198
0.9432881519086158,0.19000044952424058,0.2858548009367682,0.35074538084771834,0.28225478225478223,0.17285000875797338,0.44330855018587356,0.43973045822102425,0.7876707309924404,0.8066008500459495,0.398055235666999
2,5
0.9740760353105369,0.12159921867187046,0.4729040703110391,0.5550062250342435,0.47180787104741484,0.06811467334063455,0.6793079565211246,0.6736207762393283,0.6556930465213905,0.834135799224781,0.27942905078134617
0.9037851372027578,0.8460092730346145,0.09224369953511136,0.18930073232024514,0.12070700627914549,0.40909100151637856,0.09990937505779673,0.04883131512250061,0.9354616944003848,0.7968549114883231,0.4938594908562652
0.9873799071439155,0.07348301994892456,0.6503512880562063,0.7419457090857167,0.6879629629629631,0.037543242493687026,0.8009426447158792,0.7955795148247977,0.580568907907851,0.8248025672584629,0.24449402445701146
0.9430935318179755,0.1797295173333494,0.3096889449348465,0.37124462259723434,0.30159251954123756,0.16312389800179725,0.4418549232675626,0.43826802128688913,0.7817313610681504,0.8044485953276197,0.40475690133922687
2,6
0.9747940035994004,0.11718049336799763,0.46773443879153315,0.5523621703329826,0.4695178526596152,0.06836430138188629,0.6875186941845064,0.6804886864743728,0.6540878018793934,0.8360921162635155,0.27635070227162023
0.9036895995433138,0.8488751801656429,0.09180327868852456,0.18893425465551028,0.12014488396397949,0.410161952092125,0.09839158618370675,0.047975727695079295,0.9362956555448585,0.7967431624402026,0.49379722337643195
0.9873138866142525,0.07440071796341186,0.6535979292493532,0.7468386787305212,0.6850802219223273,0.036912866871377875,0.798969542816148,0.7926646805693476,0.5790429345830741,0.8228584030742561,0.24639842391452466
0.9419867406823018,0.1746993993894519,0.3108196721311476,0.3715647629268377,0.3057255766933186,0.16259092871715933,0.44329056241755593,0.44004869141813746,0.7822071028631208,0.802898732594068,0.40860247781082637
2,7
0.974525699282811,0.11811273354350599,0.48436746056294466,0.5645181967660003,0.4820082782346934,0.06558146058209673,0.6819807813705548,0.6744606621573513,0.651297992428057,0.8331557066547751,0.27849313676815346
0.9033411419882393,0.8437348139039593,0.09209509913312175,0.18850299120249575,0.12050834563923585,0.4138635929593537,0.09910663889916083,0.04885903388323598,0.9358593090380227,0.7965441905163296,0.49487221781126955
0.9429929833292906,0.17747835038565,0.30701390329943967,0.3667802154570028,0.3003173572793827,0.16481167539476932,0.44814361677097536,0.44506806782899444,0.7834904790596474,0.8045995489591631,0.4039787706699346
0.987640062730522,0.07367738806075841,0.6501318353777372,0.7460983118576137,0.6880640726794574,0.03696131445952626,0.8030909610835262,0.7995645863570391,0.5790251756860308,0.8242488074401518,0.24478488663625264
2,8
0.9037789851267838,0.844451183789769,0.09297423887587813,0.18913793600945206,0.12085004942147809,0.41000582822277787,0.1001062134891128,0.049056603773584784,0.9354514374481867,0.7968042949973281,0.49382023964313115
0.9743841359849722,0.12170894550457301,0.47641866330390925,0.5563545324453611,0.47195923734385276,0.06775726827581331,0.6835430368887618,0.6760377358490566,0.6544188551497765,0.8341645040070496,0.27541911555173015
0.945094349470041,0.1784428544062514,0.3084987057808455,0.3723326861040961,0.3030626780626781,0.1589271717853436,0.45688221483075714,0.4515392254220456,0.7780428643932384,0.8050449043423559,0.40069776283657804
0.9874671150581321,0.07327674144021235,0.6448237143498765,0.7392671254534966,0.6835850602973891,0.03764262699611312,0.8008860823954778,0.7962522615662961,0.5806331541138066,0.825244569340014,0.24482816211615127
2,9
0.9736831650782499,0.1259383928924674,0.4368252698920432,0.52371690818859,0.44453709494359905,0.07705711949067988,0.6882461389669658,0.682712072403743,0.6649748457886734,0.8384919929742791,0.2793985920519091
0.9036311393062681,0.8498768683583393,0.09140180662428904,0.18865340068966358,0.11954183382754807,0.40996360227957523,0.09868371140277671,0.04670773969965325,0.9364746719368939,0.7970716839094322,0.49329429481663484
0.9864189727547691,0.0771444107723527,0.643031510137378,0.7340270830261179,0.6682021105697119,0.03819219308975898,0.7865985709157027,0.7811438311879151,0.5856832042869744,0.822951703409477,0.24658972721813993
0.9398280590928304,0.1810125141784455,0.31382074907263374,0.371844101404572,0.3062574084471895,0.16327483426174597,0.40919328141535294,0.4050406280126703,0.7850653999023594,0.800910696377869,0.41961536414203515
3,0
0.9030268466114285,0.8461783615991272,0.09062024674666208,0.1880170837753199,0.12021617176256355,0.41517130603504127,0.09596443490591322,0.046352849640147686,0.9367663046926913,0.7964937074329783,0.4966005384454628
0.9742121949866922,0.12140498318689577,0.47080706179066845,0.5514720987595628,0.4696800350646505,0.06854486131524551,0.6851587074635402,0.6793904208998547,0.6542403175404837,0.8356211829952098,0.2779422109651407
0.9428799008170764,0.17966019459938742,0.3121311475409837,0.37300949941386097,0.3047330208620532,0.1610778946396965,0.442475116920494,0.4364455264759585,0.7810799899400397,0.8037646363062739,0.4012620562052039
0.9875121657667483,0.07312732995885785,0.6497774773252212,0.7424803601671061,0.683378858636591,0.037293009486951745,0.7979279244752744,0.7928288919146725,0.5803527236884982,0.8238414081558864,0.24465543384423183
3,1
0.9875012574408182,0.07345450147785959,0.6449959876189386,0.7387787853515675,0.6838602992449149,0.03764466350039061,0.8012582213325707,0.7964507190922283,0.5801084174340245,0.8244434610143048,0.24315852837922666
0.9035235517205606,0.846016096407765,0.09215101838052653,0.18894399797406974,0.1211113988891766,0.41098271981075685,0.09828770981187357,0.04804650276348371,0.9358247016741094,0.7967259396056147,0.4951215337787379
0.9745921524727819,0.11993615392109905,0.47363177805800755,0.5555942360172827,0.470052596975674,0.06789299581076931,0.6854160709179296,0.6802467343976778,0.6539258546131772,0.8352445997128186,0.27743545700991595
0.941845269414548,0.17935977299137668,0.31200084068936523,0.37352167796423685,0.30537292716779907,0.1601644679100743,0.4418787532170431,0.4361393323657474,0.7800354181791425,0.8033492084053484,0.40729263929831394
3,2
0.986305571141729,0.07767588704767447,0.6459631147540984,0.7371645239725546,0.6747150997150997,0.03794558470419947,0.7880343866171005,0.7822287735849058,0.5835187346122299,0.8230257923186549,0.24980160968070506
0.9038282806766258,0.8408771717473704,0.09251893151368912,0.18892455552135917,0.12046798848829321,0.4116692530597149,0.10144736097220419,0.05024422947993468,0.9349870544836505,0.7967544366938644,0.49367934027551086
0.973473140484905,0.12519014121467217,0.4325972090502642,0.5214022645889816,0.44372630736267105,0.0782515725447908,0.6907431871946911,0.6874317791985031,0.6656754341640774,0.8380866929200497,0.2816351727734418
0.939594284084563,0.18071965566585985,0.3163585629577956,0.37147009646982865,0.30676284576993795,0.1633034521840015,0.4164359724748873,0.40893884651411744,0.7836577497620923,0.8002913377944698,0.41824157157067093
3,3
0.9429875088570593,0.1762578041631359,0.31283433994823123,0.374061250486166,0.3041685410106464,0.16080760326534124,0.45135492075914696,0.4477904667328699,0.7798981707448785,0.8044311069774864,0.4037904533555933
0.9035035607462042,0.8516172591143139,0.09200401472064235,0.1890159481769949,0.12069015640444214,0.40974491359842186,0.09944237918215604,0.04768964189449354,0.9360525549982023,0.7968990641859967,0.4941675855931384
0.9874137114864912,0.0732593520351913,0.6509916313195001,0.745496650197396,0.6884027653258422,0.03707894231037173,0.80280500168976,0.7989972291859084,0.5787497022878657,0.8249385676174402,0.244085689483852
0.9740068191164712,0.12155975771093935,0.47916923456181437,0.5601398964401196,0.4736520789152369,0.06682170456282735,0.6814154344970232,0.6738402610299333,0.6518977480632254,0.8331626672875759,0.2779943879405791
3,4
0.9739507971250485,0.12186575364372465,0.4666792286916651,0.5472810867546177,0.4672801301153792,0.0704104220666479,0.6804398296514691,0.6748499963854551,0.6578592799073061,0.8343124188809697,0.2780034511100566
0.9038664274777337,0.8440076465645128,0.09209058644583396,0.18903517983306645,0.12046582665139371,0.4099952045581187,0.10025677384739184,0.048336899435907243,0.9355720338086824,0.7969559439641034,0.49336200798417146
0.9873164098783125,0.07356825814878912,0.6477132536815784,0.7425262822289249,0.6839538364962094,0.037354333749543334,0.8011845504379057,0.7962647905340579,0.5805456834257199,0.8245918764841182,0.24449321981193073
0.9422685312216164,0.17816868914531137,0.30979234972677594,0.36952455461716727,0.30425451092117767,0.16404056401348727,0.4347211895910781,0.43049056603773583,0.7826340445903457,0.8035642959627315,0.40783148672671216
3,5
0.9423455935431225,0.1859942840110965,0.2979250257938782,0.3604621589548218,0.29320821628513927,0.1686860192020098,0.43720591675982007,0.4334081013326296,0.7849811759844612,0.8056843211537531,0.4035255950800634
0.9034379181776075,0.8497453667513617,0.09125125460020067,0.188588825432064,0.11986161986161992,0.4105983598609567,0.09726120931644061,0.04628417404697721,0.9366089223953866,0.7967572888616519,0.49500777026096743
0.9725726349508158,0.12574715840531184,0.473399912065825,0.5514303568870516,0.4660357380663895,0.06902986681448961,0.6687604153313678,0.6620255909780958,0.658843664954558,0.832255591343795,0.28449660948809263
0.9876796818487901,0.07235844179517201,0.6399234972677597,0.7354629614822524,0.6814245014245016,0.03807661523790057,0.8040396530359355,0.7996603773584905,0.5801803788811399,0.8256657780969684,0.24486037336627967
3,6
0.9032217151723713,0.8456385917209222,0.09175385122333002,0.18823811635778365,0.11993013500551192,0.4141979181695745,0.09820477853953796,0.04746373376315555,0.9359134098890045,0.7965519680252013,0.4961877657620867
0.9746009472750472,0.12080729732933154,0.47193015514100867,0.553464839012737,0.46713822575891545,0.06833968705848356,0.6844136791579426,0.6784789994939636,0.6559561485841698,0.8355080882961579,0.276813477829891
0.9435956351094216,0.1760415306398408,0.31676361713379164,0.37542829146559564,0.3098979873173422,0.1585836379397291,0.4438661710037175,0.4409251369446135,0.7778756932770352,0.8038311206888885,0.4008544205566602
0.9873932527138749,0.0738367923384391,0.6446246764452113,0.7407906824409689,0.6857899735092718,0.037541251463183364,0.8030783277897344,0.7982389937106915,0.5802856546372104,0.8239884453183969,0.24546704873031785
3,7
0.9422775764224078,0.18035701014723327,0.2927240062878958,0.35840543251373636,0.2896811458455295,0.1691053690176093,0.44293934918775785,0.4406306539157404,0.7866963226738493,0.8061082266439579,0.4061299205349998
0.9874120699477893,0.0738596796118271,0.644706398377104,0.7365529958800205,0.6775195571182194,0.03800584558111171,0.8000522186719053,0.7965293115416168,0.5813073052975124,0.825888889875843,0.24521061669761723
0.9039642236846945,0.8456778258444836,0.09267418032786878,0.189252940398758,0.119747150997151,0.40869471567300153,0.10093324039653029,0.04964622641509414,0.9355060012310243,0.7971001768733443,0.4921806350062168
0.9728209468073503,0.12196097598833977,0.4706227014897464,0.549416568050456,0.4670414784483226,0.06968961697852463,0.6690460372878001,0.660879546595882,0.6603552098431834,0.831652969360556,0.2861083547285103
3,8
0.9042076545467498,0.8451085971456017,0.09242622950819657,0.18942903322445664,0.12084045584045566,0.4078330949218353,0.10120817843866198,0.049886792452830175,0.9351679831760389,0.7970728478394375,0.49170176781613795
0.9875283305573347,0.07298558824788903,0.6449615957812679,0.7420825996730627,0.6848863387324928,0.03740221794145364,0.8001403800660307,0.7944847605224963,0.5800440327009897,0.8252044875352327,0.24600295177328008
0.944948739525097,0.17774203439482422,0.31101639344262294,0.37096798856486624,0.3050522317188984,0.16286119341984262,0.44641883519206943,0.4426415094339622,0.781822596088089,0.8030824396634224,0.4002019116041367
0.9747319694529226,0.12041430902627748,0.47195727769498264,0.5554371954733966,0.47070059570059575,0.06768336979171506,0.6854511659344372,0.6786449399656946,0.6542167546412028,0.8355836195569815,0.2759944111113693
3,9
0.9033968848857531,0.8407260448339878,0.09278350515463912,0.18825797551612855,0.11987840338355804,0.41488479089134644,0.0998926915264629,0.04864812293328158,0.9356653651396665,0.7966124117020934,0.49599684496887375
0.9872351276803226,0.0747649920501724,0.6434106876729828,0.7356162089516719,0.6739556739556741,0.038062309995103474,0.7984599044078596,0.7938005390835579,0.5818038265591629,0.8259791651415546,0.24501944948801285
0.9432676146851056,0.1876375467599544,0.2884576781532286,0.3537587871172835,0.2876330019187162,0.17179416468743416,0.4412411804870647,0.4403029136182775,0.7866023101895687,0.8057636854701958,0.401071154146032
0.9727555114469166,0.1228176600987026,0.47267977271242895,0.5505482724982168,0.4678494001203165,0.06933831039385938,0.6692634665797775,0.6613395474704953,0.6605375788597785,0.8310437193848654,0.28566354466466287
4,0
0.9428238422461264,0.18082328687469845,0.3102015244857471,0.37140041807221613,0.30186727638956945,0.16247358545945842,0.44474699879241353,0.4383848095180867,0.7811365519368361,0.804142690207981,0.40420510385615377
0.903528439649211,0.8508971302154263,0.0921750887273955,0.18905186968558585,0.12008400152730064,0.4088197156126525,0.09962442034262059,0.04691694222913839,0.9364344893374928,0.7971186900759236,0.49401568176320815
0.9876201413851337,0.0733640009206695,0.643577796951395,0.737793506694743,0.6849502674064077,0.03787592384455567,0.8031957216461225,0.7998675935120818,0.5802611781814011,0.82602326681883,0.24303595161352765
0.9745407369044141,0.1198187733555065,0.47228017883755585,0.5525284027651364,0.4671933005266339,0.06867238080199145,0.6884364086966317,0.6815323041738136,0.6538567351811115,0.835598373608262,0.27705616076884265
4,1
0.9872478999111536,0.07457039537678797,0.6468785088704243,0.7403423337618897,0.6828825664442104,0.037665896611524086,0.8019300300453226,0.798888601705867,0.5805258261617434,0.8254818356676499,0.24577491928865922
0.9034297701922154,0.8434837152185812,0.09213279512315653,0.18845808219393367,0.11998740139443681,0.4134973169721088,0.09887728605854523,0.04772921209822728,0.9356151912620165,0.7967507280844827,0.4943866795549101
0.9747672146796775,0.11954796756441297,0.4752080706179067,0.5558127063069224,0.4696800350646505,0.06757443154577102,0.6820274521018015,0.6749056603773584,0.6547181275843587,0.8350695162533261,0.276314955626089
0.9424826574239294,0.17932474599006856,0.3156342831994719,0.3734133756722781,0.3072907703780187,0.16016649602986566,0.4424540305880592,0.43677345827529446,0.7810523170473128,0.8032740058651973,0.4070216577697684
4,2
0.9874278837528954,0.07425166038797709,0.6454494064443189,0.7403280126458078,0.6863739070635624,0.03753184202830634,0.8008845019869248,0.796135328562134,0.5795461137916904,0.824190419527349,0.245746168418597
0.9428190428642321,0.17913022574047094,0.30896817743490845,0.3708649996368076,0.301808092657766,0.16309049419297705,0.4440313919867823,0.4389443827845604,0.780998482008043,0.8037433725013304,0.4063809614972724
0.9737167276900224,0.12134778142052507,0.4744186046511628,0.5536586868714537,0.4703615362530092,0.06817217389306965,0.6777038125702429,0.6714202135439519,0.6559236559755471,0.8334744869768463,0.28059811287023667
0.9037933629090622,0.8439988373351384,0.09280830381415278,0.18900850873331665,0.12040258271414045,0.4103570627224197,0.09979264351497291,0.04886697639139115,0.935428321335857,0.7968551672191483,0.4940451475976211
4,3
0.9034441626147602,0.8518263556312182,0.09130650769995013,0.1885519751381019,0.1198595643040089,0.41054466448484006,0.09973339341369081,0.04728416237850214,0.9362987693927401,0.7969769957036213,0.49582818131234563
0.9876048696029197,0.0728955250014737,0.645304527195744,0.7393340173145283,0.6829588120978852,0.03770489404447176,0.8034294295772912,0.798275646632513,0.5803972015315776,0.8252034763780352,0.24442912752360751
0.9432753371122178,0.18657257217908213,0.2750540094039903,0.34053060731020734,0.2758011440181982,0.18089056595404596,0.4334745396386271,0.43434254790112614,0.7952941251316137,0.8062392255433375,0.40090533782536636
0.9712178160433241,0.12608201862225543,0.4700260117355272,0.5464936745319892,0.4633256588976147,0.07101610239051191,0.6608869806170181,0.6535681960593189,0.6639986327027838,0.8298377723397116,0.28929710931510777
4,4
0.9427778594647773,0.17553936854394558,0.31101597577529494,0.37251059145594434,0.3035730487959788,0.16118954755398263,0.445267918452395,0.44311981732964784,0.7806536830027546,0.8041552995091655,0.4055127140093072
0.9872416629059082,0.07375004972060731,0.650870027415655,0.7431061779182154,0.6821660200499792,0.03726830290651628,0.7977339913977949,0.7923755554124541,0.5802506438705918,0.8238575662183272,0.24661375272362557
0.903488017683365,0.8394134650019456,0.09163161960346722,0.1885240216984082,0.12056801062036654,0.4141511980044047,0.09939858697133097,0.04957028548849152,0.935269310176664,0.7966027461668046,0.4961478017594226
0.9742989444153223,0.12035919994376815,0.4676498512564087,0.5523096692801038,0.4691944691944693,0.06859692532012952,0.6838282786238177,0.6784730822466671,0.6551980566650264,0.8352186488904133,0.27845982775952
4,5
0.9873435807848074,0.07302715807459179,0.648290237169737,0.7434966005106775,0.682673950715188,0.03716559627277505,0.7997674983073365,0.7927770213317769,0.5799986110464831,0.8242524727686681,0.24616409853148638
0.9036398135823299,0.8478159181467539,0.09259016393442626,0.1890562820664322,0.12052706552706566,0.4099378640032696,0.0991078066914498,0.04767924528301909,0.9358270927369743,0.7967924002558499,0.4938052548030716
0.9744348982326012,0.12125773123460146,0.47021536483445836,0.5515073696047442,0.4697838109602816,0.06884066899468483,0.6854143888038486,0.6802959674435811,0.6563029520384293,0.8348269124040233,0.27556984279568236
0.9434957845636576,0.18128112275998606,0.30764317649563555,0.3666559038727829,0.3021608021608022,0.16464467508582148,0.4427412735962922,0.4383239402107326,0.781604884651666,0.8043943032330886,0.39994844757573766
4,6
0.9742356738035991,0.12062879642540647,0.4727669388518357,0.5563204128592124,0.4732919523794049,0.06758606609761304,0.6816967503922429,0.6759308415237821,0.6542517837333525,0.8344159482816187,0.28007439326015293
0.9036837101778854,0.8500882228437084,0.09175334942165247,0.1888527497363477,0.12007751601660227,0.40982910615397317,0.09874889136301013,0.04809884110717366,0.9361641799749657,0.7967285143080912,0.49339857713224555
0.9426662119412298,0.17706161879771593,0.3091305250051878,0.3725771467651143,0.3036892783728227,0.1612256409626306,0.4404969177921039,0.43802245044184374,0.7807031497535384,0.8039998827380317,0.4053104105918856
0.9874041254732927,0.07331761233960729,0.648006045808627,0.741520271689347,0.6835788325150027,0.037510136111950504,0.800904321231775,0.7968152013916765,0.5804904152006467,0.8245862392957045,0.24464138630067667
4,7
0.9447427122633963,0.18285096984489108,0.3074972677595628,0.37184676896385327,0.3008547008547009,0.1595700929804843,0.45434944237918207,0.4492327044025157,0.7800471891670111,0.8054516919083166,0.4005951757555432
0.9035972441041994,0.8419620368401222,0.09258237299139754,0.18890703372022088,0.12085695749062103,0.41213573117299457,0.10002208399278623,0.0495983560620214,0.9352652181508698,0.7966177985008585,0.4946267920856493
0.9873550826383162,0.0743426963372274,0.6457873993259837,0.7405467813531653,0.6833636101928786,0.037562227003110474,0.8019636542621401,0.7969364275852999,0.5801027352702761,0.8249360155694796,0.2443425808763205
0.9745816738995511,0.11941666757639927,0.47463099051567115,0.5572431082505319,0.47268341138072945,0.06715673148405873,0.684257004087795,0.6783922504156725,0.6529408920898621,0.834961204855333,0.2774535263886061
4,8
0.9037712722349173,0.8416681372567214,0.09137857810243788,0.18862112461483865,0.12030763326100113,0.41248641398577257,0.09929310245199041,0.049349887574543116,0.9355919428669864,0.7967371749522342,0.4942830615027761
0.9875361327296931,0.0726988468211337,0.6486432048341073,0.7427308446039688,0.688865552346781,0.037253307741585195,0.7993453189032822,0.7928907205872882,0.5795223943723137,0.8237512815233885,0.2457578771673422
0.9425832318519142,0.1757630548886064,0.31104682310082504,0.37034297437096303,0.3031674208144797,0.16394171339732377,0.4419418324950798,0.43721790603033656,0.7806387635070465,0.80307736782177,0.4068609638215285
0.9739168459308533,0.12226707070704249,0.4699830412662521,0.5528714354936665,0.46852452216436896,0.06858729834360774,0.6840575994530615,0.6773078869370345,0.6542438413538431,0.8349617445264849,0.27731508000245486
4,9
0.9871775872840787,0.07503122554714517,0.6445879926175223,0.7386389782964561,0.677458915869512,0.037692333457614136,0.7970900317585367,0.7940397350993376,0.5815023696489295,0.8242844857862821,0.24606022947326417
0.9038279478309768,0.8425761969709159,0.09209975584234403,0.1889387096768153,0.12118870097593493,0.4113910196765575,0.09890848690975224,0.04885588117222017,0.9357355900610298,0.7967059280001764,0.4927410990012171
0.9411457086901089,0.18154222639881157,0.31189632255206023,0.3707411006369629,0.3042273042273042,0.1629123471842129,0.4308248769215312,0.42478327383987763,0.7817459437278913,0.8029480791626873,0.4091288041319088
0.973539125227107,0.12271436434091787,0.461994744087098,0.5436040846871613,0.4636806507035515,0.07132533653849908,0.6797440335991374,0.6731384127898602,0.6593705265828674,0.8347386181836871,0.2797885148268666
5,0
0.9435953671857563,0.17831275269789568,0.3120502448371302,0.370729512537763,0.3036408036408036,0.16183449354364854,0.44819678462801144,0.446483704974271,0.7796068057916669,0.8035920437205276,0.40013722692374565
0.9874094390573327,0.07377287860502899,0.6480004537977199,0.7422248384089616,0.6837606837606838,0.03740595974534401,0.7996424023359616,0.7937455115231442,0.5802514010504171,0.8238238854514585,0.24400901540544084
0.9039728213449367,0.8474199682418715,0.09076082387557804,0.18854137003376015,0.11959967857403758,0.40999913543083055,0.09884663044514358,0.04841799709724215,0.9360957671790691,0.7970370682121558,0.4938778892473888
0.974473691600924,0.11981827528162853,0.46771367788762364,0.5499482855317183,0.46798677714708253,0.06896221580738426,0.6847243111325519,0.6786691631859426,0.6559362734810371,0.8353306789696645,0.2764722730331861
5,1
0.973810762546946,0.125428663847589,0.4417312572878798,0.5290461870392517,0.45125105794561865,0.07476599904321891,0.6848236922741907,0.6800347359280018,0.6624266237211216,0.8375570653750093,0.2795533904317122
0.9041120835161685,0.8430507922597986,0.0934095048849149,0.18955905087876718,0.1208811764367318,0.4084479850100059,0.10200518193083258,0.05014293882218407,0.9349592042708605,0.7970146155610301,0.4921546195695261
0.9862188097643898,0.07784933855395973,0.6479317870375069,0.7389557514154137,0.6745874238134301,0.03770264054705785,0.7869416598570558,0.7794964659150652,0.584043118791695,0.8226777771173445,0.24826003516520662
0.9380904624208333,0.1800134011018799,0.32009367681498835,0.3741896556612829,0.3124949124949126,0.16239900961917408,0.4125597450876261,0.4049865229110511,0.7830639252007764,0.799209467304775,0.42242481680264654
5,2
0.9036071652659351,0.8459070496244252,0.09231660871005098,0.18882153042958966,0.1200753978531755,0.41123403236410283,0.09821260936502568,0.048275204878978184,0.935948011091633,0.7967552024824912,0.4942100813286353
0.9874021551053723,0.07447571779025608,0.6485154190072223,0.7439143481833677,0.6860817245432633,0.03717942168182278,0.801557178880599,0.7958437788626467,0.5789127265840456,0.824120204322697,0.24684016382746546
0.9421973051684418,0.1800162906013244,0.3130416623159653,0.37216228139118557,0.3051517955976554,0.1627984184141318,0.439798262022589,0.4332652325441654,0.7815116084566776,0.8032623446448847,0.4080588033802518
0.9741169487567612,0.12186679875992207,0.47592885625672515,0.5553150417059501,0.4703054703054704,0.06787582258870704,0.6829096754747311,0.6764478764478763,0.6543179632531316,0.8341467062286322,0.2771576468445679
5,3
0.973190669545057,0.12334630784986408,0.45971264004050894,0.5418539603482908,0.46037246037246043,0.07157971550788549,0.6794505604914527,0.6732716544037297,0.6594787090273365,0.8347346451525086,0.2816290166865684
0.9034650613722379,0.8484948660426817,0.0916124555468818,0.18861800167722903,0.1199897496193793,0.41083491057946975,0.09803111661847702,0.04658081261854835,0.9363440173862851,0.7968276402418151,0.4949199243030213
0.9871261387405096,0.07528766193851646,0.6437699507655684,0.736388489712318,0.6775925455793443,0.038007496979390404,0.7960788643920154,0.789812566162277,0.5827032641713101,0.8251126921378391,0.2451454994441119
0.9415881913271172,0.18032408898057428,0.30542413906920457,0.36671435372538674,0.3000822195453069,0.16526571338640558,0.4341209051670367,0.4309231353678613,0.7854077105474079,0.803881149971341,0.4108039561621678
5,4
0.9735997548319073,0.12168549791301975,0.4730826100932176,0.5523791619585414,0.4697167755991286,0.06900114597795792,0.6782272760405278,0.6717573066962633,0.6571039207640402,0.8334656528018697,0.28127093701782835
0.903731325700144,0.8433051410979406,0.09180327868852456,0.18872129920566655,0.12029123140234249,0.41182554574043284,0.09954564229657181,0.04859919954259578,0.9357070914313451,0.796788658823078,0.4936703147590047
0.9449746415069488,0.18132936410693684,0.3140983606557377,0.37128388594565254,0.3028398125172319,0.16281266789058557,0.4483511212375585,0.44328667072428485,0.7796080585595745,0.8038993973448867,0.3958508812731957
0.9876444730213035,0.07240506537918542,0.6403099034358858,0.7368415753594975,0.6830386761893611,0.03788022201662539,0.8031394815908743,0.7986947531661927,0.580638775217679,0.8256836646680762,0.2447365522834643
5,5
0.987381104304321,0.0734363911399317,0.652070600331296,0.7445891928847406,0.6863813693081988,0.037135053290132,0.800318640467339,0.7966077180987441,0.5799197262299156,0.8240392315460756,0.24637905399792553
0.9035158566577126,0.8445257587939101,0.09220069547938398,0.18856094457692263,0.12057900946789812,0.4128747240464315,0.10003379520108119,0.048713550600342936,0.9358350638100358,0.7967933473184554,0.4940095060875634
0.9742373475544263,0.12139106441407904,0.4721930095886173,0.5550877233101189,0.4713003279041016,0.06801017329495618,0.6830469243178788,0.677379850480598,0.6537662297442748,0.8353720618296745,0.2782648460753246
0.9446020598966082,0.1797375530273692,0.308,0.3728189534380961,0.30224121557454897,0.15961598719389664,0.4541016109045849,0.45232704402515717,0.7771460812474378,0.8057454463504977,0.39601943660969935
5,6
0.9877373690206604,0.07155227528234073,0.6453886472621835,0.7406273933438958,0.6829660639184448,0.03761175973403566,0.8013301975065119,0.7977281478629188,0.5804789191014955,0.8247819428107316,0.2456309442092236
0.903346501889555,0.8507540846966706,0.09282786885245925,0.1890267378459468,0.12083036562203248,0.4100669122092232,0.09994578686493188,0.046894654088050325,0.9357480380590917,0.7967878948315658,0.49485647834031476
0.9428102524804962,0.17895068902155165,0.288963287924267,0.35388621397062053,0.28931423297620484,0.17310905383254876,0.4385308131315776,0.4383204889715652,0.7901346321672365,0.8046784716994092,0.40514440545394664
0.9734956280307577,0.12321841500525935,0.4755544840887175,0.554210635591951,0.4676868610692141,0.06824873481629287,0.6744751804067353,0.666828523862375,0.6568302472302032,0.8330201401465203,0.2814758005861576
5,7
0.9873035665534319,0.07462595970832228,0.6493476078956173,0.7394759361957688,0.6818322770703724,0.03769690669769499,0.7999898844296083,0.7947118470029522,0.5814496397656331,0.8249261236218333,0.24492712547283568
0.9034128002416792,0.8443732358013907,0.0918553213635182,0.1889970444850908,0.1203967500263799,0.41153913003049614,0.0988965598631027,0.04899670560047892,0.9354850703332471,0.7965906638874479,0.4956790738944774
0.9424978426036151,0.1769641230218094,0.3087741004227241,0.3712653254092218,0.3026751957569568,0.16193458399764027,0.4462603165696383,0.440939836240655,0.7808655476498347,0.8041121906926332,0.4061368595331249
0.9744617160575814,0.11862717829301231,0.46908120472741144,0.5526771577910223,0.4684290730802359,0.06828489461182093,0.6854701593614017,0.6816439959046365,0.6543987953800126,0.8354148989758984,0.2771342107679289
5,8
0.9423340189146281,0.17815345455153608,0.31507139079851926,0.37437842186857734,0.30681003584229394,0.16029187829807148,0.4376064276292122,0.4317468046256847,0.7796679550478535,0.8028320231865058,0.40615090255252007
0.9035214633147995,0.8446945871112581,0.09161135545781657,0.18866209010980856,0.12067264262386213,0.4123501309601836,0.09830447003354775,0.048467556373677,0.9360101384148869,0.7966414788661822,0.49503699841982474
0.9873418557163244,0.07378796909734187,0.6439595590335294,0.7376839477478293,0.6822915115598043,0.03785318040819989,0.8015880211908862,0.7974097692459403,0.5799908566967744,0.8256669653181048,0.24376455137107977
0.9747209046210795,0.11966469379387559,0.47385472688395,0.5553105903386555,0.4709187752666014,0.06802895750634766,0.686880115197555,0.6807666492654186,0.6537130957034281,0.8352671776442294,0.2757518051192493
5,9
0.944045501787002,0.18047697140490349,0.3032016723511937,0.3670044650835963,0.29916441996978915,0.16346468366817232,0.4464958459120281,0.4421425857920729,0.7828847356057229,0.8064524565150053,0.4010753906007014
0.9873285126660921,0.07362769598113811,0.6464835226319027,0.7417316899289468,0.6850539171358285,0.03740461069936399,0.8017179034979763,0.7984931418636099,0.579659641393143,0.8243205627808496,0.24617769466699357
0.9034949010207699,0.8417865396771618,0.09209984347969324,0.18847841477287303,0.12048848229752734,0.4137921650759159,0.0996805589284715,0.04871527448563556,0.9355043580644322,0.7966543852186443,0.4949602168598674
0.9740004510894855,0.1220700402064891,0.47019431609595547,0.5538966604231039,0.4684684684684685,0.06829429197110809,0.6805701080794018,0.6737815983099001,0.6565712717230999,0.8339695856294004,0.28031827573416884
6,0
0.9872699906207102,0.07459456615440407,0.6459126416547476,0.7399267221600855,0.6812080536912752,0.03753879615679749,0.8003043836231631,0.7959478282892236,0.5808348571932171,0.8249652664878264,0.24485277277632797
0.943099474500699,0.17743680308790355,0.31068942286099255,0.3721586074769381,0.30408226983569464,0.16035975525263452,0.4344095330243928,0.43256655466528815,0.7800778241831157,0.8033341927993857,0.4064540935857628
0.9038394438293845,0.8433230507216811,0.09219198918370769,0.1887718662398164,0.12020148618086762,0.41139334842453534,0.10213467213428878,0.04981521104843378,0.9351291726772424,0.796961056906498,0.4934681069246407
0.9738026126418612,0.1215975443348481,0.4668752346389689,0.5478751556895838,0.4650399077879995,0.07002658535196632,0.6834047504185704,0.6802246867348408,0.6556553389695148,0.8353686084626085,0.27887078224161876
6,1
0.9738380771349834,0.12126705474815222,0.476014143362263,0.5529996379546498,0.4687559354226022,0.06867473258844765,0.6780669144981413,0.6717425083240843,0.6558670657430001,0.8333715080766654,0.2808354151799592
0.9039064667888616,0.8439313775407347,0.09259411813164187,0.18911758547474006,0.12084639722830687,0.40985080198170776,0.09958715510638705,0.0490755665118045,0.9352780521400628,0.7968866227484648,0.49327617727720696
0.9873507907091295,0.0742074407873538,0.6434256642170719,0.7391122029261075,0.6839669908635426,0.03777340983641218,0.8014485322394566,0.7977488614183472,0.5802359104608568,0.8243074832641765,0.24504185953222984
0.9426249981629127,0.1795053682114357,0.3098360655737704,0.3719709659838557,0.30314486083716863,0.16114242991094938,0.4434515298827567,0.4393807450411224,0.7813736282524776,0.8041537371714843,0.40595445659389506
6,2
0.9417356559116827,0.17462338232428093,0.3121656600517688,0.3724399851287232,0.30551806867596343,0.16173508897409558,0.44049598904324005,0.43574975173783514,0.7816070233030281,0.8029695866082109,0.4074113153768113
0.9874754037683433,0.07336563029345941,0.6461254406087393,0.7414584243411785,0.6868236049123422,0.03748019679235978,0.8026821624776381,0.7987120870629145,0.5797291402034355,0.824884108279942,0.2431320795132581
0.9038306146513236,0.8493755143262258,0.09296721311475403,0.18951767763967853,0.12079772079772083,0.40711913763155205,0.09964684014869901,0.048339622641508984,0.9357509232663137,0.7970375868970672,0.49309625096198073
0.9744286053031628,0.12171779378544584,0.47033108325297335,0.5552934820692594,0.47064409809507857,0.0676820191650789,0.6866535461768352,0.6796596374398816,0.6530721233918291,0.8360464765474133,0.2742201831287961
6,3
0.9873994618730713,0.07392179163187435,0.6492500871991628,0.741540125054686,0.6862156755773778,0.03751457462388594,0.7995597036568325,0.794874882911816,0.5798157905458711,0.8244930943909384,0.24677611438333785
0.9037152541445607,0.8472217776219942,0.09143180166357096,0.18863093588232954,0.12058439644646535,0.41084131407854285,0.09899829692163997,0.048164327539734486,0.9361437788931342,0.796859667358434,0.4946798092135677
0.9432251151713184,0.17815756914288622,0.3104098360655739,0.37076142223541436,0.3017806267806269,0.16331533539388982,0.4509990706319703,0.44403301886792446,0.7801632386130513,0.8048830365416274,0.40203959557024005
0.9742899188239195,0.12172109498817815,0.46702667952426874,0.5511105171279077,0.46685660018993363,0.06884512668866458,0.685224870617392,0.6789345172031076,0.6562778086203727,0.8355121362497404,0.27781601124415517
6,4
0.9040197356341118,0.8454598773263851,0.09289617486338803,0.18942111804276468,0.12048907882241217,0.408173323562719,0.10101068773234195,0.04943003144654046,0.9353438418991955,0.7970214986995982,0.4930618640197627
0.9744136679747966,0.12152877240249926,0.4734797401794,0.556639177715297,0.4696769338278773,0.06758961155633868,0.6838745879217226,0.6762264150943396,0.6540159181177002,0.83410266708385,0.2772512595752305
0.9874699280456369,0.0727948249024793,0.6455072953636415,0.7418245685209784,0.687226481040914,0.0374244167081868,0.8009300067706535,0.7954353887051806,0.5797615371273639,0.8246861460510936,0.24409431407230414
0.9441565232681289,0.1820178281810872,0.31356773080241584,0.3733332258931603,0.3074861298545509,0.16112513982027715,0.44705047935824693,0.4438927507447864,0.7773507521110967,0.8038669072840112,0.3965066227380032
6,5
0.9874162194803104,0.07351413920548949,0.648483463757354,0.7421065814343517,0.6851504412480025,0.03737349445630965,0.8014973511392046,0.7973308789691669,0.5801091691818512,0.8244702828553292,0.24612242906193235
0.9035497883404874,0.8439020312761218,0.09131062600866424,0.18883441339175294,0.1207357217719911,0.4120939217773815,0.0989656567213053,0.04848958842506618,0.9357155234181185,0.7966847851389263,0.49433137032816465
0.9422477000749252,0.1813495776938046,0.30715255299154226,0.36803563267673334,0.29936305732484075,0.1639008817754476,0.4406033196789241,0.43646196370628526,0.7825985536147894,0.8041494186781003,0.40455039275113064
0.974235230111524,0.11868964879335442,0.4719940160817802,0.554031787158688,0.47088709065895384,0.06831999731155755,0.6818946386419211,0.6769782624291556,0.6562555095634341,0.8339191427137844,0.2797392953824303
6,6
0.9445870987177459,0.17905068619313297,0.3092389534252525,0.37155162938467007,0.3030697534008793,0.1605769107147811,0.4461951303577144,0.44458328126952384,0.7795353504335776,0.8056789804353313,0.3968846615901361
0.9873791969510596,0.07417609630416452,0.6475126212490785,0.7413101473756089,0.6839578465876043,0.03743013382274281,0.8008258190658727,0.7954690866357641,0.5792915732514752,0.8247697087693809,0.2464941965001743
0.9034480734963818,0.8474148732503058,0.09200504413619176,0.18874073128940955,0.12094382350792637,0.4121206047792334,0.0981412639405203,0.04770198355104038,0.9360976084509143,0.796396085664145,0.49446756178152185
0.9743732634550198,0.11959633074139361,0.47321991957933807,0.5546618925910742,0.4696124281029942,0.06799769042877436,0.683846531528372,0.6761694553221788,0.6550771904831976,0.8349202441579866,0.27830463681297224
6,7
0.9422376411446725,0.18465662957271378,0.28267678003425495,0.34650314220213996,0.28264659607943193,0.1776665741487718,0.43561005382011875,0.4303576457335961,0.7924155127113739,0.804878399334037,0.4073426464904827
0.9877294514675277,0.07167517550500455,0.6458688524590163,0.7379852415697813,0.6810826210826213,0.03790713020673685,0.8016480793060718,0.7975597484276729,0.5816420462317075,0.8259744684651353,0.24436512673991856
0.9715640716883455,0.1279623930149909,0.4723383509049912,0.5482735395940184,0.46453573962867645,0.0704406744703068,0.6626774091015878,0.6540085571999719,0.6625610362548893,0.830464718434021,0.28849040955924143
0.9032251623737914,0.8438543170266304,0.09203628193392704,0.18845457160266976,0.11991843463924684,0.41361397513224585,0.09799407468910981,0.04733263097404439,0.935942346106662,0.7965796714294899,0.49626405553065567
6,8
0.986822463694934,0.07636445530585462,0.644653622421999,0.7363066302397505,0.6721073430750852,0.03800037574531055,0.7932965583403285,0.7857821059038343,0.5834066872278203,0.8239701263113133,0.24476087234885704
0.9035811954550208,0.8437336473514714,0.0915994224072032,0.18853671456309806,0.12042572664334328,0.412924170849456,0.09883082612631727,0.048802424479421125,0.9358800317216683,0.7967033971338284,0.4940423732475574
0.973292568427363,0.12381189185452801,0.45503132080501135,0.5383431641875274,0.45918745512241455,0.07258306190142717,0.6782724332819536,0.6748274275195582,0.6618178504825694,0.8346810298745043,0.28282095422953446
0.9425386128362745,0.18355493327989794,0.31052003039843673,0.37048842211523275,0.3037489858681912,0.1632736729422798,0.4349196188975602,0.42823941022116696,0.7817609725343583,0.8033266604200547,0.4082359250228581
6,9
0.9744836594993252,0.11987121342262902,0.4731511839708561,0.5541868419955586,0.47187928669410156,0.0680210710352736,0.6818807655238881,0.6748846960167715,0.6545162160519178,0.8347590229649977,0.27742503638924454
0.9030744824064532,0.8455923543062123,0.09146700294241256,0.1879429963553806,0.11886916502301126,0.4150615809040248,0.09827471165761137,0.04679245283018851,0.9363282935092563,0.7967515839954729,0.4966107623969387
0.9410645425150655,0.1778188364570621,0.30601092896174864,0.3654081816325094,0.2977207977207978,0.16676653695945864,0.4360801321767864,0.43270440251572323,0.7867928036520336,0.8027448136710453,0.41450089376231564
0.9874599560715148,0.07259610997089666,0.6461044448200103,0.7414434557117031,0.6825270948982289,0.03740738731545501,0.8015431980480077,0.7971600855864616,0.5796623009812939,0.8244767826858133,0.24649919543854132
7,0
0.9036265245175877,0.8518688275235715,0.09059446928299425,0.18911408166441884,0.1198883421105642,0.40889320042150334,0.09928279073260449,0.04808461978273304,0.9360114791741818,0.7969808738600663,0.4937723765893891
0.9742764010964289,0.12125323173956185,0.4772746663416418,0.5564013079416186,0.47305097490971104,0.06789775565265055,0.682743466784594,0.6750929368029739,0.6544472758114163,0.8334787386035809,0.27811584326878114
0.9421153824896213,0.17654829105778344,0.30708934969058743,0.3692454625847638,0.3014471425067451,0.16395845752948396,0.44388094241611065,0.4395851555666625,0.7830881253957365,0.80417695397794,0.40824854199289695
0.987297089801502,0.07401710387102234,0.6505638879200092,0.7442528092827684,0.6893677638358491,0.03725904315103186,0.8038835719370403,0.7986618493242339,0.5786893547176089,0.8246293967920246,0.2436991551493739
7,1
0.9398047541152761,0.18318871583804835,0.30484462931245415,0.36658286209491264,0.29976187438874013,0.16666746094804408,0.4135549020695777,0.4111799493100534,0.7877176489321983,0.8014860238773517,0.41792023757573327
0.9870798100784435,0.07480634059851629,0.6387857475306408,0.7333317534247213,0.6757079817016727,0.038405417087432364,0.796277837064487,0.789750610082733,0.5824878418803714,0.825318781978658,0.24474318383618993
0.9032642921782343,0.8478375014871002,0.09163514081546864,0.18834532398166587,0.11929286288260643,0.4129302869059686,0.09924697359641577,0.04694726656990805,0.9361296991887912,0.796787605746159,0.49553315551409644
0.9724653376497094,0.12866560363511556,0.4515167161481864,0.5329046503732979,0.4481234717455191,0.07469061482007702,0.6784679331440447,0.6702867330262962,0.6645386980248745,0.8342542687442873,0.2860913255521738
7,2
0.9443501759782107,0.178873672362888,0.31181385510312,0.37246614426520064,0.30309714180681924,0.1609685494583005,0.44544909461566135,0.44185027388922693,0.7792993103630877,0.8044421138256016,0.40295552461578166
0.9873967262527831,0.0722305547630612,0.6482113683736128,0.7410499713041516,0.6837117318216974,0.037489374185617555,0.7981706460225605,0.7920119302340658,0.5805348035089073,0.8240821468194404,0.2468968924521355
0.9035579462058331,0.8438261626916159,0.09167278362286913,0.18858702926294174,0.11996995081572198,0.41258609374706084,0.09952098244835306,0.048530930254388815,0.9358393710560886,0.7967988934841346,0.49342886506336847
0.9746238860964747,0.1207158512860998,0.47127583749109053,0.554927455355093,0.4721574721574723,0.06786443539889768,0.6836475307462861,0.6773808635990752,0.6551247565123341,0.8346399510660958,0.2780301541478126
7,3
0.987252604052055,0.0744588385291588,0.6439815854480127,0.7377488404342476,0.6805506771260197,0.037774109071160966,0.799320160920711,0.7925562160765056,0.5807517242736145,0.8248983771209693,0.24414376437977808
0.9040528893650519,0.8478863974718693,0.09266966788414183,0.18961110127587022,0.12141475872045798,0.40674885422186885,0.1006606699154417,0.04925212630755721,0.9354635785525847,0.7970264380029647,0.4923457401597445
0.944460925979806,0.17789892619317194,0.3123733945912081,0.3724653865534998,0.3069483005788739,0.16197360465820054,0.4479435512513911,0.4439129912270159,0.780167873730103,0.8041277351836315,0.39949469464846304
0.9742343085264377,0.12158693425351058,0.4676833142711907,0.5521212935755679,0.46736897899688606,0.06866731338755808,0.6844327252816922,0.6783969577299985,0.6555512878014355,0.8356395779960222,0.2771087988386828
7,4
0.973731273602138,0.12206417237029438,0.4733423048690972,0.5531903205871954,0.46880979716800614,0.0685151087568187,0.6758586250901626,0.6705153477893551,0.6566817762847663,0.8339387519941004,0.2792434808801758
0.9034600730028319,0.8413513974945781,0.0916342741254011,0.18822194896359717,0.121097306664317,0.41473014381585493,0.09920285133943979,0.04888154055631211,0.9358195072528781,0.7965433330065961,0.49564269491089963
0.9876681679731506,0.07342414093344338,0.642713397399661,0.7372270345112386,0.6832596522251695,0.03779468189681601,0.8029355210870401,0.7979050097592711,0.5804640739745042,0.8252183240287915,0.24371847155864337
0.943934136271183,0.18242952574630392,0.30875055383252104,0.37021281053495314,0.30184030184030186,0.16112555541134266,0.4479051542248569,0.44242733299337067,0.7786216022136234,0.8042849160285912,0.3974057297915932
7,5
0.9737003679519437,0.12365602498659464,0.4632684426229508,0.546675501391187,0.4657340633903135,0.06998172400250327,0.6809218169144982,0.6755454009433961,0.6574774152390255,0.8349815514006866,0.2792841239898989
0.9037768390299098,0.8448979261003327,0.09274714356681585,0.18893845732857373,0.12057900946789823,0.41046042059503784,0.09933911606774043,0.048618258052220475,0.9357389549993186,0.7967923096835184,0.494078970329562
0.9428802438211384,0.18164442419208549,0.31343382110243145,0.3729000776767435,0.306430333275971,0.16156910653290935,0.43921059853796063,0.4359630239331391,0.7796663848443898,0.8036370758584463,0.40453862223066905
0.987000499595423,0.0748217683077324,0.6449080973671137,0.7393532131798933,0.6760482316037874,0.03777119307925485,0.7954764497515425,0.7924528301886791,0.582600384918811,0.8244895686360877,0.2462249691943364
7,6
0.9875396563625863,0.07348934635205728,0.6496760745873472,0.7438039149291934,0.686090796056432,0.037178280536949035,0.8003806895846906,0.7967451209232965,0.5801667660790777,0.8243004655665773,0.24628323418810186
0.90340219004233,0.8426652505865635,0.09191978031122583,0.1886022382698634,0.12077168929960819,0.4134172726796498,0.09869228011246756,0.04861603294703587,0.935725979974549,0.7966003292598686,0.49542524505580066
0.9430847549777337,0.1782261031846778,0.3085540142917193,0.36926305842103413,0.30131857695960274,0.16281270222403868,0.4435706796301592,0.438558297048863,0.7816014856433429,0.8037564568915422,0.4026069177512065
0.9744832650760991,0.11909681421493326,0.47105532786885246,0.5522728962607434,0.4689614494301995,0.0687227296892561,0.6845957249070632,0.6772553066037736,0.6548779236766539,0.8358028244049859,0.2772338975836383
7,7
0.9735508677541218,0.12442777845680753,0.4359989337598294,0.5227060831126699,0.4454520186227504,0.07779919604652265,0.6892737328860278,0.6846295444086516,0.663867468332051,0.8386823964019146,0.27933825522837746
0.9863025504187338,0.0787710928856026,0.6459527092589754,0.7372579861068944,0.6711043658084158,0.03789799839382599,0.7869112554864561,0.7815317698230763,0.584561638652295,0.8226113055200781,0.2492357932805505
0.9031368964161418,0.8475650150181162,0.09172131147541013,0.18807196323800468,0.11934472934472945,0.41420455706549497,0.09726765799256493,0.04590566037735866,0.9365903262207658,0.7967003255416485,0.49631396559935304
0.9386398122671716,0.18037833407804038,0.3147540983606558,0.36971354293598613,0.3068783068783069,0.16561980715557156,0.41342203091371554,0.40839835437650723,0.7851492960962133,0.8001680981566685,0.41866428509900533
7,8
0.9044485289133798,0.8453690835241907,0.09344262295081995,0.18977870291755544,0.12084270505323147,0.40559039112033707,0.10156525141850925,0.049970208540218275,0.9348060600825026,0.7972111666202916,0.4913480804199337
0.9726451101155295,0.12458279074086356,0.4621196788774202,0.541537171573456,0.45619218458724636,0.0720652890098186,0.6716844891153029,0.6691979190930972,0.6637695861639257,0.832125044605705,0.28488531035962666
0.9874759425574079,0.07343915130888853,0.640858306358985,0.7338865120524516,0.6756219718003159,0.03826809611606191,0.7996708734875572,0.7954572767696189,0.5815587845555141,0.8257810286413445,0.24349261974535175
0.9415798542638023,0.17697686280061686,0.3063752276867031,0.36734320270914594,0.30223637413179905,0.16583064035191405,0.43683941978278307,0.43272906646935505,0.7842342722891398,0.8034639558237615,0.40889855943837156
7,9
0.9874859468238256,0.0731228152952092,0.6513131771512848,0.7442317704821497,0.6862942260866137,0.03711352853849259,0.8009673145444489,0.7975843833648885,0.5792770196494943,0.8246457549400122,0.24582096957005956
0.9035078966606163,0.8406472521505493,0.0925430853299703,0.18875587365555996,0.12069544890057715,0.41326046063197386,0.09888475836431243,0.04921141751330432,0.9354468503729917,0.796460198889781,0.49530502465850507
0.9741196025407381,0.1195784020981861,0.4754098360655738,0.5556312596991853,0.47373915312846615,0.06761695877924992,0.6813899372853941,0.6748379662969897,0.6541570868324547,0.8344939437082888,0.2779783703905231
0.9424552353800061,0.1800287487648121,0.30845220353417074,0.3701992162683455,0.29940429940429947,0.16268275634654503,0.43861343117848706,0.4328595932369517,0.7825661207893485,0.8042474882114444,0.40757427006942665
8,0
0.9875208890848324,0.07274737060738681,0.6486432048341074,0.7448247853094692,0.6874848069387319,0.03717079074386832,0.8014134006622935,0.7970378002447034,0.579020322362443,0.8244140726685331,0.24547731450329155
0.903866990908464,0.8490649147909743,0.09258879781420781,0.18949589955586116,0.12075617283950618,0.40765685401127316,0.09979089219330844,0.04913522012578592,0.9354328024552071,0.796921384844143,0.4933855011952101
0.9748421268862071,0.11881403895351594,0.46982855712676763,0.5516701339200623,0.46865009460429313,0.06889664939548254,0.6833338062941627,0.6786259541984732,0.6555053767145836,0.8346845201106772,0.2780230769432698
0.9448893752091208,0.17984274513815046,0.3076824172291868,0.3697293169260788,0.3006908366385491,0.16100130491895676,0.4477731613091333,0.443531878160069,0.7805720496378031,0.8060645823120762,0.39822958554566945
8,1
0.9876136671907191,0.0725400726334616,0.6465438566841305,0.7398105396493498,0.6860026825662564,0.037602786429996676,0.8017092706856245,0.7961226739285481,0.5794585407950473,0.8241253973062547,0.24568819166699712
0.9033870443643085,0.8426664186476761,0.09236628580890899,0.18853317239385825,0.12026245359578713,0.4135139713266309,0.09892606361007833,0.04861825805222042,0.9355892221351828,0.7965440659580934,0.4957565517509538
0.9746506027646783,0.1213379319092796,0.47300380228136885,0.5536311067031353,0.4709304215007638,0.06830518562491332,0.6844106463878328,0.678972666618839,0.6543085371124214,0.8347217841193173,0.2767361560665997
0.9434867117463581,0.17645928679321707,0.3064687638458131,0.3684403597067415,0.30151305151305147,0.16492653312861238,0.44443886265447596,0.4417644059153492,0.7825662783218205,0.8035013812846038,0.40289974249920957
8,2
0.9735760229405969,0.12360956741984336,0.47608371671094407,0.5555342567836314,0.468576512054773,0.06768673738778272,0.6779905079565658,0.6706838690431799,0.6537368159841465,0.8342109127263694,0.2785790261655682
0.9034695360785945,0.8412502035763447,0.09104275815447027,0.18828351338187066,0.1201574294357799,0.4146934077289566,0.09903039129268387,0.0488231861505542,0.9356613992190864,0.7967158738898021,0.49462929709749404
0.9429333919446751,0.1825677614889879,0.3099554880034741,0.37177724220136577,0.3009754532933342,0.16147450632241578,0.4382678057066891,0.4356116456328876,0.7808869606806786,0.8040779300304921,0.4040101503038877
0.9874659084655385,0.07378597984993382,0.6471827163174464,0.7417594559091824,0.6858455500839609,0.03745786916960393,0.8028631921022182,0.7977633387479695,0.5791408731830219,0.8246455824119882,0.24509740541896585
8,3
0.9742262874963611,0.12115517950113228,0.47437179568327104,0.5551508730897451,0.46979946979946985,0.0680064031831683,0.6819336596288269,0.6748451955999126,0.6555485889195388,0.8340770055129465,0.2781311606763319
0.9037347226845671,0.8504482163915539,0.09130650769995013,0.18855827430620092,0.11958617514173081,0.41012770238401164,0.09930156584431676,0.047207928340003646,0.9361770142956054,0.7970915133067641,0.49331091313962605
0.9429022132047288,0.179784974188178,0.3103825136612022,0.37272968943037155,0.3045267489711935,0.16229186576030227,0.4403382170712151,0.4351954618325317,0.781105425346177,0.8038322002236739,0.40492512289249655
0.9876228528016089,0.07301308121525071,0.6443414358394575,0.7378299095607637,0.6820709303467924,0.0377618709547852,0.8045378797590053,0.8003383214053348,0.5801197062527432,0.8261190876291972,0.24308104236269934
8,4
0.9871767906095487,0.07396739709260075,0.6504266786436109,0.7394910373656879,0.6781797603715414,0.03769109078159312,0.7984799103732749,0.7925174463685707,0.5816461824273069,0.824805998762078,0.24593630798689503
0.903502913977912,0.8433006126286066,0.09241702333844776,0.18877130276768322,0.12062649993684493,0.4124457471230813,0.09947442635559534,0.048238683892555145,0.9356427287850912,0.7966162835160937,0.49561423053922404
0.974078868049599,0.12216957203281056,0.46662295081967214,0.5504474341101183,0.4694017094017095,0.06882558495964035,0.6805055762081783,0.6734641509433963,0.6563145260566291,0.8359041290987623,0.2773261515697806
0.9434203275859908,0.17356093021770422,0.3126599682707562,0.3727258998898013,0.3058910026651963,0.16128743857058572,0.44472958388295963,0.43973219720024337,0.7796060730406261,0.8036860193748778,0.402108120662071
8,5
0.9427038766332567,0.18040425986286973,0.3074289271633119,0.36862586845710166,0.300461610588193,0.16392741339907108,0.4408027857512587,0.4365894435156436,0.7828054959667181,0.804230443853269,0.4058576951679441
0.903732053975202,0.8475622510642424,0.09171833857130718,0.18882777831248954,0.12057334337127101,0.41015124747801757,0.0991775333705725,0.04833317039788865,0.9358973064223642,0.7968929430022067,0.4934425194215857
0.9872250699284324,0.07431716913507508,0.6501267534223424,0.7434562150623901,0.6860907960564318,0.03729533566688678,0.8006234111319768,0.7956817739739348,0.580351666109677,0.8240346466579159,0.24557197780395001
0.9742963871001815,0.12031406599214783,0.4704409708984623,0.5523159469943316,0.4680977936791891,0.06855825596840609,0.688942681767096,0.6828726049436886,0.6547119186444149,0.8362417593540463,0.2767953859901825
8,6
0.9869991946933288,0.07637605791057486,0.6451933512309361,0.740423425898775,0.678946166751045,0.03752564644346175,0.7984534279755968,0.793741371375978,0.5814917452914508,0.8236691433321625,0.24506247042381418
0.9036378346614767,0.843095170045906,0.09198918370796011,0.18865010042775704,0.12043645548800175,0.4119005434307451,0.09912620242977033,0.04860921999610973,0.935951704605547,0.7967567265451524,0.4947831260822333
0.974254992178185,0.12003210538189751,0.4682285294837289,0.5499335117701555,0.46972402942552205,0.06894325819050251,0.6821838761582422,0.676921993804562,0.6565219654701483,0.835456557033524,0.27662575384748456
0.9435270901804105,0.18045114390087147,0.31230051025947236,0.37164464408881315,0.30578668327012704,0.16151891243756922,0.4492478889189789,0.44465825315506674,0.7784697557250688,0.8043302861834917,0.39910293616008735
8,7
0.9863452204315958,0.07775512581263488,0.6411847530926279,0.7336346272730071,0.6693933197000683,0.0382152501659582,0.784614682874541,0.7794536404676466,0.5853415581865482,0.8238909020333915,0.24826369754319083
0.9032194460180296,0.8446791731031479,0.09180327868852478,0.18840835554974056,0.1197889412175126,0.4137311599310204,0.09807677717927321,0.047766653831343875,0.9361629910478784,0.7966101981468716,0.49596314397701635
0.9386138933036664,0.18017225453846605,0.3143169398907104,0.372280266114148,0.3093172945024797,0.16521935749993374,0.41401624673000137,0.40757512229210335,0.7839803796410303,0.798981927963305,0.4223659359424706
0.9729300921297918,0.1270146113245121,0.4386831275720165,0.5251078233258092,0.44293201083324546,0.07707119463502649,0.6844126241069654,0.6805497321220592,0.6654554864900027,0.8367077632027353,0.282311833994012
8,8
0.9737708568898612,0.12080484271517564,0.4719721066797162,0.5531786810007755,0.47169069183994566,0.06859555357472373,0.6824196859568329,0.6758096310898338,0.6558620520703847,0.8338005623638997,0.2796618388029763
0.9041088205498483,0.8504958792155644,0.09272540983606553,0.18961346505781135,0.1209935897435897,0.4062378931661046,0.10044919454770768,0.04848663522012603,0.9358220382813596,0.7970713709247963,0.49142789519310565
0.9427474809404558,0.1798845488741551,0.30688524590163935,0.36848251207845156,0.29795055601507225,0.16255508459213505,0.4445856817364192,0.440535605599513,0.7823017459329978,0.804484382871919,0.4063096248759113
0.9875087329402517,0.07369335958104059,0.6488927236123094,0.7422051028544229,0.6848503023941623,0.037335240625319246,0.8016565577512555,0.7978682555445217,0.5795877156987685,0.8239004522719009,0.2458507481930604
8,9
0.9408061821737256,0.18148635799351037,0.31055121575530864,0.36784645072565414,0.3022237518881815,0.16548009515430342,0.43135151318579884,0.42621248575408377,0.7841250519810662,0.8029270980534389,0.411262762737847
0.9035581992286353,0.8417104603269584,0.09253731343283589,0.18886327379402668,0.12066448384856343,0.41239019218813455,0.10018679835025612,0.04871867079695841,0.9352996507001338,0.7966854225260751,0.49484534587791196
0.9872404110334776,0.07410954420946411,0.643484020533201,0.7386354348235131,0.6822066822066822,0.03778099788113071,0.7947379620242072,0.7889460644177626,0.582010606682336,0.8247377889918511,0.2459967161586203
0.973318905208631,0.12192072507459412,0.4602216030583814,0.5427898373713568,0.46070515635733034,0.0717113954099796,0.6788133476350706,0.6729062569915727,0.6610465144568037,0.8337866050559118,0.28406997567218717
9,0
0.9413345646127252,0.18150108829788872,0.29055881297116193,0.35249004056064526,0.2865223449165055,0.17459142509167902,0.4267766531896996,0.42534086214020106,0.7903283173939505,0.803605178350368,0.41301005700960747
0.9870345979121306,0.07521666506340532,0.6385788902104774,0.7304006342685067,0.6721849245508552,0.03868180896631365,0.7962895641058719,0.7910243437890601,0.5828067619468025,0.8260160960662047,0.24364628520540704
0.9032813326039284,0.8469583791459274,0.09203867171080271,0.18877319656002933,0.1203301921250639,0.4115685249663996,0.09888475836431238,0.04741170778906634,0.9362409646160185,0.7966999308216608,0.49458042238839056
0.9716061175084958,0.1285647694303956,0.45431389197309124,0.5340499075045342,0.44864416975970767,0.07414614556996296,0.66607917771294,0.6601819138540178,0.667618406145629,0.8326301617222452,0.2894609516805249
9,1
0.9744973722922516,0.12076240823263745,0.46794100892461543,0.551956125791754,0.4692164692164693,0.06859623493934312,0.6843306397209742,0.6793327019742114,0.6548041534705487,0.8356929539305725,0.2769712291346419
0.9036905532291721,0.8465509626806276,0.09275619801340523,0.18889377915666883,0.12006512006512021,0.4106409880201997,0.10037174721189623,0.04836880750999162,0.9355608628067726,0.7968342855546475,0.49394669048551376
0.9872941762640179,0.07471438581272519,0.6496519988495829,0.7440893793412877,0.6856900084970263,0.03724753925275029,0.7979912606795798,0.7935120820920223,0.5810354260703068,0.8234359285829509,0.24528159072363787
0.9422016792054884,0.18285161957612864,0.30791813993356904,0.37274058244708996,0.3012308437145039,0.1610924622565214,0.4399008674101611,0.43709458626217773,0.7808265010285358,0.8045313564804836,0.40524027558355685
9,2
0.9393184693393039,0.17969945795916925,0.3151726543425183,0.3703024965703751,0.30597482370532025,0.16462803096016063,0.4195470484325978,0.41455907935233494,0.7835140578027304,0.8000667840649471,0.4177673335854878
0.9864049420523486,0.07723944363110943,0.643954918032787,0.7344371528226039,0.6717058404558408,0.03822337667313788,0.7856877323420074,0.7799292452830189,0.5848007283545361,0.8236468525203093,0.2471949057743748
0.9035505218022148,0.8447242247455853,0.09218413644643142,0.18886014433947435,0.12047828714495401,0.41130589124100925,0.10022154631820068,0.04808461978273315,0.935737918785726,0.7969048859824354,0.4946021852935987
0.9739016208222123,0.12320504276193317,0.43983402489626555,0.5251370759465621,0.44361693324348933,0.07660317246987382,0.6860047201098274,0.6802943709386988,0.6656326566402834,0.8373652363992303,0.2817068124831511
9,3
0.9422442624838046,0.18000262941736997,0.29608185094756434,0.35910016150630697,0.2941140813481239,0.16837984169186654,0.4421946268027104,0.4399036531513447,0.7871907530768293,0.8055581703748447,0.4056329247371522
0.987491159940823,0.07265998699784657,0.6427826272088567,0.7382940983579037,0.6795704295704297,0.0377818226271532,0.8000772461739004,0.7951482479784366,0.5810475941784945,0.8246626704504655,0.24678405561142597
0.903792139792141,0.8428013213172714,0.09151890264302426,0.18857602498711828,0.12047212047212058,0.41190097807795845,0.1008269478795239,0.04897959183673495,0.9355440781154506,0.7969406982733578,0.4944330705902591
0.9726250770886528,0.12455443300119592,0.47715846994535516,0.5528642392192653,0.4705882352941177,0.06897575214820778,0.6655587141919965,0.6567665556788753,0.6590419754278426,0.8312293287104914,0.286069476844105
9,4
0.9034914826156858,0.8451490869824891,0.09173567686327538,0.18864231777071122,0.1203777131612182,0.4123234692770443,0.0978614954202277,0.04742268041237119,0.9360252063336307,0.7967534023732922,0.4944461724928406
0.9742445007337661,0.12058579857469709,0.47063051702395964,0.553276921022458,0.469526627218935,0.06858037742374103,0.6858879039176436,0.6798258345428158,0.6541341813705397,0.8346408171582774,0.2784351201626879
0.9435971948809704,0.17414917398474605,0.3129736184996201,0.3749721239603081,0.30765457255523476,0.15961866904130834,0.44348703808562495,0.44040984630763463,0.7799191955150614,0.8034057994438835,0.4011929538502884
0.9876010221411129,0.07241809184969311,0.6471130869686026,0.742183131077702,0.6850837799990344,0.03739420850557543,0.8019028416608911,0.7979021426287177,0.5794867960746419,0.8245955511454504,0.2456154480357114
9,5
0.9037053973960454,0.8424014353326084,0.09198542805100196,0.1888144006778466,0.1204926760482315,0.41181522489635286,0.09963951785513103,0.04938059843720244,0.9353407899263486,0.7966519909904962,0.493738308098617
0.974018651285423,0.12236628519213488,0.47026825633383007,0.5524273454260522,0.470959595959596,0.0684552560446604,0.6836628365438775,0.6778158947970269,0.6551231177180111,0.8346404031950674,0.2783383444380754
0.9872351438384595,0.07527144170161854,0.6496129326047362,0.7426409666749256,0.6831374643874646,0.037309403843534025,0.798598203221809,0.7931341719077566,0.580476265786716,0.8245618247632733,0.24379846481052958
0.9430070169263651,0.17732162926536704,0.3127213114754099,0.3732293885511828,0.30554605887939223,0.16271210108647524,0.4490458488228005,0.44032704402515715,0.7808641088770372,0.8040500100634876,0.40218143482423163
9,6
0.9417802610114934,0.1777286169261006,0.30978249223186544,0.3674762506288061,0.3006722157048955,0.16411225775688837,0.4380542799523775,0.4340855839191021,0.7837756563437874,0.8036139452901162,0.40832490465617177
0.9040188195859804,0.8426275834119624,0.09370059082965815,0.18950117407465888,0.12071384152602421,0.40893065441103615,0.10129639763742376,0.04980365865338593,0.9350274115841047,0.7968312574224884,0.4933374226085651
0.9743432232194272,0.12046469509783661,0.4743581812557996,0.5549592778585944,0.46980594527764347,0.06792076898311396,0.6837343059549695,0.6800569597721609,0.6545069719187702,0.8351732012368963,0.27794454749431335
0.9876690656334969,0.0726410915137796,0.6435893011216565,0.7390432525455424,0.6864497425900935,0.037681878395795426,0.8031826778843016,0.7978152929493546,0.5793580689516176,0.8255814284451363,0.24388857604853897
9,7
0.9441925149463897,0.17743918524322888,0.31218999579655315,0.3730453208830285,0.30617649207392805,0.16075935044656306,0.4466685730626252,0.4430575713594581,0.7780978083604289,0.8039224404322234,0.398963572361032
0.9873494476349299,0.07382793945632077,0.6493380654611006,0.7427386331240894,0.6846613994380317,0.03733352012997114,0.8000613191277355,0.7951371328535303,0.5800453207777594,0.8242172309409487,0.24609210845037416
0.9035817645676569,0.8483759579353183,0.09130143860823026,0.1887380802380576,0.12050119192976316,0.41121493682790383,0.09748880965025375,0.0479976896418946,0.9359622696021399,0.7966103284970213,0.49474803096968856
0.974069369529927,0.12129647050377765,0.4662499202653569,0.5504185273891906,0.46726972407906264,0.06884549463892181,0.6843764916899309,0.6800675427648483,0.6561631319364744,0.8353867528750735,0.2793683589656041
9,8
0.903790628924984,0.8514866422160586,0.09168119986048173,0.18884426725800196,0.12000666787900832,0.4088963948050931,0.0985723325160166,0.04827378562826168,0.9364209461406185,0.7970390576609379,0.4932686436807293
0.9875349196890062,0.07273420637094644,0.6499713401352747,0.7430494367583208,0.6864503018349173,0.037264136956330685,0.8043257857384252,0.7984166776619606,0.579161836317152,0.8241752118746993,0.24637237904704024
0.9438259100540141,0.18014977492218295,0.3122177544076709,0.37342095195644465,0.3065097027361178,0.16046893164016185,0.4442496083795094,0.43911237688382576,0.7793354805243093,0.8042562814546724,0.39968719203687314
0.9741798428815226,0.12208697887097389,0.4734573586295819,0.553811515729872,0.47020284473468,0.06846997411914982,0.6834161758768083,0.6762631616140201,0.6543677835000075,0.8343441866307789,0.27601807036247583
9,9
0.9872152625427637,0.07429211239109143,0.645439693538392,0.7398584000869075,0.6813816195259496,0.037630920040154295,0.8016070721393991,0.7976787914154183,0.5806225825510793,0.8248322588110273,0.2448145180043228
0.9032917871205343,0.843170559248416,0.09155235864837724,0.1883250954474472,0.12038490609919184,0.41442951708117604,0.09826644412411811,0.04815171351559472,0.9358128407292364,0.7966305133970556,0.49618631213960834
0.9435723140467052,0.18495658043135554,0.30631693989071035,0.36689904281164465,0.2991832858499526,0.1646227138040257,0.43999999999999995,0.43511949685534584,0.782466146901931,0.8046828171290111,0.4048853908410611
0.9742268935640459,0.12006732759131317,0.4747865112510129,0.5567834916425813,0.4731186290121652,0.06716250042249726,0.6827851357654742,0.674826027692087,0.6539492940737791,0.834513566538691,0.27744013823467417
