0,0,0,0.8857142857142857
0,0,1,0.6086956521739131
0,0,2,0.875
0,0,3,0.5
0,1,0,0.9230769230769231
0,1,1,0.6666666666666666
0,1,2,0.7916666666666666
0,1,3,0.896551724137931
0,2,0,0.7
0,2,1,0.9166666666666666
0,2,2,0.6666666666666666
0,2,3,0.8636363636363636
0,3,0,0.6666666666666666
0,3,1,0.6818181818181818
0,3,2,0.8235294117647058
0,3,3,0.918918918918919
0,4,0,0.8148148148148148
0,4,1,0.5
0,4,2,1.0
0,4,3,0.7222222222222222
0,5,0,0.9444444444444444
0,5,1,0.65
0,5,2,0.75
0,5,3,0.9285714285714286
0,6,0,0.9393939393939394
0,6,1,0.7647058823529411
0,6,2,0.8235294117647058
0,6,3,0.7878787878787878
0,7,0,0.7916666666666666
0,7,1,0.6
0,7,2,0.9411764705882353
0,7,3,0.7272727272727273
0,8,0,0.8378378378378378
0,8,1,0.7058823529411765
0,8,2,0.967741935483871
0,8,3,0.6
0,9,0,0.7692307692307693
0,9,1,0.9393939393939394
0,9,2,0.896551724137931
0,9,3,0.52
1,0,0,0.7857142857142857
1,0,1,0.6
1,0,2,0.8333333333333334
1,0,3,0.9310344827586207
1,1,0,0.7222222222222222
1,1,1,0.9166666666666666
1,1,2,0.7647058823529411
1,1,3,0.7586206896551724
1,2,0,0.8148148148148148
1,2,1,0.6470588235294118
1,2,2,0.7
1,2,3,0.9444444444444444
1,3,0,0.9428571428571428
1,3,1,0.7272727272727273
1,3,2,0.6923076923076923
1,3,3,0.8666666666666667
1,4,0,0.84
1,4,1,0.7037037037037037
1,4,2,0.6666666666666666
1,4,3,0.9393939393939394
1,5,0,0.6842105263157895
1,5,1,0.8484848484848485
1,5,2,0.9375
1,5,3,0.5625
1,6,0,0.8636363636363636
1,6,1,0.6206896551724138
1,6,2,0.8787878787878788
1,6,3,0.875
1,7,0,0.6956521739130435
1,7,1,0.975609756097561
1,7,2,0.9090909090909091
1,7,3,0.8571428571428571
1,8,0,0.7241379310344828
1,8,1,0.6521739130434783
1,8,2,0.96875
1,8,3,0.875
1,9,0,0.8888888888888888
1,9,1,0.6842105263157895
1,9,2,0.9736842105263158
1,9,3,0.625
2,0,0,0.8518518518518519
2,0,1,0.5454545454545454
2,0,2,0.9666666666666667
2,0,3,0.6190476190476191
2,1,0,0.96
2,1,1,0.6896551724137931
2,1,2,0.9354838709677419
2,1,3,0.5333333333333333
2,2,0,0.9523809523809523
2,2,1,0.5
2,2,2,0.75
2,2,3,0.7666666666666667
2,3,0,0.5789473684210527
2,3,1,0.9655172413793104
2,3,2,0.9285714285714286
2,3,3,0.7105263157894737
2,4,0,0.76
2,4,1,0.7407407407407407
2,4,2,0.90625
2,4,3,0.75
2,5,0,0.875
2,5,1,0.6111111111111112
2,5,2,0.8863636363636364
2,5,3,0.7142857142857143
2,6,0,0.8620689655172413
2,6,1,0.7368421052631579
2,6,2,0.9428571428571428
2,6,3,0.7058823529411765
2,7,0,0.71875
2,7,1,0.7037037037037037
2,7,2,0.6666666666666666
2,7,3,0.9230769230769231
2,8,0,0.4782608695652174
2,8,1,0.92
2,8,2,0.95
2,8,3,0.84375
2,9,0,0.8620689655172413
2,9,1,0.6190476190476191
2,9,2,0.96875
2,9,3,0.6666666666666666
3,0,0,0.7083333333333334
3,0,1,0.75
3,0,2,0.5333333333333333
3,0,3,0.9696969696969697
3,1,0,0.9428571428571428
3,1,1,0.75
3,1,2,0.7931034482758621
3,1,3,0.625
3,2,0,0.8787878787878788
3,2,1,0.5714285714285714
3,2,2,0.84375
3,2,3,0.8571428571428571
3,3,0,0.7894736842105263
3,3,1,0.782608695652174
3,3,2,0.9032258064516129
3,3,3,0.7407407407407407
3,4,0,0.8275862068965517
3,4,1,0.6521739130434783
3,4,2,1.0
3,4,3,0.8235294117647058
3,5,0,0.75
3,5,1,0.6190476190476191
3,5,2,0.9230769230769231
3,5,3,0.8787878787878788
3,6,0,0.6190476190476191
3,6,1,0.8275862068965517
3,6,2,0.8
3,6,3,0.9714285714285714
3,7,0,0.8666666666666667
3,7,1,0.9459459459459459
3,7,2,0.5769230769230769
3,7,3,0.8181818181818182
3,8,0,0.6666666666666666
3,8,1,0.8648648648648649
3,8,2,0.7619047619047619
3,8,3,0.9166666666666666
3,9,0,0.6666666666666666
3,9,1,0.9310344827586207
3,9,2,0.8461538461538461
3,9,3,0.8235294117647058
4,0,0,0.5882352941176471
4,0,1,0.8695652173913043
4,0,2,0.9166666666666666
4,0,3,0.7916666666666666
4,1,0,0.8666666666666667
4,1,1,0.65
4,1,2,0.8148148148148148
4,1,3,0.782608695652174
4,2,0,0.9393939393939394
4,2,1,0.6666666666666666
4,2,2,0.8181818181818182
4,2,3,0.5263157894736842
4,3,0,0.7368421052631579
4,3,1,0.84375
4,3,2,0.6842105263157895
4,3,3,1.0
4,4,0,0.9333333333333333
4,4,1,0.9696969696969697
4,4,2,0.6296296296296297
4,4,3,0.84
4,5,0,0.9090909090909091
4,5,1,0.631578947368421
4,5,2,0.8787878787878788
4,5,3,0.8666666666666667
4,6,0,0.7096774193548387
4,6,1,0.6190476190476191
4,6,2,0.9
4,6,3,1.0
4,7,0,0.8
4,7,1,0.7222222222222222
4,7,2,0.8823529411764706
4,7,3,0.6785714285714286
4,8,0,0.6
4,8,1,1.0
4,8,2,0.5294117647058824
4,8,3,0.8333333333333334
4,9,0,0.90625
4,9,1,0.7
4,9,2,0.7857142857142857
4,9,3,0.8333333333333334
5,0,0,0.875
5,0,1,0.9722222222222222
5,0,2,0.5833333333333334
5,0,3,0.8333333333333334
5,1,0,0.8285714285714286
5,1,1,0.55
5,1,2,0.967741935483871
5,1,3,0.42857142857142855
5,2,0,0.65
5,2,1,0.8611111111111112
5,2,2,0.6923076923076923
5,2,3,0.8709677419354839
5,3,0,0.9090909090909091
5,3,1,0.6428571428571429
5,3,2,0.8571428571428571
5,3,3,0.7333333333333333
5,4,0,0.9642857142857143
5,4,1,0.7727272727272727
5,4,2,0.5
5,4,3,0.9166666666666666
5,5,0,1.0
5,5,1,0.6666666666666666
5,5,2,0.72
5,5,3,0.8181818181818182
5,6,0,0.967741935483871
5,6,1,0.8
5,6,2,0.6818181818181818
5,6,3,0.8181818181818182
5,7,0,0.967741935483871
5,7,1,0.7241379310344828
5,7,2,0.8333333333333334
5,7,3,0.75
5,8,0,0.7333333333333333
5,8,1,0.8461538461538461
5,8,2,0.9117647058823529
5,8,3,0.8421052631578947
5,9,0,0.85
5,9,1,0.9310344827586207
5,9,2,0.631578947368421
5,9,3,0.8125
6,0,0,0.8666666666666667
6,0,1,0.631578947368421
6,0,2,0.68
6,0,3,0.7692307692307693
6,1,0,0.8333333333333334
6,1,1,0.631578947368421
6,1,2,0.9459459459459459
6,1,3,0.7857142857142857
6,2,0,0.7
6,2,1,0.8620689655172413
6,2,2,0.7222222222222222
6,2,3,0.8787878787878788
6,3,0,0.926829268292683
6,3,1,0.6666666666666666
6,3,2,0.7272727272727273
6,3,3,0.8181818181818182
6,4,0,0.5555555555555556
6,4,1,0.7727272727272727
6,4,2,0.967741935483871
6,4,3,0.8
6,5,0,0.9393939393939394
6,5,1,0.64
6,5,2,0.6666666666666666
6,5,3,0.9
6,6,0,0.7368421052631579
6,6,1,0.967741935483871
6,6,2,0.6666666666666666
6,6,3,0.7692307692307693
6,7,0,0.7777777777777778
6,7,1,0.90625
6,7,2,0.8
6,7,3,0.75
6,8,0,0.972972972972973
6,8,1,0.6923076923076923
6,8,2,0.8571428571428571
6,8,3,0.5555555555555556
6,9,0,0.68
6,9,1,0.5454545454545454
6,9,2,0.8333333333333334
6,9,3,0.9310344827586207
7,0,0,0.65
7,0,1,0.896551724137931
7,0,2,0.7777777777777778
7,0,3,0.8787878787878788
7,1,0,0.7777777777777778
7,1,1,0.9705882352941176
7,1,2,0.5454545454545454
7,1,3,0.8076923076923077
7,2,0,0.8
7,2,1,1.0
7,2,2,0.6111111111111112
7,2,3,0.8
7,3,0,0.8333333333333334
7,3,1,0.64
7,3,2,0.8
7,3,3,0.8333333333333334
7,4,0,0.7777777777777778
7,4,1,0.6923076923076923
7,4,2,0.9166666666666666
7,4,3,0.7
7,5,0,0.92
7,5,1,0.7142857142857143
7,5,2,0.6666666666666666
7,5,3,0.9722222222222222
7,6,0,0.9
7,6,1,0.6190476190476191
7,6,2,0.75
7,6,3,0.7575757575757576
7,7,0,0.8620689655172413
7,7,1,0.9090909090909091
7,7,2,0.7647058823529411
7,7,3,0.5714285714285714
7,8,0,0.75
7,8,1,0.8387096774193549
7,8,2,0.9375
7,8,3,0.8888888888888888
7,9,0,0.96875
7,9,1,0.6086956521739131
7,9,2,0.7741935483870968
7,9,3,0.8571428571428571
8,0,0,0.896551724137931
8,0,1,0.6785714285714286
8,0,2,0.84
8,0,3,0.5555555555555556
8,1,0,0.9032258064516129
8,1,1,0.65
8,1,2,0.8148148148148148
8,1,3,0.6363636363636364
8,2,0,0.7428571428571429
8,2,1,0.64
8,2,2,0.8235294117647058
8,2,3,0.8695652173913043
8,3,0,0.7
8,3,1,0.7894736842105263
8,3,2,0.8823529411764706
8,3,3,0.9117647058823529
8,4,0,0.9743589743589743
8,4,1,0.4666666666666667
8,4,2,0.84375
8,4,3,0.6428571428571429
8,5,0,0.7692307692307693
8,5,1,0.68
8,5,2,1.0
8,5,3,0.8888888888888888
8,6,0,0.926829268292683
8,6,1,0.56
8,6,2,0.9333333333333333
8,6,3,0.631578947368421
8,7,0,0.9
8,7,1,0.6190476190476191
8,7,2,0.6666666666666666
8,7,3,0.8709677419354839
8,8,0,0.8695652173913043
8,8,1,0.6153846153846154
8,8,2,0.8571428571428571
8,8,3,0.972972972972973
8,9,0,0.75
8,9,1,0.5882352941176471
8,9,2,0.925
8,9,3,0.8064516129032258
9,0,0,0.7692307692307693
9,0,1,0.9411764705882353
9,0,2,0.7727272727272727
9,0,3,0.9032258064516129
9,1,0,0.8846153846153846
9,1,1,0.3333333333333333
9,1,2,0.925
9,1,3,0.7368421052631579
9,2,0,0.7142857142857143
9,2,1,0.9714285714285714
9,2,2,0.631578947368421
9,2,3,0.78125
9,3,0,0.7727272727272727
9,3,1,0.9615384615384616
9,3,2,0.5909090909090909
9,3,3,0.8666666666666667
9,4,0,0.75
9,4,1,0.71875
9,4,2,0.5555555555555556
9,4,3,0.9615384615384616
9,5,0,0.65
9,5,1,0.875
9,5,2,0.9166666666666666
9,5,3,0.7
9,6,0,0.7647058823529411
9,6,1,0.6190476190476191
9,6,2,0.8461538461538461
9,6,3,0.9444444444444444
9,7,0,0.8333333333333334
9,7,1,0.9393939393939394
9,7,2,0.7083333333333334
9,7,3,0.8387096774193549
9,8,0,0.78125
9,8,1,0.8484848484848485
9,8,2,0.7272727272727273
9,8,3,0.8333333333333334
9,9,0,0.9375
9,9,1,0.7272727272727273
9,9,2,0.7894736842105263
9,9,3,0.7777777777777778
