0.008520553212938771,-0.04010231905103582,0.0035105597854196815,2.0801052002090863,0,0.027541283058339566,5.532500051767338,0
0.014610115566076193,-0.03186052517601424,0.00345185595986476,2.395383519164529,0,0.05730345475640034,5.530641118581374,0
0.013538740409064678,-0.03507044049582678,0.0034863101520239315,2.2886678107393315,0,0.03618885340312909,5.514621320646946,0
0.014124502085473965,-0.032348975857051834,0.003405534357666149,4.46152189462894,0,0.005484782992286488,5.541366832733303,0
0.013154117613855335,-0.03001894586027964,0.003510702275444867,3.915567620067178,0,0.005471393950029037,5.53999333677491,0
0.014054617985430139,-0.03480207053454833,0.003419596003009233,2.397961379142254,0,0.06000138600868041,5.530230214119498,0
0.007560042340603063,-0.024153099623586978,0.00351166829597012,3.4829219915305996,0,0.004703901967135301,5.512034870216741,0
0.008512299770271,-0.02131890162663984,0.003506886288793125,2.2501565096661325,0,0.03732064870384896,5.517589426627656,0
0.020706035810277613,-0.03439619338553284,0.003441363547150828,2.338346187719368,0,0.0451299309705105,5.5414767583779865,0
0.01392431613241693,-0.029435280549936087,0.003555935367671282,3.950827122078517,0,0.007521409794377665,5.52614224716578,0
0.00951324589675933,-0.03261800761098203,0.003417489353782874,2.256782184777205,0,0.037431710893720334,5.5367611104133365,0
0.012869845515937672,-0.03402955437111894,0.0035348891375794286,2.2780087436532868,0,0.03696754868237616,5.528535925910429,0
0.014883398320725036,-0.030065187062971434,0.0035505849939793245,4.933146014008753,0,0.008827984765016166,5.517959634548814,0
0.011607985412634816,-0.03620295307362357,0.003322750634593478,2.268999763896539,0,0.043150431456043636,5.525515220876787,0
0.008283565399455656,-0.02650931944162786,0.0035679787823682356,3.1378398445324867,0,0.004931625745204054,5.51464185937875,0
0.01377063943409456,-0.03635749096256899,0.003470920492133168,2.294095851941901,0,0.04385111102991404,5.537374173266267,0
0.010396874503832754,-0.028998763714117047,0.0034737544899688375,2.172620122459726,0,0.03224796517348069,5.519801296499047,0
0.011689195120279015,-0.0323155125902691,0.0033330293463220925,2.327041953880681,0,0.04515746525000312,5.537081467293246,0
0.01913073618628795,-0.026687280918403663,0.003707277062346112,2.382505051543073,0,0.06122437777858378,5.539934521903157,0
0.012026519343112746,-0.02997736425619666,0.0035119963057328525,2.287675928570259,0,0.040813103650809444,5.528947423541346,0
0.014659678574524548,-0.02236108143664636,0.003550304394614018,2.0963359598637945,0,0.027451142119232264,5.513968142665324,0
0.011012597710335387,-0.03477817219262526,0.003448302568517519,4.524101905771628,0,0.007804165282313888,5.532485989086663,0
0.009119108734569427,-0.03208535000759789,0.003408919368791028,4.130199559039393,0,0.005656776568658903,5.525571322081776,0
0.012837786628678828,-0.03016264621292575,0.0034302900257239493,2.2904034394407544,0,0.03823943589546752,5.519724189309207,0
0.015827940845375043,-0.02917721922175386,0.0036127209806880384,2.4283620629181497,0,0.06561449107508491,5.527451947990593,0
0.016415040701320507,-0.031087162044753886,0.0034323383120657826,4.621811413666276,0,0.00884193153703775,5.539208514304075,0
0.012997613050930501,-0.030678736826692955,0.0035729113422893225,4.074600788673637,0,0.007615702800848672,5.52863214592279,0
0.01013226562607434,-0.03565252809957616,0.0034290704934705502,2.305191257790076,0,0.04240056836736411,5.534520628672123,0
0.013490160477583807,-0.034159940754199744,0.0034819428057479445,3.5603503247236454,0,0.004729576333390392,5.534477349086007,0
0.014037694789878472,-0.034812493207189946,0.003378280131860497,4.0234275319391095,0,0.004424604927219554,5.530044101643243,0
0.017990924713995056,-0.029228664226681956,0.0036945006121247895,2.426030815389218,0,0.055144633928397656,5.528508991598725,0
0.008895622866933676,-0.029351355891748435,0.0034880761962070104,1.9924870502031857,0,0.030590837127434958,5.525498480827302,0
0.011515976072962536,-0.03330441835752748,0.003496408539039355,3.8922452233209337,0,0.006228050748716331,5.531969300548884,0
0.013446840759941105,-0.02864293499003744,0.0034979758544880796,2.248787054172518,0,0.03647070950549476,5.5261046458457175,0
0.013390510329158542,-0.03570902314902562,0.0035467746443427674,4.977798499576068,0,0.008679346109642602,5.536290947528402,0
0.011551033539817061,-0.02245417148610788,0.0035363044032994425,4.400827937500655,0,0.005136107319170446,5.506917749104983,0
0.008299423661613972,-0.03567091078150119,0.003412571146844354,3.5565578776924944,0,0.004761618756634736,5.515565556773558,0
0.011936819733202923,-0.029382706121856277,0.003471692154129333,4.457635305325838,0,0.008210038612612106,5.5441244476901455,0
0.012574706714746024,-0.032815157701533516,0.003322723638034229,4.4116240052436675,0,0.005570058478009944,5.532130443181815,0
0.015549358661016033,-0.03665238325720453,0.003465470015291915,2.2887807081392744,0,0.04355448697426712,5.5390372336300135,0
0.015263016813322962,-0.0380165964420595,0.0033214774072460114,2.373441622927167,0,0.06226808527642299,5.541687099257664,0
0.012632181877241869,-0.02973942419597349,0.0033252821203917002,2.299985070473483,0,0.04017582281746288,5.513556873793477,0
0.012953866854789109,-0.032372080236598745,0.0034155343668534825,4.458814597675716,0,0.005138921592972981,5.527729750619805,0
0.016426835408578318,-0.03653032450122973,0.0034370363681360937,4.998601843156672,0,0.008927173501790155,5.543245438674886,0
0.010922276408106897,-0.037095852076435926,0.003593964774724082,4.092921526285352,0,0.005738977543738986,5.52831527980044,0
0.00996578545790492,-0.028386058816623615,0.003389703127876093,2.1600180420264787,0,0.030361208325880375,5.531987230258444,0
0.013537988868475216,-0.025739041782000743,0.0035159804824780507,4.4684732985073365,0,0.008419386960768476,5.525457982506964,0
0.010100857131117781,-0.028606954024035267,0.003479398071442997,3.8272507988164532,0,0.0060972288601719845,5.527832061613408,0
0.01033584354889349,-0.028958475610604627,0.0035148993315267806,2.267157426193859,0,0.037897587236757055,5.528973204497714,0
0.01744439516996013,-0.029004165467688543,0.0034683656653827057,4.6177196372226295,0,0.008940528751626927,5.517260672686713,0
0.010711019280235719,-0.03320044820146122,0.003434991273114692,3.3527320109457968,0,0.004731851073953861,5.532870560788089,0
0.013093392204193317,-0.036473841253139204,0.003538920197198118,4.426330749389515,0,0.0052704143307470835,5.527933507588643,0
0.01167433837442823,-0.03533230901964587,0.003561562760204077,2.0619710219358938,0,0.025383854260296098,5.533226087391332,0
0.009602877058090493,-0.03079967900183153,0.0034441993232439965,3.4970399720585945,0,0.004731581011932377,5.53311036472154,0
0.01374155824130343,-0.030664269548808857,0.0034672775371697283,2.2727751484036705,0,0.04153979972810891,5.511706856158402,0
0.01477916474608746,-0.03133113180530384,0.0032942840863555787,4.919057587930275,0,0.008968633822301857,5.5383495749383425,0
0.013954260634905617,-0.022679883431762343,0.0035276950383568107,4.938658436765584,0,0.005282105282547491,5.5240986063545225,0
0.012862712901823219,-0.03200417908787419,0.003500187746291544,4.4271152933161435,0,0.005523172523989282,5.521006224541696,0
0.01722506257440786,-0.034103926265586795,0.0036652105447419815,2.354234721307774,0,0.056612564187124945,5.544210566976132,0
0.01615600956397273,-0.028503017135475466,0.0034478311002419195,2.293912309944537,0,0.042400257989390504,5.519945634494346,0
0.008980347183477299,-0.032346665690999296,0.0033588745034007095,4.409995994249195,0,0.008794565155282796,5.516159495513971,0
0.013319627189165087,-0.03253097511667304,0.0034900304967390716,4.47949224577699,0,0.00533699532040406,5.530768561225232,0
0.012456921397587,-0.03629605538307514,0.0033981790074343915,2.2761063037948257,0,0.04121465173956811,5.5283741334188905,0
0.009878386827819767,-0.03572843658766795,0.003508892036583159,2.2518020369213216,0,0.03475947878740321,5.526183777708183,0
0.011126038652228054,-0.030636327394484485,0.003359182184146771,2.286619941216664,0,0.04269401898909543,5.541887757438339,0
0.017524859350336403,-0.03030405927738974,0.0032621705450395343,5.184190799703809,0,0.009150429478829098,5.532206925104797,0
0.011406664221451007,-0.03393731350000507,0.00351233218757335,2.2869704851938115,0,0.04544285101792735,5.544111884021057,0
0.011513904859386567,-0.036399403587529175,0.0035183307592415217,3.877242210158304,0,0.007396868122905545,5.524850193660693,0
0.013280618157925812,-0.026261912815598438,0.003415984600188945,2.170327974964177,0,0.033783044590724357,5.526825624534943,0
0.008409326384670977,-0.019188545549334943,0.0035888871346010263,3.219519639529094,0,0.0052176446893142745,5.514916363944082,0
0.014706332010070232,-0.029815344620346185,0.0035534215254150953,2.3886681431310057,0,0.05488979206441643,5.526582861033273,0
0.012099378024682826,-0.028375539058859065,0.003464623096475976,2.093799515140809,0,0.03635957528379505,5.528663024691149,0
0.013029015480016108,-0.02738710560853601,0.00344279085600735,2.2985273862189564,0,0.039786952940018425,5.527703728548733,0
0.01363906851463128,-0.026410027824822574,0.0035240176294377436,2.312211439333037,0,0.03822585749880721,5.510676019907455,0
0.008914030151713194,-0.02541398490852137,0.0034850692727520435,1.973959898828722,0,0.02696914405905339,5.519238841989209,0
0.014906448070715991,-0.03658568146675171,0.003458218047441784,2.139077032308524,0,0.026485737583897682,5.53585228959075,0
0.013949008680817443,-0.035171571979570715,0.0034169157810393,4.42278547804784,0,0.008936962291326797,5.53816222385792,0
0.009393625016740619,-0.04008076384722923,0.003381799231555903,2.1154232542274287,0,0.03300692829120545,5.533493481652852,0
0.008490683168711204,-0.027297054193806514,0.0034920653433945354,4.124245179478744,0,0.005846025037124876,5.5222109711044975,0
0.015976552631337647,-0.03492366437747751,0.0034337076542481824,2.361490062977948,0,0.05548800985930894,5.543518020891405,0
0.011359771780436102,-0.03091045608631638,0.0034832478334028724,2.225402700258281,0,0.035534844258275376,5.523124648807476,0
0.01063032262952205,-0.026786003539944276,0.0035625914071940436,4.0646976785900835,0,0.00575165129356445,5.529897315729503,0
0.013661425559875921,-0.036853770054067383,0.0034340383770381433,2.383497424196371,0,0.05608088537604605,5.5332104346775495,0
0.013157902777253344,-0.03158956515165313,0.0035380336556728865,4.289236540422459,0,0.008569763408435068,5.513615229472314,0
0.01309825219315558,-0.033071133548903495,0.0032420880199037993,4.533674162358011,0,0.00812092386486179,5.546077269030855,0
0.014421136936053278,-0.026532194016845364,0.003463402611696834,4.457855047157596,0,0.005377734130454715,5.523376809900345,0
0.01611683754504968,-0.028358030882415983,0.003473914262829935,5.09777618736324,0,0.008193662631064387,5.519467869516696,0
0.009276545274260938,-0.030558450970639455,0.003372110376833236,3.400882797764981,0,0.0046315355817331,5.535123983318696,0
0.01328334247904487,-0.0351680323891351,0.003557698143778322,2.237990044722521,0,0.038263661759280115,5.530611973230165,0
0.01895464843295193,-0.03503540121618338,0.0033582296423670128,3.7156395773114084,0,0.009056448224182322,5.531963373086265,0
0.007446064774417234,-0.02845103285897029,0.0034288752698881774,4.081922138226624,0,0.005516673583058102,5.519523902135778,0
0.01382186773553052,-0.027395804702883296,0.003434028798610156,2.317622525443921,0,0.04386424226991998,5.520664791383743,0
0.014724264821948968,-0.03670976294294056,0.0034664529083454805,2.331577042826502,0,0.04165622860930018,5.529082388007997,0
0.011864732813149606,-0.029474775986185135,0.0034851664797421263,4.460917027340451,0,0.005250604946710162,5.531768876826011,0
0.012684466124452197,-0.033590184418184475,0.003556310584270935,2.199563770790163,0,0.03985514188370914,5.542551621583948,0
0.010974658338179143,-0.0323769957549177,0.0032598978842800714,2.2857643030794,0,0.04242759566534468,5.522265800016848,0
0.011001866488540159,-0.029551763240703348,0.0035038537332293647,2.2346496967855627,0,0.036507907959420494,5.532391964249887,0
0.008976871698834044,-0.03172981033219467,0.0034185296989708573,2.230808354300805,0,0.040907960847930525,5.530844160742384,0
0.019099554646842765,-0.03421247413838658,0.003551742257473646,5.0805768135309215,0,0.005299413975532752,5.535162584929698,0
0.011353774556992068,-0.031055821711510573,0.0035172715677618213,4.011963133184193,0,0.007213560183718515,5.52204754983675,0
