0,0,0,1.0
0,0,1,1.0
0,0,2,1.0
0,0,3,1.0
0,1,0,1.0
0,1,1,0.9523809523809523
0,1,2,1.0
0,1,3,1.0
0,2,0,1.0
0,2,1,0.9615384615384616
0,2,2,0.9444444444444444
0,2,3,1.0
0,3,0,1.0
0,3,1,1.0
0,3,2,0.9545454545454546
0,3,3,1.0
0,4,0,1.0
0,4,1,1.0
0,4,2,1.0
0,4,3,1.0
0,5,0,0.8666666666666667
0,5,1,1.0
0,5,2,1.0
0,5,3,1.0
0,6,0,1.0
0,6,1,0.9130434782608695
0,6,2,1.0
0,6,3,1.0
0,7,0,1.0
0,7,1,1.0
0,7,2,0.9565217391304348
0,7,3,1.0
0,8,0,0.9444444444444444
0,8,1,1.0
0,8,2,1.0
0,8,3,1.0
0,9,0,1.0
0,9,1,0.8846153846153846
0,9,2,1.0
0,9,3,1.0
1,0,0,1.0
1,0,1,0.9523809523809523
1,0,2,1.0
1,0,3,0.9090909090909091
1,1,0,1.0
1,1,1,1.0
1,1,2,1.0
1,1,3,1.0
1,2,0,1.0
1,2,1,0.9166666666666666
1,2,2,1.0
1,2,3,1.0
1,3,0,1.0
1,3,1,0.95
1,3,2,1.0
1,3,3,1.0
1,4,0,1.0
1,4,1,1.0
1,4,2,1.0
1,4,3,1.0
1,5,0,0.9411764705882353
1,5,1,0.9375
1,5,2,1.0
1,5,3,1.0
1,6,0,1.0
1,6,1,1.0
1,6,2,1.0
1,6,3,1.0
1,7,0,1.0
1,7,1,0.9090909090909091
1,7,2,1.0
1,7,3,1.0
1,8,0,1.0
1,8,1,1.0
1,8,2,1.0
1,8,3,1.0
1,9,0,1.0
1,9,1,1.0
1,9,2,1.0
1,9,3,1.0
2,0,0,1.0
2,0,1,1.0
2,0,2,0.9629629629629629
2,0,3,1.0
2,1,0,1.0
2,1,1,0.9047619047619048
2,1,2,1.0
2,1,3,1.0
2,2,0,0.8888888888888888
2,2,1,1.0
2,2,2,1.0
2,2,3,1.0
2,3,0,1.0
2,3,1,1.0
2,3,2,1.0
2,3,3,1.0
2,4,0,1.0
2,4,1,1.0
2,4,2,1.0
2,4,3,1.0
2,5,0,1.0
2,5,1,0.96
2,5,2,1.0
2,5,3,1.0
2,6,0,1.0
2,6,1,0.95
2,6,2,0.9473684210526315
2,6,3,1.0
2,7,0,1.0
2,7,1,1.0
2,7,2,1.0
2,7,3,1.0
2,8,0,1.0
2,8,1,1.0
2,8,2,1.0
2,8,3,0.9411764705882353
2,9,0,1.0
2,9,1,1.0
2,9,2,1.0
2,9,3,1.0
3,0,0,1.0
3,0,1,0.9642857142857143
3,0,2,1.0
3,0,3,1.0
3,1,0,1.0
3,1,1,0.96
3,1,2,1.0
3,1,3,1.0
3,2,0,1.0
3,2,1,1.0
3,2,2,0.9473684210526315
3,2,3,1.0
3,3,0,1.0
3,3,1,0.9375
3,3,2,1.0
3,3,3,1.0
3,4,0,1.0
3,4,1,0.9285714285714286
3,4,2,1.0
3,4,3,1.0
3,5,0,1.0
3,5,1,0.9473684210526315
3,5,2,0.95
3,5,3,1.0
3,6,0,1.0
3,6,1,1.0
3,6,2,1.0
3,6,3,1.0
3,7,0,1.0
3,7,1,1.0
3,7,2,1.0
3,7,3,0.8571428571428571
3,8,0,1.0
3,8,1,1.0
3,8,2,1.0
3,8,3,0.9333333333333333
3,9,0,1.0
3,9,1,1.0
3,9,2,1.0
3,9,3,1.0
4,0,0,1.0
4,0,1,1.0
4,0,2,1.0
4,0,3,1.0
4,1,0,1.0
4,1,1,1.0
4,1,2,1.0
4,1,3,1.0
4,2,0,1.0
4,2,1,0.96
4,2,2,0.9375
4,2,3,1.0
4,3,0,1.0
4,3,1,1.0
4,3,2,1.0
4,3,3,1.0
4,4,0,1.0
4,4,1,0.9259259259259259
4,4,2,1.0
4,4,3,1.0
4,5,0,1.0
4,5,1,0.9285714285714286
4,5,2,0.9583333333333334
4,5,3,1.0
4,6,0,1.0
4,6,1,0.8636363636363636
4,6,2,1.0
4,6,3,1.0
4,7,0,1.0
4,7,1,0.9583333333333334
4,7,2,1.0
4,7,3,1.0
4,8,0,1.0
4,8,1,0.9285714285714286
4,8,2,1.0
4,8,3,1.0
4,9,0,1.0
4,9,1,1.0
4,9,2,1.0
4,9,3,1.0
5,0,0,1.0
5,0,1,1.0
5,0,2,0.95
5,0,3,1.0
5,1,0,1.0
5,1,1,0.95
5,1,2,1.0
5,1,3,1.0
5,2,0,1.0
5,2,1,0.9375
5,2,2,1.0
5,2,3,1.0
5,3,0,1.0
5,3,1,0.9523809523809523
5,3,2,1.0
5,3,3,1.0
5,4,0,0.95
5,4,1,1.0
5,4,2,1.0
5,4,3,1.0
5,5,0,1.0
5,5,1,0.9375
5,5,2,1.0
5,5,3,1.0
5,6,0,0.95
5,6,1,1.0
5,6,2,0.8421052631578947
5,6,3,1.0
5,7,0,1.0
5,7,1,0.9444444444444444
5,7,2,1.0
5,7,3,1.0
5,8,0,0.9615384615384616
5,8,1,1.0
5,8,2,1.0
5,8,3,1.0
5,9,0,1.0
5,9,1,1.0
5,9,2,1.0
5,9,3,1.0
6,0,0,1.0
6,0,1,1.0
6,0,2,0.95
6,0,3,1.0
6,1,0,1.0
6,1,1,0.9444444444444444
6,1,2,1.0
6,1,3,1.0
6,2,0,1.0
6,2,1,0.9285714285714286
6,2,2,1.0
6,2,3,1.0
6,3,0,1.0
6,3,1,0.9523809523809523
6,3,2,1.0
6,3,3,1.0
6,4,0,1.0
6,4,1,0.96
6,4,2,1.0
6,4,3,1.0
6,5,0,0.9444444444444444
6,5,1,1.0
6,5,2,0.95
6,5,3,1.0
6,6,0,1.0
6,6,1,1.0
6,6,2,0.9285714285714286
6,6,3,1.0
6,7,0,1.0
6,7,1,0.9473684210526315
6,7,2,1.0
6,7,3,1.0
6,8,0,1.0
6,8,1,1.0
6,8,2,1.0
6,8,3,1.0
6,9,0,1.0
6,9,1,1.0
6,9,2,1.0
6,9,3,1.0
7,0,0,1.0
7,0,1,0.9444444444444444
7,0,2,1.0
7,0,3,1.0
7,1,0,0.9629629629629629
7,1,1,1.0
7,1,2,1.0
7,1,3,1.0
7,2,0,0.95
7,2,1,1.0
7,2,2,0.9583333333333334
7,2,3,1.0
7,3,0,1.0
7,3,1,1.0
7,3,2,1.0
7,3,3,1.0
7,4,0,0.9259259259259259
7,4,1,1.0
7,4,2,1.0
7,4,3,1.0
7,5,0,0.95
7,5,1,1.0
7,5,2,1.0
7,5,3,1.0
7,6,0,1.0
7,6,1,0.9130434782608695
7,6,2,1.0
7,6,3,1.0
7,7,0,1.0
7,7,1,0.9523809523809523
7,7,2,1.0
7,7,3,1.0
7,8,0,1.0
7,8,1,1.0
7,8,2,1.0
7,8,3,1.0
7,9,0,1.0
7,9,1,0.95
7,9,2,1.0
7,9,3,1.0
8,0,0,0.95
8,0,1,1.0
8,0,2,1.0
8,0,3,1.0
8,1,0,1.0
8,1,1,1.0
8,1,2,0.9523809523809523
8,1,3,1.0
8,2,0,1.0
8,2,1,0.9090909090909091
8,2,2,1.0
8,2,3,1.0
8,3,0,1.0
8,3,1,0.9130434782608695
8,3,2,1.0
8,3,3,1.0
8,4,0,0.9523809523809523
8,4,1,0.9545454545454546
8,4,2,1.0
8,4,3,1.0
8,5,0,1.0
8,5,1,1.0
8,5,2,1.0
8,5,3,1.0
8,6,0,1.0
8,6,1,0.96875
8,6,2,1.0
8,6,3,1.0
8,7,0,1.0
8,7,1,1.0
8,7,2,1.0
8,7,3,1.0
8,8,0,1.0
8,8,1,0.9411764705882353
8,8,2,1.0
8,8,3,1.0
8,9,0,1.0
8,9,1,1.0
8,9,2,1.0
8,9,3,1.0
9,0,0,0.9523809523809523
9,0,1,1.0
9,0,2,1.0
9,0,3,1.0
9,1,0,1.0
9,1,1,0.8947368421052632
9,1,2,1.0
9,1,3,1.0
9,2,0,1.0
9,2,1,0.9411764705882353
9,2,2,1.0
9,2,3,1.0
9,3,0,1.0
9,3,1,0.9565217391304348
9,3,2,1.0
9,3,3,1.0
9,4,0,1.0
9,4,1,1.0
9,4,2,1.0
9,4,3,1.0
9,5,0,0.9629629629629629
9,5,1,1.0
9,5,2,1.0
9,5,3,1.0
9,6,0,1.0
9,6,1,1.0
9,6,2,1.0
9,6,3,1.0
9,7,0,1.0
9,7,1,0.8823529411764706
9,7,2,0.9565217391304348
9,7,3,1.0
9,8,0,1.0
9,8,1,0.9333333333333333
9,8,2,1.0
9,8,3,1.0
9,9,0,1.0
9,9,1,1.0
9,9,2,1.0
9,9,3,1.0
